4126.50602340699  4.610812E-18
4130.02007961274  7.228615E-18
4133.53413581849  1.120738E-17
4137.04819202424  1.324075E-17
4140.56224822999  9.443323E-18
4144.07630443574  9.541956E-18
4147.59036064149  8.646443E-18
4151.10441684724  6.770054E-18
4154.61847305299  7.995800E-18
4158.13252925874  1.244994E-17
4161.64658546449  1.438879E-17
4165.16064167024  1.005050E-17
4168.67469787599  6.878335E-18
4172.18875408173  9.131413E-18
4175.70281028748  9.763892E-18
4179.21686649323  9.646211E-18
4182.73092269898  1.165694E-17
4186.24497890473  1.126128E-17
4189.75903511048  1.137298E-17
4193.27309131623  1.200128E-17
4196.78714752198  1.114203E-17
4200.30120372773  1.124784E-17
4203.81525993348  1.345160E-17
4207.32931613923  1.366928E-17
4210.84337234498  1.243436E-17
4214.35742855073  1.349458E-17
4217.87148475648  1.625029E-17
4221.38554096223  1.749537E-17
4224.89959716798  1.591593E-17
4228.41365337373  1.584468E-17
4231.92770957948  1.341963E-17
4235.44176578523  1.289972E-17
4238.95582199098  1.348591E-17
4242.46987819673  1.186775E-17
4245.98393440248  1.264126E-17
4249.49799060822  1.531437E-17
4253.01204681397  1.721602E-17
4256.52610301972  1.432719E-17
4260.04015922547  1.048102E-17
4263.55421543122  1.015914E-17
4267.06827163697  1.276338E-17
4270.58232784272  1.276572E-17
4274.09638404847  1.312077E-17
4277.61044025422  1.539818E-17
4281.12449645997  1.355876E-17
4284.63855266572  1.264010E-17
4288.15260887147  1.623006E-17
4291.66666507722  1.608573E-17
4295.18072128297  1.437949E-17
4298.69477748872  1.597664E-17
4302.20883369447  1.429968E-17
4305.72288990022  1.415764E-17
4309.23694610597  1.596317E-17
4312.75100231172  1.308236E-17
4316.26505851746  1.213300E-17
4319.77911472321  1.410877E-17
4323.29317092896  1.726269E-17
4326.80722713471  1.833402E-17
4330.32128334046  1.527385E-17
4333.83533954621  1.478290E-17
4337.34939575196  1.462282E-17
4340.86345195771  1.440432E-17
4344.37750816346  1.735350E-17
4347.89156436921  1.611024E-17
4351.40562057496  1.288054E-17
4354.91967678071  1.327530E-17
4358.43373298646  1.372915E-17
4361.94778919221  1.508524E-17
4365.46184539796  1.762115E-17
4368.97590160371  1.729018E-17
4372.48995780946  1.532190E-17
4376.00401401521  1.577722E-17
4379.51807022096  1.683375E-17
4383.03212642671  1.765385E-17
4386.54618263246  1.704005E-17
4390.0602388382  1.368063E-17
4393.57429504396  1.391301E-17
4397.0883512497  1.706714E-17
4400.60240745545  1.646935E-17
4404.1164636612  1.583622E-17
4407.63051986695  1.686766E-17
4411.1445760727  1.764527E-17
4414.65863227845  1.679824E-17
4418.1726884842  1.659508E-17
4421.68674468995  1.720379E-17
4425.2008008957  1.536564E-17
4428.71485710145  1.478256E-17
4432.2289133072  1.864503E-17
4435.74296951295  1.786158E-17
4439.2570257187  1.596782E-17
4442.77108192445  1.644014E-17
4446.2851381302  1.776859E-17
4449.79919433595  2.037112E-17
4453.3132505417  2.101792E-17
4456.82730674745  2.292627E-17
4460.3413629532  2.325027E-17
4463.85541915894  2.174135E-17
4467.36947536469  2.106881E-17
4470.88353157044  2.126771E-17
4474.39758777619  1.934136E-17
4477.91164398194  1.599067E-17
4481.42570018769  1.893579E-17
4484.93975639344  2.267812E-17
4488.45381259919  2.281506E-17
4491.96786880494  2.050769E-17
4495.48192501069  1.849306E-17
4498.99598121644  2.028979E-17
4502.51003742219  2.126987E-17
4506.02409362794  1.987768E-17
4509.53814983369  1.911162E-17
4513.05220603944  1.917090E-17
4516.56626224519  2.075082E-17
4520.08031845094  2.119903E-17
4523.59437465669  2.121022E-17
4527.10843086244  2.080113E-17
4530.62248706818  1.887092E-17
4534.13654327394  1.984717E-17
4537.65059947968  2.334159E-17
4541.16465568543  2.497950E-17
4544.67871189118  2.283471E-17
4548.19276809693  1.963722E-17
4551.70682430268  1.870399E-17
4555.22088050843  1.948519E-17
4558.73493671418  2.171505E-17
4562.24899291993  2.346511E-17
4565.76304912568  2.245137E-17
4569.27710533143  2.015893E-17
4572.79116153718  1.864140E-17
4576.30521774293  1.878284E-17
4579.81927394868  1.847452E-17
4583.33333015443  1.866711E-17
4586.84738636018  1.949911E-17
4590.36144256593  1.926176E-17
4593.87549877168  1.855890E-17
4597.38955497743  1.875872E-17
4600.90361118318  1.948852E-17
4604.41766738893  1.771181E-17
4607.93172359468  1.746834E-17
4611.44577980043  1.894405E-17
4614.95983600617  1.844121E-17
4618.47389221192  1.765093E-17
4621.98794841767  1.622199E-17
4625.50200462342  1.691818E-17
4629.01606082917  1.968042E-17
4632.53011703492  2.096140E-17
4636.04417324067  1.976200E-17
4639.55822944642  1.788837E-17
4643.07228565217  1.766648E-17
4646.58634185792  1.823344E-17
4650.10039806367  2.107715E-17
4653.61445426942  2.139939E-17
4657.12851047517  2.017469E-17
4660.64256668092  1.972064E-17
4664.15662288667  1.896639E-17
4667.67067909242  1.858063E-17
4671.18473529817  1.819039E-17
4674.69879150392  1.784295E-17
4678.21284770967  1.713424E-17
4681.72690391542  1.782521E-17
4685.24096012117  2.066637E-17
4688.75501632691  2.066940E-17
4692.26907253266  1.823769E-17
4695.78312873841  1.677517E-17
4699.29718494416  1.780044E-17
4702.81124114991  1.990201E-17
4706.32529735566  2.002479E-17
4709.83935356141  1.844887E-17
4713.35340976716  1.758373E-17
4716.86746597291  1.725422E-17
4720.38152217866  1.763498E-17
4723.89557838441  1.823114E-17
4727.40963459016  1.931287E-17
4730.92369079591  1.994040E-17
4734.43774700166  1.918604E-17
4737.95180320741  1.869455E-17
4741.46585941316  1.884591E-17
4744.97991561891  1.802577E-17
4748.49397182466  1.651598E-17
4752.00802803041  1.622487E-17
4755.52208423616  1.725759E-17
4759.03614044191  1.859028E-17
4762.55019664765  1.974466E-17
4766.0642528534  2.052034E-17
4769.57830905915  2.131377E-17
4773.0923652649  2.197567E-17
4776.60642147065  2.232415E-17
4780.1204776764  2.150761E-17
4783.63453388215  1.864374E-17
4787.1485900879  1.741162E-17
4790.66264629365  1.903105E-17
4794.1767024994  1.982895E-17
4797.69075870515  2.061797E-17
4801.2048149109  2.093144E-17
4804.71887111665  2.060737E-17
4808.2329273224  2.154956E-17
4811.74698352815  1.995997E-17
4815.2610397339  1.790749E-17
4818.77509593965  1.839073E-17
4822.2891521454  1.994943E-17
4825.80320835115  2.071123E-17
4829.31726455689  2.189950E-17
4832.83132076264  2.209426E-17
4836.34537696839  2.044603E-17
4839.85943317414  1.966320E-17
4843.37348937989  1.969102E-17
4846.88754558564  2.071479E-17
4850.40160179139  2.123725E-17
4853.91565799714  1.983205E-17
4857.42971420289  1.837427E-17
4860.94377040864  1.888061E-17
4864.45782661439  1.988548E-17
4867.97188282014  1.950242E-17
4871.48593902589  1.893912E-17
4874.99999523164  1.970443E-17
4878.51405143739  2.024999E-17
4882.02810764314  2.094179E-17
4885.54216384889  2.003334E-17
4889.05622005464  1.860325E-17
4892.57027626039  1.898342E-17
4896.08433246614  1.729621E-17
4899.59838867189  1.627569E-17
4903.11244487763  1.866229E-17
4906.62650108339  1.956771E-17
4910.14055728913  1.943102E-17
4913.65461349488  1.933233E-17
4917.16866970063  1.871356E-17
4920.68272590638  1.908740E-17
4924.19678211213  1.895307E-17
4927.71083831788  1.672912E-17
4931.22489452363  1.565443E-17
4934.73895072938  1.596097E-17
4938.25300693513  1.834596E-17
4941.76706314088  1.959352E-17
4945.28111934663  1.794258E-17
4948.79517555238  1.734097E-17
4952.30923175813  1.757611E-17
4955.82328796388  1.748900E-17
4959.33734416963  1.681700E-17
4962.85140037538  1.680680E-17
4966.36545658113  1.757447E-17
4969.87951278688  1.657377E-17
4973.39356899263  1.532251E-17
4976.90762519837  1.713772E-17
4980.42168140412  1.874458E-17
4983.93573760987  1.752258E-17
4987.44979381562  1.568246E-17
4990.96385002137  1.600213E-17
4994.47790622712  1.760930E-17
4997.99196243287  1.697240E-17
5001.50601863862  1.564900E-17
5005.02007484437  1.628995E-17
5008.53413105012  1.822538E-17
5012.04818725587  1.894736E-17
5015.56224346162  1.782655E-17
5019.07629966737  1.617830E-17
5022.59035587312  1.613530E-17
5026.10441207887  1.613776E-17
5029.61846828462  1.688740E-17
5033.13252449037  1.755853E-17
5036.64658069612  1.746466E-17
5040.16063690187  1.690639E-17
5043.67469310762  1.687824E-17
5047.18874931337  1.749105E-17
5050.70280551911  1.782457E-17
5054.21686172486  1.883966E-17
5057.73091793061  1.931428E-17
5061.24497413636  1.968327E-17
5064.75903034211  2.013079E-17
5068.27308654786  1.948745E-17
5071.78714275361  1.854640E-17
5075.30119895936  1.757286E-17
5078.81525516511  1.773507E-17
5082.32931137086  1.795704E-17
5085.84336757661  1.754540E-17
5089.35742378236  1.771259E-17
5092.87147998811  1.829594E-17
5096.38553619386  1.981100E-17
5099.89959239961  2.088714E-17
5103.41364860536  1.914338E-17
5106.92770481111  1.731549E-17
5110.44176101686  1.759148E-17
5187.75099754335  1.715553E-17
5191.26505374909  1.662108E-17
5194.77910995484  1.733534E-17
5198.2931661606  1.685660E-17
5201.80722236634  1.505398E-17
5205.32127857209  1.517660E-17
5208.83533477784  1.644076E-17
5212.34939098359  1.714190E-17
5215.86344718934  1.740036E-17
5219.37750339509  1.728736E-17
5222.89155960084  1.674464E-17
5226.40561580659  1.654633E-17
5229.91967201234  1.740856E-17
5233.43372821809  1.747959E-17
5236.94778442384  1.555826E-17
5240.46184062959  1.541629E-17
5243.97589683534  1.637647E-17
5247.48995304109  1.688243E-17
5251.00400924684  1.682642E-17
5254.51806545259  1.595465E-17
5258.03212165834  1.570224E-17
5261.54617786409  1.646173E-17
5265.06023406983  1.694259E-17
5268.57429027558  1.743138E-17
5272.08834648133  1.766374E-17
5275.60240268708  1.707572E-17
5279.11645889283  1.724476E-17
5282.63051509858  1.801124E-17
5286.14457130433  1.810108E-17
5289.65862751008  1.767873E-17
5293.17268371583  1.664176E-17
5296.68673992158  1.693180E-17
5300.20079612733  1.817345E-17
5303.71485233308  1.798324E-17
5307.22890853883  1.652554E-17
5310.74296474458  1.651729E-17
5314.25702095033  1.777773E-17
5317.77107715608  1.652049E-17
5321.28513336183  1.518064E-17
5324.79918956758  1.641850E-17
5328.31324577333  1.702258E-17
5331.82730197908  1.727780E-17
5335.34135818482  1.771411E-17
5338.85541439057  1.712618E-17
5342.36947059632  1.647134E-17
5345.88352680207  1.688460E-17
5349.39758300782  1.769251E-17
5352.91163921357  1.816239E-17
5356.42569541932  1.845575E-17
5359.93975162507  1.820033E-17
5363.45380783082  1.720689E-17
5366.96786403657  1.697955E-17
5370.48192024232  1.834115E-17
5373.99597644807  1.850381E-17
5377.51003265382  1.840088E-17
5381.02408885957  1.832255E-17
5384.53814506532  1.800346E-17
5388.05220127107  1.853596E-17
5391.56625747682  1.852010E-17
5395.08031368257  1.900069E-17
5398.59436988832  1.947807E-17
5402.10842609407  1.915007E-17
5405.62248229981  1.895047E-17
5409.13653850557  1.934046E-17
5412.65059471132  1.940811E-17
5416.16465091706  1.877893E-17
5419.67870712282  1.813344E-17
5423.19276332856  1.854484E-17
5426.70681953431  2.009307E-17
5430.22087574006  1.960328E-17
5433.73493194581  1.800622E-17
5437.24898815156  1.781851E-17
5440.76304435731  1.835916E-17
5444.27710056306  1.826290E-17
5447.79115676881  1.840871E-17
5451.30521297456  1.742837E-17
5454.81926918031  1.688929E-17
5458.33332538606  1.732048E-17
5461.84738159181  1.857953E-17
5465.36143779756  1.903038E-17
5468.87549400331  1.819033E-17
5472.38955020906  1.817647E-17
5475.90360641481  1.744359E-17
5479.41766262056  1.709069E-17
5482.93171882631  1.747081E-17
5486.44577503205  1.782951E-17
5489.95983123781  1.907677E-17
5493.47388744355  1.881854E-17
5496.9879436493  1.803555E-17
5500.50199985505  1.718522E-17
5504.0160560608  1.679921E-17
5507.53011226655  1.758350E-17
5511.0441684723  1.584238E-17
5514.55822467805  1.619724E-17
5518.0722808838  1.861209E-17
5521.58633708955  1.672196E-17
5525.1003932953  1.607557E-17
5528.61444950105  1.654243E-17
5532.1285057068  1.582877E-17
5535.64256191255  1.650644E-17
5539.1566181183  1.736422E-17
5542.67067432405  1.648092E-17
5546.1847305298  1.677232E-17
5549.69878673555  1.692762E-17
5553.2128429413  1.618860E-17
5556.72689914705  1.673941E-17
5560.24095535279  1.675482E-17
5563.75501155855  1.667609E-17
5567.26906776429  1.570856E-17
5570.78312397004  1.680167E-17
5574.29718017579  1.876979E-17
5577.81123638154  1.672167E-17
5581.32529258729  1.680047E-17
5584.83934879304  1.757571E-17
5588.35340499879  1.697923E-17
5591.86746120454  1.692086E-17
5595.38151741029  1.758189E-17
5598.89557361604  1.759080E-17
5602.40962982179  1.815966E-17
5605.92368602754  1.797290E-17
5609.43774223329  1.787893E-17
5612.95179843904  1.773212E-17
5616.46585464479  1.686507E-17
5619.97991085054  1.661270E-17
5623.49396705629  1.619357E-17
5627.00802326204  1.676897E-17
5630.52207946779  1.703225E-17
5634.03613567354  1.716552E-17
5637.55019187928  1.747722E-17
5641.06424808503  1.795718E-17
5644.57830429078  1.760368E-17
5648.09236049653  1.667223E-17
5651.60641670228  1.691424E-17
5655.12047290803  1.720509E-17
5658.63452911378  1.730859E-17
5662.14858531953  1.731693E-17
5665.66264152528  1.833452E-17
5669.17669773103  1.983510E-17
5672.69075393678  1.972423E-17
5676.20481014253  1.970424E-17
5679.71886634828  2.031474E-17
5683.23292255403  2.023975E-17
5686.74697875978  1.984044E-17
5690.26103496553  1.849413E-17
5693.77509117128  1.806779E-17
5697.28914737703  1.787787E-17
5700.80320358278  1.744328E-17
5704.31725978853  1.741437E-17
5707.83131599427  1.772338E-17
5711.34537220002  1.778424E-17
5714.85942840577  1.779879E-17
5718.37348461152  1.776609E-17
5721.88754081727  1.740535E-17
5725.40159702302  1.672365E-17
5728.91565322877  1.685057E-17
5732.42970943452  1.769245E-17
5735.94376564027  1.874980E-17
5739.45782184602  1.878243E-17
5742.97187805177  1.846674E-17
5746.48593425752  1.834085E-17
5749.99999046327  1.828919E-17
5753.51404666902  1.820166E-17
5757.02810287477  1.767730E-17
5760.54215908052  1.745716E-17
5764.05621528627  1.743246E-17
5767.57027149202  1.740571E-17
5771.08432769777  1.756248E-17
5774.59838390351  1.780659E-17
5778.11244010927  1.802821E-17
5781.62649631502  1.776239E-17
5785.14055252076  1.641943E-17
5788.65460872651  1.521119E-17
5792.16866493226  1.516358E-17
5795.68272113801  1.591627E-17
5799.19677734376  1.677594E-17
5802.71083354951  1.672537E-17
5806.22488975526  1.637439E-17
5809.73894596101  1.643790E-17
5813.25300216676  1.625534E-17
5816.76705837251  1.606565E-17
5820.28111457826  1.538200E-17
5823.79517078401  1.599385E-17
5827.30922698976  1.580740E-17
5830.82328319551  1.556251E-17
5834.33733940126  1.552339E-17
5837.85139560701  1.540282E-17
5841.36545181276  1.573876E-17
5844.87950801851  1.553825E-17
5848.39356422425  1.620746E-17
5851.90762043  1.665743E-17
5855.42167663575  1.638421E-17
5858.9357328415  1.718876E-17
5862.44978904725  1.666493E-17
5865.963845253  1.695696E-17
5869.47790145875  1.706061E-17
5872.9919576645  1.521499E-17
5876.50601387025  1.618176E-17
5880.020070076  1.704170E-17
5883.53412628175  1.625610E-17
5887.0481824875  1.671211E-17
5890.56223869325  1.814654E-17
5894.076294899  1.757553E-17
5897.59035110475  1.715583E-17
5901.1044073105  1.772629E-17
5904.61846351625  1.809148E-17
5908.132519722  1.852590E-17
5911.64657592775  1.883423E-17
5915.1606321335  1.826315E-17
5918.67468833925  1.700251E-17
5922.188744545  1.678597E-17
5925.70280075074  1.783318E-17
5929.21685695649  1.742561E-17
5932.73091316224  1.862111E-17
5936.24496936799  1.934118E-17
5939.75902557374  1.810744E-17
5943.27308177949  1.779468E-17
5946.78713798524  1.806656E-17
5950.30119419099  1.901805E-17
5953.81525039674  2.172126E-17
5957.32930660249  2.073714E-17
5960.84336280824  1.876927E-17
5964.35741901399  1.865532E-17
5967.87147521974  1.890325E-17
5971.38553142549  1.933367E-17
5974.89958763124  1.897430E-17
5978.41364383699  1.945162E-17
5981.92770004274  1.984274E-17
5985.44175624849  1.944286E-17
5988.95581245423  1.917323E-17
5992.46986865998  1.877057E-17
5995.98392486574  1.876957E-17
5999.49798107148  1.976572E-17
6003.01203727723  1.928247E-17
6006.52609348298  1.908857E-17
6010.04014968873  1.999814E-17
6013.55420589448  1.892864E-17
6017.06826210023  1.813613E-17
6020.58231830598  1.898117E-17
6024.09637451173  1.815120E-17
6027.61043071748  1.851729E-17
6031.12448692323  2.005871E-17
6034.63854312898  1.928188E-17
6038.15259933473  1.874184E-17
6041.66665554048  1.878637E-17
6045.18071174623  1.869994E-17
6048.69476795198  1.860588E-17
6052.20882415773  1.876137E-17
6055.72288036348  1.878994E-17
6059.23693656923  1.877686E-17
6062.75099277497  1.805478E-17
6066.26504898072  1.745111E-17
6069.77910518648  1.784102E-17
6073.29316139222  1.825094E-17
6076.80721759797  1.827070E-17
6080.32127380372  1.752163E-17
6083.83533000947  1.704387E-17
6087.34938621522  1.693294E-17
6090.86344242097  1.627454E-17
6094.37749862672  1.663080E-17
6097.89155483247  1.717968E-17
6101.40561103822  1.555230E-17
6104.91966724397  1.622335E-17
6108.43372344972  1.736274E-17
6111.94777965547  1.691190E-17
6115.46183586122  1.633469E-17
6118.97589206697  1.563163E-17
6122.48994827272  1.570577E-17
6126.00400447847  1.651185E-17
6129.51806068422  1.641783E-17
6133.03211688997  1.648535E-17
6136.54617309572  1.675219E-17
6140.06022930146  1.665701E-17
6143.57428550721  1.680763E-17
6147.08834171296  1.657526E-17
6150.60239791871  1.745055E-17
6154.11645412446  1.777404E-17
6157.63051033021  1.685143E-17
6161.14456653596  1.699994E-17
6164.65862274171  1.738733E-17
6168.17267894746  1.726410E-17
6171.68673515321  1.820885E-17
6175.20079135896  1.788265E-17
6178.71484756471  1.830899E-17
6182.22890377046  1.818553E-17
6185.74295997621  1.745095E-17
6189.25701618196  1.741273E-17
6192.77107238771  1.771129E-17
6196.28512859346  1.780034E-17
6199.79918479921  1.876845E-17
6203.31324100496  1.876901E-17
6206.8272972107  1.851727E-17
6210.34135341646  1.855215E-17
6213.8554096222  1.826260E-17
6217.36946582795  1.841093E-17
6220.8835220337  1.783182E-17
6224.39757823945  1.766419E-17
6227.9116344452  1.884971E-17
6231.42569065095  2.020593E-17
6234.9397468567  1.900292E-17
6238.45380306245  1.860292E-17
6241.9678592682  1.824989E-17
6245.48191547395  1.786064E-17
6248.9959716797  1.779620E-17
6252.51002788545  1.717192E-17
6256.0240840912  1.735320E-17
6259.53814029695  1.784847E-17
6263.0521965027  1.782518E-17
6266.56625270845  1.713931E-17
6270.0803089142  1.633982E-17
6273.59436511995  1.600669E-17
6277.10842132569  1.676539E-17
6280.62247753145  1.798758E-17
6284.1365337372  1.841106E-17
6287.65058994294  1.875824E-17
6291.16464614869  1.823441E-17
6294.67870235444  1.612320E-17
6298.19275856019  1.664471E-17
6301.70681476594  1.652163E-17
6305.22087097169  1.554695E-17
6308.73492717744  1.661432E-17
6312.24898338319  1.758866E-17
6315.76303958894  1.724002E-17
6319.27709579469  1.663947E-17
6322.79115200044  1.709442E-17
6326.30520820619  1.717882E-17
6329.81926441194  1.679834E-17
6333.33332061769  1.657828E-17
6336.84737682344  1.658185E-17
6340.36143302919  1.715952E-17
6343.87548923494  1.670838E-17
6347.38954544069  1.727609E-17
6350.90360164643  1.799855E-17
6354.41765785218  1.687839E-17
6357.93171405793  1.632599E-17
6361.44577026368  1.587418E-17
6364.95982646943  1.642719E-17
6368.47388267518  1.665104E-17
6371.98793888093  1.682099E-17
6375.50199508668  1.691776E-17
6379.01605129243  1.684502E-17
6382.53010749818  1.611283E-17
6386.04416370393  1.582926E-17
6389.55821990968  1.641266E-17
6393.07227611543  1.689589E-17
6396.58633232118  1.618851E-17
6400.10038852693  1.596402E-17
6403.61444473268  1.642041E-17
6407.12850093843  1.632105E-17
6410.64255714418  1.585371E-17
6414.15661334993  1.605081E-17
6417.67066955568  1.560114E-17
6421.18472576143  1.543948E-17
6424.69878196718  1.502321E-17
6428.21283817292  1.516442E-17
6431.72689437867  1.537784E-17
6435.24095058443  1.563028E-17
6438.75500679017  1.561039E-17
6442.26906299592  1.452887E-17
6445.78311920167  1.424398E-17
6449.29717540742  1.492117E-17
6452.81123161317  1.473967E-17
6456.32528781892  1.474015E-17
6459.83934402467  1.483216E-17
6463.35340023042  1.459827E-17
6466.86745643617  1.429811E-17
6470.38151264192  1.415525E-17
6473.89556884767  1.402330E-17
6477.40962505342  1.364283E-17
6480.92368125917  1.382435E-17
6484.43773746492  1.425318E-17
6487.95179367067  1.359815E-17
6491.46584987642  1.326912E-17
6494.97990608217  1.358655E-17
6498.49396228792  1.355968E-17
6502.00801849366  1.325887E-17
6505.52207469941  1.325859E-17
6509.03613090516  1.333316E-17
6512.55018711091  1.351354E-17
6516.06424331666  1.330166E-17
6519.57829952241  1.306606E-17
6523.09235572816  1.237662E-17
6526.60641193391  1.231232E-17
6530.12046813966  1.312925E-17
6533.63452434541  1.349431E-17
6537.14858055116  1.323996E-17
6540.66263675691  1.335810E-17
6544.17669296266  1.346414E-17
6547.69074916841  1.320546E-17
6551.20480537416  1.313816E-17
6554.71886157991  1.287633E-17
6558.23291778566  1.280977E-17
6561.74697399141  1.219993E-17
6565.26103019715  1.182064E-17
6568.7750864029  1.196118E-17
6572.28914260865  1.213174E-17
6575.8031988144  1.309194E-17
6579.31725502015  1.235994E-17
6582.8313112259  1.258500E-17
6586.34536743165  1.268212E-17
6589.8594236374  1.239797E-17
6593.37347984315  1.291050E-17
6596.8875360489  1.356218E-17
6600.40159225465  1.293982E-17
6603.9156484604  1.277590E-17
6607.42970466615  1.393560E-17
6610.9437608719  1.381772E-17
6614.45781707765  1.242685E-17
6617.9718732834  1.308875E-17
6621.48592948915  1.371866E-17
6624.9999856949  1.380031E-17
6628.51404190065  1.377046E-17
6632.0280981064  1.367843E-17
6635.54215431215  1.363857E-17
6639.0562105179  1.386259E-17
6642.57026672364  1.416424E-17
6646.08432292939  1.406027E-17
6649.59837913515  1.431470E-17
6653.11243534089  1.398275E-17
6656.62649154664  1.358697E-17
6660.14054775239  1.396401E-17
6663.65460395814  1.406282E-17
6667.16866016389  1.440098E-17
6670.68271636964  1.412514E-17
6674.19677257539  1.426104E-17
6677.71082878114  1.437537E-17
6681.22488498689  1.435816E-17
6684.73894119264  1.431119E-17
6688.25299739839  1.424431E-17
6691.76705360414  1.462420E-17
6695.28110980989  1.460427E-17
6698.79516601564  1.456379E-17
6702.30922222139  1.439823E-17
6705.82327842714  1.439227E-17
6709.33733463288  1.426147E-17
6712.85139083864  1.443472E-17
6716.36544704439  1.403236E-17
6719.87950325013  1.462935E-17
6723.39355945588  1.480530E-17
6726.90761566163  1.470801E-17
6730.42167186738  1.419695E-17
6733.93572807313  1.436427E-17
6737.44978427888  1.485917E-17
6740.96384048463  1.484037E-17
6744.47789669038  1.421600E-17
6747.99195289613  1.381969E-17
6751.50600910188  1.374362E-17
6755.02006530763  1.424887E-17
6758.53412151338  1.428480E-17
6762.04817771913  1.346594E-17
6765.56223392488  1.405968E-17
6769.07629013063  1.340037E-17
6772.59034633638  1.275136E-17
6776.10440254213  1.329484E-17
6779.61845874787  1.431996E-17
6783.13251495362  1.420720E-17
6786.64657115938  1.366160E-17
6790.16062736512  1.376147E-17
6793.67468357087  1.344897E-17
6797.18873977662  1.361169E-17
6800.70279598237  1.363515E-17
6804.21685218812  1.387847E-17
6807.73090839387  1.371530E-17
6811.24496459962  1.358072E-17
6814.75902080537  1.441748E-17
6818.27307701112  1.389910E-17
6821.78713321687  1.394470E-17
6825.30118942262  1.468736E-17
6828.81524562837  1.511391E-17
6832.32930183412  1.422986E-17
6835.84335803987  1.424362E-17
6839.35741424562  1.356988E-17
6842.87147045137  1.392652E-17
6846.38552665712  1.477518E-17
6849.89958286287  1.390828E-17
6853.41363906862  1.333902E-17
6856.92769527437  1.294444E-17
6860.44175148011  1.279590E-17
6863.95580768586  1.199275E-17
6867.46986389161  1.118059E-17
6870.98392009736  1.171471E-17
6874.49797630311  1.194895E-17
6878.01203250886  1.225626E-17
6881.52608871461  1.239666E-17
6885.04014492036  1.171613E-17
6888.55420112611  1.168824E-17
6892.06825733186  1.228911E-17
6895.58231353761  1.215660E-17
6899.09636974336  1.240003E-17
6902.61042594911  1.207154E-17
6906.12448215486  1.228008E-17
6909.63853836061  1.318028E-17
6913.15259456636  1.289496E-17
6916.66665077211  1.293573E-17
6920.18070697786  1.316776E-17
6923.6947631836  1.311277E-17
6927.20881938936  1.299330E-17
6930.72287559511  1.280438E-17
6934.23693180085  1.327843E-17
6937.7509880066  1.261310E-17
6941.26504421235  1.299068E-17
6944.7791004181  1.303560E-17
6948.29315662385  1.327329E-17
6951.8072128296  1.355028E-17
6955.32126903535  1.312957E-17
6958.8353252411  1.313692E-17
6962.34938144685  1.340939E-17
6965.8634376526  1.243477E-17
6969.37749385835  1.292267E-17
6972.8915500641  1.374472E-17
6976.40560626985  1.295256E-17
6979.9196624756  1.302983E-17
6983.43371868135  1.259774E-17
6986.9477748871  1.286696E-17
6990.46183109285  1.322953E-17
6993.97588729859  1.294389E-17
6997.48994350435  1.337768E-17
7001.0039997101  1.327442E-17
7004.51805591584  1.285939E-17
7008.03211212159  1.265844E-17
7011.54616832734  1.288035E-17
7015.06022453309  1.294616E-17
7018.57428073884  1.277519E-17
7022.08833694459  1.275822E-17
7025.60239315034  1.281717E-17
7029.11644935609  1.252567E-17
7032.63050556184  1.275708E-17
7036.14456176759  1.302095E-17
7039.65861797334  1.316742E-17
7043.17267417909  1.308192E-17
7046.68673038484  1.257256E-17
7050.20078659059  1.300956E-17
7053.71484279634  1.313915E-17
7057.22889900209  1.301959E-17
7060.74295520784  1.297765E-17
7064.25701141359  1.323119E-17
7067.77106761934  1.361615E-17
7071.28512382509  1.318194E-17
7074.79918003083  1.260525E-17
7078.31323623658  1.270820E-17
7081.82729244233  1.292113E-17
7085.34134864808  1.247737E-17
7088.85540485383  1.205709E-17
7092.36946105958  1.239149E-17
7095.88351726533  1.276703E-17
7099.39757347108  1.265929E-17
7102.91162967683  1.239529E-17
7106.42568588258  1.209085E-17
7109.93974208833  1.236228E-17
7113.45379829408  1.238692E-17
7116.96785449983  1.215193E-17
7120.48191070558  1.190761E-17
7123.99596691133  1.175967E-17
7127.51002311708  1.214063E-17
7131.02407932283  1.189935E-17
7134.53813552858  1.158593E-17
7138.05219173433  1.203464E-17
7141.56624794008  1.187293E-17
7145.08030414583  1.172632E-17
7148.59436035157  1.135152E-17
7152.10841655732  1.124345E-17
7155.62247276307  1.147364E-17
7159.13652896882  1.146712E-17
7162.65058517457  1.127436E-17
7166.16464138032  1.120237E-17
7169.67869758607  1.108676E-17
7173.19275379182  1.090539E-17
7176.70680999757  1.080823E-17
7180.22086620332  1.073173E-17
7183.73492240907  1.071204E-17
7187.24897861482  1.070636E-17
7190.76303482057  1.057658E-17
7194.27709102632  1.066478E-17
7197.79114723207  1.081052E-17
7201.30520343782  1.056370E-17
7204.81925964357  1.037798E-17
7208.33331584932  1.079683E-17
7211.84737205507  1.110425E-17
7215.36142826082  1.127200E-17
7218.87548446656  1.119869E-17
7222.38954067231  1.104808E-17
7225.90359687806  1.110050E-17
7229.41765308381  1.055660E-17
7232.93170928956  1.046336E-17
7236.44576549531  1.054092E-17
7239.95982170106  1.033586E-17
7243.47387790681  9.980803E-18
7246.98793411256  9.925769E-18
7250.50199031831  1.041043E-17
7254.01604652406  1.058757E-17
7257.53010272981  1.065820E-17
7261.04415893556  1.043811E-17
7264.55821514131  9.575002E-18
7268.07227134706  9.124107E-18
7271.58632755281  9.841457E-18
7275.10038375856  1.085107E-17
7278.61443996431  1.042833E-17
7282.12849617006  9.893837E-18
7285.64255237581  1.017692E-17
7289.15660858155  1.033445E-17
7292.6706647873  1.010556E-17
7296.18472099305  1.024586E-17
7299.6987771988  1.042982E-17
7303.21283340455  9.846939E-18
7306.7268896103  1.012217E-17
7310.24094581605  1.031005E-17
7313.7550020218  1.001397E-17
7317.26905822755  1.050262E-17
7320.7831144333  1.039068E-17
7324.29717063905  9.952377E-18
7327.8112268448  1.007470E-17
7331.32528305055  9.817024E-18
7334.8393392563  9.381303E-18
7338.35339546205  9.126842E-18
7341.8674516678  9.301260E-18
7345.38150787355  9.804949E-18
7348.8955640793  1.000329E-17
7352.40962028505  9.758109E-18
7355.9236764908  9.804453E-18
7359.43773269655  9.821796E-18
7362.9517889023  9.488919E-18
7366.46584510804  9.372879E-18
7369.9799013138  9.074185E-18
7373.49395751954  8.599399E-18
7377.00801372529  8.850923E-18
7380.52206993104  9.702438E-18
7384.03612613679  9.715134E-18
7387.55018234254  9.761655E-18
7391.06423854829  9.478785E-18
7394.57829475404  9.563430E-18
7398.09235095979  1.010284E-17
7401.60640716554  1.037786E-17
7405.12046337129  1.054344E-17
7408.63451957704  1.076192E-17
7412.14857578279  1.022020E-17
7415.66263198854  9.661318E-18
7419.17668819429  9.580522E-18
7422.69074440004  9.492434E-18
7426.20480060579  9.129372E-18
7429.71885681154  9.130301E-18
7433.23291301729  9.731313E-18
7436.74696922304  9.843869E-18
7440.26102542879  9.556083E-18
7443.77508163453  9.180950E-18
7447.28913784028  9.239429E-18
7450.80319404603  9.265713E-18
7454.31725025178  9.660678E-18
7457.83130645753  9.864054E-18
7461.34536266328  9.892256E-18
7464.85941886903  9.518475E-18
7468.37347507478  8.977025E-18
7471.88753128053  8.830902E-18
7475.40158748628  8.895326E-18
7478.91564369203  9.113409E-18
7482.42969989778  9.503481E-18
7485.94375610353  9.418889E-18
7489.45781230928  9.203372E-18
7492.97186851503  8.701852E-18
7496.48592472078  9.206075E-18
7499.99998092653  9.332602E-18
7503.51403713228  9.510023E-18
7507.02809333802  9.104288E-18
7510.54214954378  9.615384E-18
7514.05620574952  9.194395E-18
7517.57026195527  8.897383E-18
7521.08431816102  8.902531E-18
7524.59837436677  8.946268E-18
7528.11243057252  9.136744E-18
7531.62648677827  9.237511E-18
7535.14054298402  8.896892E-18
7538.65459918977  8.906502E-18
7542.16865539552  9.278259E-18
7545.68271160127  9.519883E-18
7549.19676780702  9.707981E-18
7552.71082401277  9.394337E-18
7556.22488021852  8.540355E-18
7559.73893642427  9.136737E-18
7563.25299263002  9.110920E-18
7566.76704883577  9.214162E-18
7570.28110504152  8.938203E-18
7573.79516124727  8.992512E-18
7577.30921745302  8.597145E-18
7580.82327365877  7.840050E-18
7584.33732986452  7.289903E-18
7587.85138607026  6.643948E-18
7591.36544227601  5.122484E-18
7594.87949848176  3.960467E-18
7598.39355468751  3.555319E-18
7601.90761089326  3.600537E-18
7605.42166709901  4.147784E-18
7608.93572330476  4.362018E-18
7612.44977951051  4.942022E-18
7615.96383571626  5.791570E-18
7619.47789192201  6.567904E-18
7622.99194812776  6.822376E-18
7626.50600433351  7.141354E-18
7630.02006053926  7.260982E-18
7633.53411674501  7.367788E-18
7637.04817295076  7.393112E-18
7640.56222915651  6.557773E-18
7644.07628536226  6.615024E-18
7647.59034156801  6.937710E-18
7651.10439777376  7.023742E-18
7654.61845397951  7.499474E-18
7658.13251018525  7.589351E-18
7661.646566391  7.808223E-18
7665.16062259675  8.225642E-18
7668.6746788025  8.157870E-18
7672.18873500825  8.138312E-18
7675.702791214  8.491796E-18
7679.21684741975  8.802629E-18
7682.7309036255  8.765775E-18
7686.24495983125  8.740736E-18
7689.759016037  8.800424E-18
7693.27307224275  8.985569E-18
7696.7871284485  9.124538E-18
7700.30118465425  9.428171E-18
7703.81524086  8.282052E-18
7707.32929706575  7.626225E-18
7710.8433532715  8.840379E-18
7714.35740947725  9.467349E-18
7717.871465683  8.412795E-18
7721.38552188875  8.269765E-18
7724.8995780945  8.325754E-18
7728.41363430024  8.730282E-18
7731.92769050599  9.328940E-18
7735.44174671174  9.245511E-18
7738.95580291749  9.492196E-18
7742.46985912324  9.495804E-18
7745.98391532899  9.390259E-18
7749.49797153474  9.087516E-18
7753.01202774049  8.439085E-18
7756.52608394624  8.595910E-18
7760.04014015199  9.127232E-18
7763.55419635774  9.077153E-18
7767.06825256349  8.809152E-18
7770.58230876924  9.030391E-18
7774.09636497499  9.236008E-18
7777.61042118074  9.279352E-18
7781.12447738649  9.412814E-18
7784.63853359224  9.804256E-18
7788.15258979799  9.410389E-18
7791.66664600374  9.432009E-18
7795.18070220949  9.896086E-18
7798.69475841524  9.793147E-18
7802.20881462098  9.397211E-18
7805.72287082673  9.495591E-18
7809.23692703248  9.565641E-18
7812.75098323823  9.433440E-18
7816.26503944398  9.187078E-18
7819.77909564973  8.520380E-18
7823.29315185548  8.603419E-18
7826.80720806123  9.389742E-18
7830.32126426698  9.512723E-18
7833.83532047273  8.946962E-18
7837.34937667848  8.699045E-18
7840.86343288423  9.083524E-18
7844.37748908998  9.782958E-18
7847.89154529573  9.622143E-18
7851.40560150148  9.699330E-18
7854.91965770723  9.456188E-18
7858.43371391298  8.645906E-18
7861.94777011873  9.397874E-18
7865.46182632448  9.569844E-18
7868.97588253023  8.868561E-18
7872.48993873597  8.675018E-18
7876.00399494172  8.390166E-18
7879.51805114747  9.132720E-18
7883.03210735322  9.499810E-18
7886.54616355897  9.348064E-18
7890.06021976472  9.169370E-18
7893.57427597047  8.571408E-18
7897.08833217622  8.826125E-18
7900.60238838197  9.027458E-18
7904.11644458772  9.571910E-18
7907.63050079347  8.190688E-18
7911.14455699922  7.407760E-18
7914.65861320497  8.291367E-18
7918.17266941072  9.850652E-18
7921.68672561647  9.207655E-18
7925.20078182222  7.921732E-18
7928.71483802797  8.516213E-18
7932.22889423372  9.024536E-18
7935.74295043947  8.452669E-18
7939.25700664522  8.656354E-18
7942.77106285096  8.662694E-18
7946.28511905671  9.037393E-18
7949.79917526246  9.029131E-18
7953.31323146821  8.875622E-18
7956.82728767396  9.547100E-18
7960.34134387971  8.599183E-18
7963.85540008546  8.428874E-18
7967.36945629121  8.394117E-18
7970.88351249696  8.295076E-18
7974.39756870271  8.688222E-18
7977.91162490846  8.850666E-18
7981.42568111421  8.766742E-18
7984.93973731996  8.447177E-18
7988.45379352571  8.791792E-18
7991.96784973146  8.296210E-18
7995.48190593721  8.526445E-18
7998.99596214296  7.838018E-18
8002.51001834871  8.042869E-18
8006.02407455446  8.009675E-18
8009.53813076021  7.668410E-18
8013.05218696595  8.348653E-18
8016.5662431717  7.270319E-18
8020.08029937745  7.125146E-18
8023.5943555832  7.890167E-18
8027.10841178895  7.927432E-18
8030.6224679947  7.313376E-18
8034.13652420045  7.317442E-18
8037.6505804062  7.839223E-18
8041.16463661195  7.649193E-18
8044.6786928177  7.466911E-18
8048.19274902345  7.076611E-18
8051.7068052292  7.071866E-18
8055.22086143495  7.413485E-18
8058.7349176407  7.335218E-18
8062.24897384645  6.955571E-18
8065.7630300522  7.020206E-18
8069.27708625795  6.834442E-18
8072.7911424637  6.974545E-18
8076.30519866945  7.457554E-18
8079.8192548752  7.524847E-18
8083.33331108095  7.267501E-18
8086.84736728669  6.841555E-18
8090.36142349244  6.951688E-18
8093.87547969819  7.199836E-18
8097.38953590394  7.065333E-18
8100.90359210969  7.358196E-18
8104.41764831544  6.780144E-18
8107.93170452119  6.726911E-18
8111.44576072694  7.079025E-18
8114.95981693269  7.124478E-18
8118.47387313844  7.189617E-18
8121.98792934419  7.029027E-18
8125.50198554994  7.262713E-18
8129.01604175569  7.494049E-18
8132.53009796144  7.555487E-18
8136.04415416719  7.443669E-18
8139.55821037294  7.533935E-18
8143.07226657869  7.498315E-18
8146.58632278444  7.032996E-18
8150.10037899019  6.950411E-18
8153.61443519594  7.044943E-18
8157.12849140168  6.796332E-18
8160.64254760743  6.697616E-18
8164.15660381318  7.060556E-18
8167.67066001893  7.140892E-18
8171.18471622468  7.109660E-18
8174.69877243043  7.071394E-18
8178.21282863618  7.178419E-18
8181.72688484193  7.351243E-18
8185.24094104768  7.151004E-18
8188.75499725343  7.175857E-18
8192.26905345918  7.201353E-18
8195.78310966493  7.270072E-18
8199.29716587068  7.322128E-18
8202.81122207643  7.246602E-18
8206.32527828218  7.225165E-18
8209.83933448793  7.074797E-18
8213.35339069368  7.094482E-18
8216.86744689943  7.151360E-18
8220.38150310518  7.335697E-18
8223.89555931093  7.185360E-18
8227.40961551667  7.407474E-18
8230.92367172243  7.392097E-18
8234.43772792817  7.562529E-18
8237.95178413392  7.032285E-18
8241.46584033967  7.251746E-18
8244.97989654542  7.360730E-18
8248.49395275117  6.940493E-18
8252.00800895692  6.907308E-18
8255.52206516267  7.335302E-18
8259.03612136842  7.246345E-18
8262.55017757417  7.350239E-18
8266.06423377992  7.456674E-18
8269.57828998567  7.176613E-18
8273.09234619142  7.095483E-18
8276.60640239717  7.489450E-18
8280.12045860292  6.512408E-18
8283.63451480867  6.685445E-18
8287.14857101442  7.136129E-18
8290.66262722017  7.219163E-18
8294.17668342592  6.615554E-18
8297.69073963167  6.564377E-18
8301.20479583742  6.994777E-18
8304.71885204316  6.431912E-18
8308.23290824891  6.626650E-18
8311.74696445466  6.842060E-18
8315.26102066041  6.353142E-18
8318.77507686616  6.398376E-18
8322.28913307191  6.317983E-18
8325.80318927766  6.757710E-18
8329.31724548341  6.608440E-18
8332.83130168916  6.463804E-18
8336.34535789491  6.686005E-18
8339.85941410066  7.131330E-18
8343.37347030641  7.529768E-18
8346.88752651216  6.220483E-18
8350.40158271791  6.308009E-18
8353.91563892366  6.113333E-18
8357.42969512941  6.378959E-18
8360.94375133516  6.392826E-18
8364.45780754091  5.983860E-18
8367.97186374666  5.845616E-18
8371.48591995241  6.105134E-18
8374.99997615815  6.306718E-18
8378.5140323639  6.149474E-18
8382.02808856965  7.049081E-18
8385.5421447754  6.386592E-18
8389.05620098115  5.844092E-18
8392.5702571869  6.151022E-18
8396.08431339265  6.572495E-18
8399.5983695984  6.111092E-18
8403.11242580415  5.964027E-18
8406.6264820099  6.704033E-18
8410.14053821565  6.510440E-18
8413.6545944214  6.430690E-18
8417.16865062715  5.828622E-18
8420.6827068329  5.977264E-18
8424.19676303865  6.278931E-18
8427.7108192444  6.057378E-18
8431.22487545015  6.046919E-18
8434.7389316559  6.152128E-18
8438.25298786165  5.898049E-18
8441.7670440674  5.709312E-18
8445.28110027315  5.531371E-18
8448.79515647889  6.057179E-18
8452.30921268464  6.251310E-18
8455.82326889039  6.316972E-18
8459.33732509614  6.701653E-18
8462.85138130189  6.350811E-18
8466.36543750764  5.389291E-18
8469.87949371339  5.796947E-18
8473.39354991914  5.834585E-18
8476.90760612489  6.543752E-18
8480.42166233064  6.917711E-18
8483.93571853639  6.456062E-18
8487.44977474214  6.084604E-18
8490.96383094789  5.594004E-18
8494.47788715364  5.846361E-18
8497.99194335939  6.325758E-18
8501.50599956514  5.665279E-18
8505.02005577089  5.651185E-18
8508.53411197664  5.732005E-18
8512.04816818239  5.332801E-18
8515.56222438814  5.410789E-18
8519.07628059388  5.830652E-18
8522.59033679963  5.573632E-18
8526.10439300538  5.576558E-18
8529.61844921113  5.930062E-18
8533.13250541688  6.283553E-18
8536.64656162263  6.000469E-18
8540.16061782838  5.675370E-18
8543.67467403413  5.943768E-18
8547.18873023988  5.370974E-18
8550.70278644563  5.563100E-18
8554.21684265138  5.520450E-18
8557.73089885713  5.754172E-18
8561.24495506288  6.054728E-18
8564.75901126863  6.031316E-18
8568.27306747438  5.542862E-18
8571.78712368013  5.500992E-18
8575.30117988588  5.809468E-18
8578.81523609163  6.080787E-18
8582.32929229738  5.749757E-18
8585.84334850313  6.121755E-18
8589.35740470887  5.806444E-18
8592.87146091462  5.644970E-18
8596.38551712037  6.097549E-18
8599.89957332612  6.291178E-18
8603.41362953187  5.892047E-18
8606.92768573762  6.051720E-18
8610.44174194337  5.931493E-18
8613.95579814912  5.377046E-18
8617.46985435487  5.596615E-18
8620.98391056062  5.998001E-18
8624.49796676637  4.878258E-18
8628.01202297212  5.072380E-18
8631.52607917787  5.785743E-18
8635.04013538362  5.933111E-18
8638.55419158937  6.137814E-18
8642.06824779512  6.433840E-18
8645.58230400087  5.930629E-18
8649.09636020662  5.964860E-18
8652.61041641237  6.045939E-18
8656.12447261812  5.579950E-18
8659.63852882387  5.866924E-18
8663.15258502962  5.448307E-18
8666.66664123537  5.221090E-18
8670.18069744112  5.272131E-18
8673.69475364687  5.326271E-18
8677.20880985262  5.627460E-18
8680.72286605836  5.516435E-18
8684.23692226411  5.743275E-18
8687.75097846986  5.740781E-18
8691.26503467561  5.860234E-18
8694.77909088136  5.583931E-18
8698.29314708711  5.192333E-18
8701.80720329286  4.911594E-18
8705.32125949861  5.124653E-18
8708.83531570436  5.397671E-18
8712.34937191011  5.443069E-18
8715.86342811586  5.505350E-18
8719.37748432161  5.574582E-18
8722.89154052736  5.303318E-18
8726.40559673311  5.160552E-18
8729.91965293886  5.359608E-18
8733.43370914461  5.495379E-18
8736.94776535036  5.090768E-18
8740.46182155611  5.194445E-18
8743.97587776186  5.391136E-18
8747.48993396761  5.872994E-18
8751.00399017336  5.840088E-18
8754.5180463791  6.596805E-18
8758.03210258485  6.209971E-18
8761.5461587906  5.974426E-18
8765.06021499635  5.789404E-18
8768.5742712021  6.777353E-18
8772.08832740785  6.408811E-18
8775.6023836136  5.307307E-18
8779.11643981935  4.563755E-18
8782.6304960251  4.310916E-18
8786.14455223085  4.896273E-18
8863.45378875734  4.976006E-18
8866.96784496309  4.850656E-18
8870.48190116884  4.046814E-18
8873.99595737459  4.893892E-18
8877.51001358034  5.131549E-18
8881.02406978609  5.214954E-18
8884.53812599184  5.087375E-18
8888.05218219759  5.331404E-18
8891.56623840334  5.320657E-18
8895.08029460908  5.026666E-18
8898.59435081483  4.527246E-18
8902.10840702058  4.832229E-18
8905.62246322633  5.440395E-18
8909.13651943208  5.100836E-18
8912.65057563783  5.041146E-18
8916.16463184358  5.329937E-18
8919.67868804933  5.088341E-18
8923.19274425508  4.634328E-18
8926.70680046083  4.941425E-18
8930.22085666658  5.316724E-18
8933.73491287233  4.677713E-18
8937.24896907808  4.712875E-18
8940.76302528383  5.155653E-18
8944.27708148958  4.902331E-18
8947.79113769533  4.479099E-18
8951.30519390108  4.004959E-18
8954.81925010683  4.247226E-18
8958.33330631258  4.824862E-18
8961.84736251833  4.904058E-18
8965.36141872408  4.688107E-18
8968.87547492982  4.414331E-18
8972.38953113557  4.456090E-18
8975.90358734132  4.388048E-18
8979.41764354707  4.352783E-18
8982.93169975282  4.695810E-18
8986.44575595857  4.856565E-18
8989.95981216432  4.768596E-18
8993.47386837007  4.300344E-18
8996.98792457582  4.440615E-18
9000.50198078157  4.520420E-18
9004.01603698732  5.155670E-18
9007.53009319307  5.128756E-18
9011.04414939882  4.943853E-18
9014.55820560457  4.762214E-18
9018.07226181032  4.842525E-18
9021.58631801607  4.633044E-18
9025.10037422182  4.478013E-18
9028.61443042757  4.548239E-18
9032.12848663332  4.953703E-18
9035.64254283907  4.494330E-18
9039.15659904481  4.292406E-18
9042.67065525056  4.707667E-18
9046.18471145631  4.502158E-18
9049.69876766206  4.486634E-18
9053.21282386781  4.381116E-18
9056.72688007356  4.243845E-18
9060.24093627931  4.295803E-18
9063.75499248506  4.202295E-18
9067.26904869081  4.349366E-18
9070.78310489656  4.297320E-18
9074.29716110231  4.497098E-18
9077.81121730806  4.519567E-18
9081.32527351381  4.537304E-18
9084.83932971956  4.404738E-18
9088.35338592531  4.146020E-18
9091.86744213106  4.019695E-18
9095.38149833681  3.722053E-18
9098.89555454256  3.959378E-18
9102.40961074831  3.804700E-18
9105.92366695406  3.668611E-18
9109.4377231598  3.846110E-18
9112.95177936555  4.262289E-18
9116.4658355713  4.453056E-18
9119.97989177705  4.223783E-18
9123.4939479828  4.263906E-18
9127.00800418855  4.353994E-18
9130.5220603943  4.278004E-18
9134.03611660005  3.708874E-18
9137.5501728058  3.540199E-18
9141.06422901155  3.980403E-18
9144.5782852173  4.352687E-18
9148.09234142305  4.464312E-18
9151.6063976288  4.487301E-18
9155.12045383455  4.419011E-18
9158.6345100403  4.060961E-18
9162.14856624605  3.725971E-18
9165.6626224518  3.757385E-18
9169.17667865755  3.693471E-18
9172.6907348633  3.496363E-18
9176.20479106905  3.881174E-18
9179.7188472748  4.146991E-18
9183.23290348054  4.013803E-18
9186.74695968629  3.957813E-18
9190.26101589204  4.029141E-18
9193.77507209779  3.840368E-18
9197.28912830354  4.032269E-18
9200.80318450929  4.221426E-18
9204.31724071504  4.108962E-18
9207.83129692079  4.353803E-18
9211.34535312654  4.353765E-18
9214.85940933229  4.322166E-18
9218.37346553804  4.190309E-18
9221.88752174379  3.946918E-18
9225.40157794954  4.002266E-18
9228.91563415529  4.441085E-18
9232.42969036104  4.576505E-18
9235.94374656679  4.102698E-18
9239.45780277254  3.866776E-18
9242.97185897829  3.774680E-18
9246.48591518404  3.747367E-18
9249.99997138979  3.645685E-18
9253.51402759553  3.912994E-18
9257.02808380128  3.839079E-18
9260.54214000703  3.622250E-18
9264.05619621278  3.519941E-18
9267.57025241853  3.892849E-18
9271.08430862428  3.665816E-18
9274.59836483003  3.811691E-18
9278.11242103578  4.008151E-18
9281.62647724153  3.619936E-18
9285.14053344728  3.431762E-18
9288.65458965303  3.543853E-18
9292.16864585878  3.234307E-18
9295.68270206453  3.360967E-18
9299.19675827028  4.101242E-18
9302.71081447603  3.869019E-18
9306.22487068178  2.834076E-18
9309.73892688753  2.460586E-18
9313.25298309328  1.646068E-18
9316.76703929903  2.451239E-18
9320.28109550478  3.571236E-18
9323.79515171052  3.366976E-18
9327.30920791628  3.130649E-18
9330.82326412202  2.842892E-18
9334.33732032777  2.300269E-18
9337.85137653352  2.136720E-18
9341.36543273927  2.083042E-18
9344.87948894502  2.465096E-18
9348.39354515077  2.761125E-18
9351.90760135652  2.824856E-18
9355.42165756227  3.312167E-18
9358.93571376802  3.334413E-18
9362.44976997377  2.920016E-18
9365.96382617952  3.702871E-18
9369.47788238527  3.258079E-18
9372.99193859102  1.611813E-18
9376.50599479677  1.337536E-18
9380.02005100252  1.803094E-18
9383.53410720827  3.400304E-18
9387.04816341402  2.979111E-18
9390.56221961977  2.592607E-18
9394.07627582552  2.683178E-18
9397.59033203127  2.460384E-18
9401.10438823701  2.812717E-18
9404.61844444276  3.933243E-18
9408.13250064851  3.960223E-18
9411.64655685426  3.074121E-18
9415.16061306001  2.837204E-18
9418.67466926576  3.198835E-18
9422.18872547151  3.109474E-18
9425.70278167726  2.894860E-18
9429.21683788301  2.845968E-18
9432.73089408876  3.259220E-18
9436.24495029451  2.869960E-18
9439.75900650026  2.785363E-18
9443.27306270601  3.414934E-18
9446.78711891176  2.393201E-18
9450.30117511751  3.041266E-18
9453.81523132326  3.081255E-18
9457.32928752901  3.264669E-18
9460.84334373476  3.494783E-18
9464.35739994051  3.818482E-18
9467.87145614626  3.688375E-18
9471.385512352  4.314987E-18
9474.89956855775  3.899552E-18
9478.4136247635  3.545172E-18
9481.92768096925  3.810585E-18
9485.441737175  3.391823E-18
9488.95579338075  3.146654E-18
9492.4698495865  2.637007E-18
9495.98390579225  2.353333E-18
9499.497961998  2.917786E-18
9503.01201820375  3.206963E-18
9506.5260744095  2.996190E-18
9510.04013061525  2.957116E-18
9513.554186821  2.574691E-18
9517.06824302675  2.082025E-18
9520.5822992325  2.621975E-18
9524.09635543825  2.571152E-18
9527.610411644  2.783918E-18
9531.12446784975  2.890374E-18
9534.6385240555  3.057006E-18
9538.15258026125  3.218175E-18
9541.666636467  3.455561E-18
9545.18069267274  3.444893E-18
9548.69474887849  3.382071E-18
9552.20880508424  2.956518E-18
9555.72286128999  2.650645E-18
9559.23691749574  3.450461E-18
9562.75097370149  4.306637E-18
9566.26502990724  4.706225E-18
9569.77908611299  3.636434E-18
9573.29314231874  4.053822E-18
9576.80719852449  4.067333E-18
9580.32125473024  3.455511E-18
9583.83531093599  2.745620E-18
9587.34936714174  2.771236E-18
9590.86342334749  2.872839E-18
9594.37747955324  2.680010E-18
9597.89153575899  3.016561E-18
9601.40559196474  3.354660E-18
9604.91964817049  2.974232E-18
9608.43370437624  2.239284E-18
9611.94776058199  2.860286E-18
9615.46181678773  3.027117E-18
9618.97587299348  3.104399E-18
9622.48992919923  3.327826E-18
9626.00398540498  3.528616E-18
9629.51804161073  3.357537E-18
9633.03209781648  3.302858E-18
9636.54615402223  2.522760E-18
9640.06021022798  2.689580E-18
9643.57426643373  3.356268E-18
9647.08832263948  3.042547E-18
9650.60237884523  3.018449E-18
9654.11643505098  3.097447E-18
9657.63049125673  2.703499E-18
9661.14454746248  2.510453E-18
9664.65860366823  2.768447E-18
9668.17265987398  3.306816E-18
9671.68671607973  3.080807E-18
9675.20077228548  2.758175E-18
9678.71482849123  3.080560E-18
9682.22888469698  2.755356E-18
9685.74294090272  2.403630E-18
9689.25699710847  2.353702E-18
9692.77105331422  3.007493E-18
9696.28510951997  2.650935E-18
9699.79916572572  2.590180E-18
9703.31322193147  2.966755E-18
9706.82727813722  3.261093E-18
9710.34133434297  3.095661E-18
9713.85539054872  2.680365E-18
9717.36944675447  2.818493E-18
9720.88350296022  2.861559E-18
9724.39755916597  3.234765E-18
9727.91161537172  3.466292E-18
9731.42567157747  3.325982E-18
9734.93972778322  3.028981E-18
9738.45378398897  2.782254E-18
9741.96784019472  2.637919E-18
9745.48189640047  2.898410E-18
9748.99595260622  2.635004E-18
9752.51000881197  2.303606E-18
9756.02406501772  2.321090E-18
9759.53812122346  2.859331E-18
9763.05217742921  2.582263E-18
9766.56623363497  2.344590E-18
9770.08028984071  2.618136E-18
9773.59434604646  2.692887E-18
9777.10840225221  2.177032E-18
9780.62245845796  2.895601E-18
9784.13651466371  4.549929E-18
9787.65057086946  3.408115E-18
9791.16462707521  1.915967E-18
9794.67868328096  1.851391E-18
9798.19273948671  2.018605E-18
9801.70679569246  2.152182E-18
9805.22085189821  2.690277E-18
9808.73490810396  2.803432E-18
9812.24896430971  2.691692E-18
9815.76302051546  2.856175E-18
9819.27707672121  2.530526E-18
9822.79113292696  2.383876E-18
9826.30518913271  2.416324E-18
9829.81924533845  2.421292E-18
9833.3333015442  2.429683E-18
9836.84735774995  2.386661E-18
9840.3614139557  2.460418E-18
9843.87547016145  2.523325E-18
9847.3895263672  2.591392E-18
9850.90358257295  2.454370E-18
9854.4176387787  2.215315E-18
9857.93169498445  2.222154E-18
9861.4457511902  2.937910E-18
9864.95980739595  2.951317E-18
9868.4738636017  2.883890E-18
9871.98791980745  3.147833E-18
9875.5019760132  3.163232E-18
9879.01603221895  1.967598E-18
9882.5300884247  2.013397E-18
9886.04414463045  2.696039E-18
9889.5582008362  2.766619E-18
9893.07225704195  2.468092E-18
9896.5863132477  3.055043E-18
9900.10036945344  3.409108E-18
9903.61442565919  3.044675E-18
9907.12848186494  2.667791E-18
9910.64253807069  3.063204E-18
9914.15659427644  2.968586E-18
9917.67065048219  3.258963E-18
9921.18470668794  2.871605E-18
9924.69876289369  2.302116E-18
9928.21281909944  2.340660E-18
9931.72687530519  2.284685E-18
9935.24093151094  2.276759E-18
9938.75498771669  1.087990E-18
9942.26904392244  8.270825E-19
9945.78310012819  1.476434E-18
9949.29715633394  2.344737E-18
9952.81121253969  1.521496E-18
9956.32526874544  1.455145E-18
9959.83932495119  1.931093E-18
9963.35338115694  1.929368E-18
9966.86743736269  2.369646E-18
9970.38149356844  2.378667E-18
9973.89554977418  2.088136E-18
9977.40960597993  1.737694E-18
9980.92366218569  2.367979E-18
9984.43771839143  2.611201E-18
9987.95177459718  1.712355E-18
9991.46583080293  1.683474E-18
9994.97988700868  2.327544E-18
9998.49394321443  3.082732E-18
10002.0079994202  2.559554E-18
10005.5220556259  2.434596E-18
10009.0361118317  2.879001E-18
10012.5501680374  2.668786E-18
10016.0642242432  1.753471E-18
10019.5782804489  2.059601E-18
10023.0923366547  2.460623E-18
10026.6063928604  2.493685E-18
10030.1204490662  2.002793E-18
10033.6345052719  2.077513E-18
10037.1485614777  2.272041E-18
10040.6626176834  2.450896E-18
10044.1766738892  2.172382E-18
10047.6907300949  1.981130E-18
10051.2047863007  1.620642E-18
10054.7188425064  1.594868E-18
10058.2328987122  1.430570E-18
10061.7469549179  2.200085E-18
10065.2610111237  2.150516E-18
10068.7750673294  2.115206E-18
10072.2891235352  1.959529E-18
10075.8031797409  2.199487E-18
10079.3172359467  7.105559E-19
10082.8312921524  1.008602E-18
10086.3453483582  1.882757E-18
10089.8594045639  1.664962E-18
10093.3734607697  1.788656E-18
10096.8875169754  1.892776E-18
10100.4015731812  2.375043E-18
10103.9156293869  2.558573E-18
10107.4296855927  2.440612E-18
10110.9437417984  2.180355E-18
10114.4577980042  1.747813E-18
10117.9718542099  2.148167E-18
10121.4859104157  1.535449E-18
10124.9999666214  1.621343E-18
10128.5140228272  2.033801E-18
10132.0280790329  1.854076E-18
10135.5421352387  1.530782E-18
10139.0561914444  1.436286E-18
10142.5702476502  1.087920E-18
10146.0843038559  9.863092E-19
10149.5983600617  1.242983E-18
10153.1124162674  2.072569E-18
10156.6264724732  1.591582E-18
10160.1405286789  2.487950E-18
10163.6545848847  2.703125E-18
10167.1686410904  2.382134E-18
10170.6826972962  2.421309E-18
10174.1967535019  2.415979E-18
10177.7108097077  2.110896E-18
10181.2248659134  1.848474E-18
10184.7389221192  1.651172E-18
10188.2529783249  8.680402E-19
10191.7670345307  1.444897E-18
10195.2810907364  1.675805E-18
10198.7951469422  1.267735E-18
10202.3092031479  1.701383E-18
10205.8232593537  1.967871E-18
10209.3373155594  1.561716E-18
10212.8513717651  2.020239E-18
10216.3654279709  2.117088E-18
10219.8794841766  1.721185E-18
10223.3935403824  1.413167E-18
10226.9075965881  2.084589E-18
10230.4216527939  2.282284E-18
10233.9357089996  1.873182E-18
10237.4497652054  1.659050E-18
10240.9638214111  1.288842E-18
10244.4778776169  2.029470E-18
10247.9919338226  2.222525E-18
10251.5059900284  1.699270E-18
10255.0200462341  1.770788E-18
10258.5341024399  1.940581E-18
10262.0481586456  1.599930E-18
10265.5622148514  1.497880E-18
10269.0762710571  1.441025E-18
10272.5903272629  2.328662E-18
10276.1043834686  1.980712E-18
10279.6184396744  2.011035E-18
10283.1324958801  2.095720E-18
10286.6465520859  1.829567E-18
10290.1606082916  3.424772E-19
10293.6746644974  9.714020E-19
10297.1887207031  1.887821E-18
10300.7027769089  1.279947E-18
10304.2168331146  9.393222E-19
10307.7308893204  1.532751E-18
10311.2449455261  1.746741E-18
10314.7590017319  1.937148E-18
10318.2730579376  1.879502E-18
10321.7871141434  1.428388E-18
10325.3011703491  1.225489E-18
10328.8152265549  1.751233E-18
10332.3292827606  1.532567E-18
10335.8433389664  1.728410E-18
10339.3573951721  1.725692E-18
10342.8714513779  1.794195E-18
10346.3855075836  1.465819E-18
10349.8995637894  1.393909E-18
10353.4136199951  1.579605E-18
10356.9276762009  1.988159E-18
10360.4417324066  1.908327E-18
10363.9557886124  1.327658E-18
10367.4698448181  1.350876E-18
10370.9839010239  1.197810E-18
10374.4979572296  1.332696E-18
10378.0120134354  9.539580E-19
10381.5260696411  8.619542E-19
10385.0401258469  7.045183E-19
10388.5541820526  1.049952E-18
10392.0682382584  1.476729E-18
10395.5822944641  1.659337E-18
10399.0963506699  1.490599E-18
10402.6104068756  1.270191E-18
10406.1244630814  1.244252E-18
10409.6385192871  1.076615E-18
10413.1525754929  9.781848E-19
10416.6666316986  1.280807E-18
10420.1806879044  1.651791E-18
10423.6947441101  1.478750E-18
10427.2088003159  1.571439E-18
10430.7228565216  1.604185E-18
10434.2369127274  1.486912E-18
10437.7509689331  7.830170E-19
10441.2650251389  8.447695E-19
10444.7790813446  1.133051E-18
10448.2931375504  7.798042E-19
10451.8071937561  1.448018E-18
10455.3212499619  1.726215E-18
10458.8353061676  1.199101E-18
10462.3493623734  1.403568E-18
10465.8634185791  1.258965E-18
10469.3774747849  1.133603E-18
10472.8915309906  9.384497E-19
10476.4055871964  6.571569E-19
10479.9196434021  1.217278E-18
10483.4336996079  1.212492E-18
10486.9477558136  1.045218E-18
10490.4618120194  1.009901E-18
10493.9758682251  8.634379E-19
10497.4899244309  8.727864E-19
10501.0039806366  9.337443E-19
10504.5180368424  1.033319E-18
10508.0320930481  9.770229E-19
10511.5461492539  1.055519E-18
10515.0602054596  1.453863E-18
10518.5742616654  1.320746E-18
10522.0883178711  1.388207E-18
10525.6023740769  1.215866E-18
10529.1164302826  1.008527E-18
10532.6304864884  1.161323E-18
10536.1445426941  8.714391E-19
10539.6585988999  6.127620E-19
10543.1726551056  9.203190E-19
10546.6867113114  1.002981E-18
10550.2007675171  9.144222E-19
10553.7148237229  6.540970E-19
10557.2288799286  5.303731E-19
10560.7429361344  9.297045E-19
10564.2569923401  8.288758E-19
10567.7710485459  7.202022E-19
10571.2851047516  7.818837E-19
10574.7991609574  1.076645E-18
10578.3132171631  1.294503E-18
10581.8272733688  1.111640E-18
10585.3413295746  6.513717E-19
10588.8553857804  5.842156E-19
10592.3694419861  6.950611E-19
10595.8834981918  7.010219E-19
10599.3975543976  8.322532E-19
10602.9116106033  6.797638E-19
10606.4256668091  6.800635E-19
10609.9397230148  8.109235E-19
10613.4537792206  5.977154E-19
10616.9678354263  4.367293E-19
10620.4818916321  4.368083E-19
10623.9959478378  6.275653E-19
10627.5100040436  5.071822E-19
10631.0240602493  6.546069E-19
10634.5381164551  9.841597E-19
10638.0521726608  7.505376E-19
10641.5662288666  7.871589E-19
10645.0802850723  9.033840E-19
10648.5943412781  7.339636E-19
10652.1083974838  3.426438E-19
10655.6224536896  4.101917E-19
10659.1365098953  6.743054E-19
10662.6505661011  6.359356E-19
10666.1646223068  6.179223E-19
10669.6786785126  7.627096E-19
10673.1927347183  6.558458E-19
10676.7067909241  6.446106E-19
10680.2208471298  6.380208E-19
10683.7349033356  7.274855E-19
10687.2489595413  6.358826E-19
10690.7630157471  7.191831E-19
10694.2770719528  6.324159E-19
10697.7911281586  5.091180E-19
10701.3051843643  4.567208E-19
10704.8192405701  6.871734E-19
10708.3332967758  6.635002E-19
10711.8473529816  5.295047E-19
10715.3614091873  5.481682E-19
10718.8754653931  5.428683E-19
10722.3895215988  6.711978E-19
10725.9035778046  7.961702E-19
10729.4176340103  6.620488E-19
10732.9316902161  4.766402E-19
10736.4457464218  5.418987E-19
10739.9598026276  6.374689E-19
10743.4738588333  7.735325E-19
10746.9879150391  9.021654E-19
10750.5019712448  8.184023E-19
10754.0160274506  6.967664E-19
10757.5300836563  5.526843E-19
10761.0441398621  5.758031E-19
10764.5581960678  3.418613E-19
10768.0722522736  3.501833E-19
10771.5863084793  3.719210E-19
10775.1003646851  5.356139E-19
10778.6144208908  4.678858E-19
10782.1284770966  3.252775E-19
10785.6425333023  5.164580E-19
10789.1565895081  6.170929E-19
10792.6706457138  6.083690E-19
10796.1847019196  5.172854E-19
10799.6987581253  3.183695E-19
10803.2128143311  2.576326E-19
10806.7268705368  2.684496E-19
10810.2409267426  4.248958E-19
10813.7549829483  3.502950E-19
10817.2690391541  4.406556E-19
10820.7830953598  4.184722E-19
10824.2971515656  3.535145E-19
10827.8112077713  3.833024E-19
10831.3252639771  4.529429E-19
10834.8393201828  4.947067E-19
10838.3533763886  5.626390E-19
10841.8674325943  5.422382E-19
10845.3814888001  4.992962E-19
10848.8955450058  5.583723E-19
10852.4096012116  5.354650E-19
10855.9236574173  4.078437E-19
10859.4377136231  3.499593E-19
10862.9517698288  3.278159E-19
10866.4658260346  3.133347E-19
10869.9798822403  3.177836E-19
10873.4939384461  3.867382E-19
10877.0079946518  2.711011E-19
10880.5220508576  2.753089E-19
10884.0361070633  2.819594E-19
10887.5501632691  3.419850E-19
10891.0642194748  3.814860E-19
10894.5782756806  3.847446E-19
10898.0923318863  2.733388E-19
10901.6063880921  2.403642E-19
10905.1204442978  2.864655E-19
10908.6345005036  3.566578E-19
10912.1485567093  2.769485E-19
10915.6626129151  1.736647E-19
10919.1766691208  2.470577E-19
10922.6907253266  2.357812E-19
10926.2047815323  2.331648E-19
10929.7188377381  2.123385E-19
10933.2328939438  2.546781E-19
10936.7469501495  1.809370E-19
10940.2610063553  1.994951E-19
10943.775062561  2.547144E-19
10947.2891187668  2.736869E-19
10950.8031749725  2.699401E-19
10954.3172311783  2.238993E-19
10957.831287384  2.001450E-19
10961.3453435898  1.907790E-19
10964.8593997955  1.952318E-19
10968.3734560013  1.631935E-19
10971.887512207  1.733726E-19
10975.4015684128  1.743625E-19
10978.9156246185  1.636052E-19
10982.4296808243  1.573470E-19
10985.94373703  1.629542E-19
10989.4577932358  1.788345E-19
10992.9718494415  1.666517E-19
10996.4859056473  1.353941E-19
10999.999961853  1.762444E-19
