5077.09521484372  2.289708E-18
5078.46289738047  2.202696E-18
5079.83057991722  1.290419E-18
5081.19826245397  1.125119E-18
5082.56594499071  1.096367E-18
5083.93362752747  2.420933E-19
5085.30131006421  5.447672E-19
5086.66899260096  1.102219E-18
5088.03667513771  -6.975233E-19
5089.40435767446  -1.963480E-19
5090.77204021122  -5.367568E-19
5092.13972274796  1.740150E-19
5093.50740528471  1.694822E-18
5094.87508782147  1.740238E-18
5096.24277035821  -1.403143E-19
5097.61045289496  1.789095E-18
5098.97813543171  2.025952E-19
5100.34581796846  6.490710E-19
5101.71350050521  -1.027141E-18
5103.08118304196  1.320118E-19
5104.44886557871  4.805483E-19
5105.81654811546  1.412216E-18
5107.18423065221  1.459541E-18
5108.55191318896  1.616331E-18
5109.91959572571  1.743725E-18
5111.28727826246  1.827589E-18
5112.65496079921  1.345183E-18
5114.02264333596  7.196849E-19
5115.39032587271  -2.360817E-19
5116.75800840946  2.585575E-19
5118.12569094621  -3.234897E-19
5119.49337348296  2.420019E-19
5120.86105601971  1.391701E-19
5122.22873855646  2.146907E-19
5123.59642109321  1.549009E-18
5124.96410362996  2.250970E-18
5126.33178616671  2.637874E-18
5127.69946870346  2.890362E-18
5129.06715124021  2.003889E-18
5130.43483377696  1.380220E-18
5131.80251631371  6.913442E-19
5133.17019885046  1.027075E-18
5134.53788138721  1.495063E-18
5135.90556392396  3.889338E-19
5137.27324646071  -3.191016E-19
5138.64092899746  1.820632E-18
5140.00861153421  1.513191E-18
5141.37629407096  1.881469E-18
5142.74397660771  7.716387E-19
5144.11165914446  2.233590E-19
5145.47934168121  1.555345E-18
5146.84702421796  3.152471E-18
5148.21470675471  3.148358E-18
5149.58238929146  -6.381979E-20
5150.95007182821  1.044573E-18
5152.31775436496  1.895162E-18
5153.68543690171  1.139883E-18
5155.05311943846  1.512508E-18
5156.42080197521  7.797164E-19
5157.78848451196  6.936558E-19
5159.15616704871  2.628305E-18
5160.52384958546  3.861254E-18
5161.89153212221  2.256691E-18
5163.25921465896  2.605066E-18
5164.62689719571  2.060303E-18
5165.99457973246  2.050084E-18
5167.36226226921  1.174751E-18
5168.72994480596  9.688057E-19
5170.09762734271  7.514399E-19
5171.46530987946  1.583133E-18
5172.83299241621  2.346158E-18
5174.20067495296  7.586132E-19
5175.56835748971  -9.577970E-20
5176.93604002646  9.097264E-19
5178.30372256321  1.507902E-18
5179.67140509996  1.126024E-18
5181.03908763671  1.462934E-18
5182.40677017346  1.984645E-18
5183.77445271021  2.129653E-18
5185.14213524696  2.153231E-18
5186.50981778371  2.450827E-18
5187.87750032046  1.551475E-18
5189.24518285721  8.893577E-19
5190.61286539396  1.011076E-18
5191.98054793071  1.869113E-18
5193.34823046746  1.079149E-18
5194.71591300421  -2.692437E-19
5196.08359554096  1.131070E-18
5197.45127807771  7.509922E-19
5198.81896061446  1.315571E-18
5200.18664315121  1.072463E-18
5201.55432568796  1.736411E-18
5202.92200822471  1.700349E-18
5204.28969076146  2.543328E-18
5205.65737329821  2.593055E-18
5207.02505583496  1.888570E-18
5208.39273837171  3.318747E-19
5209.76042090846  -1.033864E-19
5211.12810344521  1.511011E-18
5212.49578598196  2.091910E-18
5213.8634685187  5.609279E-19
5215.23115105546  2.580811E-19
5216.5988335922  1.322863E-18
5217.96651612896  2.061153E-18
5219.3341986657  1.194132E-18
5220.70188120246  1.452752E-18
5222.06956373921  4.860616E-19
5223.43724627596  9.348131E-19
5224.80492881271  2.825911E-18
5226.17261134945  1.607473E-18
5227.54029388621  1.657495E-18
5228.90797642295  1.969997E-18
5230.2756589597  1.516628E-18
5231.64334149645  2.259440E-18
5233.01102403321  6.796096E-19
5234.37870656995  9.837922E-19
5235.7463891067  1.257315E-18
5237.11407164345  1.566353E-18
5238.48175418021  6.354340E-19
5239.84943671695  8.028925E-19
5241.2171192537  1.376599E-18
5242.58480179045  8.891146E-19
5243.9524843272  2.382571E-18
5245.32016686395  1.415696E-18
5246.6878494007  1.803531E-18
5248.05553193745  1.756249E-18
5249.4232144742  2.096070E-18
5250.79089701095  1.464271E-18
5252.1585795477  1.907362E-18
5253.52626208445  2.669070E-18
5254.8939446212  3.760315E-18
5256.26162715795  2.998974E-18
5257.6293096947  1.162940E-18
5258.99699223145  1.561230E-18
5260.3646747682  8.783030E-19
5261.73235730495  4.539309E-19
5263.1000398417  4.728501E-19
5264.46772237845  1.061732E-18
5265.8354049152  3.177080E-18
5267.20308745195  1.137827E-18
5268.5707699887  -1.290099E-19
5269.93845252545  1.038030E-19
5271.3061350622  1.270759E-18
5272.67381759895  1.663129E-18
5274.0415001357  1.493372E-18
5275.40918267245  1.371951E-18
5276.7768652092  1.627103E-18
5278.14454774595  1.644043E-18
5279.5122302827  1.731953E-18
5280.87991281945  1.635620E-18
5282.2475953562  2.344641E-18
5283.61527789295  1.646662E-18
5284.9829604297  1.532456E-18
5286.35064296645  1.363458E-18
5287.7183255032  1.402318E-18
5289.08600803995  1.828280E-18
5290.4536905767  1.461517E-18
5291.82137311345  1.521253E-18
5293.1890556502  1.180404E-18
5294.55673818695  1.796548E-18
5295.9244207237  1.855021E-18
5297.29210326045  1.985865E-18
5298.6597857972  2.737072E-18
5300.02746833395  2.734779E-18
5301.3951508707  1.642182E-18
5302.76283340745  2.262680E-18
5304.1305159442  1.944666E-18
5305.49819848095  1.512786E-18
5306.8658810177  2.401470E-18
5308.23356355445  1.566162E-18
5309.6012460912  2.295079E-18
5310.96892862795  1.907521E-18
5312.3366111647  2.290064E-18
5313.70429370145  2.549036E-18
5315.0719762382  2.441007E-18
5316.43965877495  6.974155E-19
5317.8073413117  9.278017E-20
5319.17502384845  1.253998E-18
5320.5427063852  1.423951E-18
5321.91038892195  1.134566E-18
5323.2780714587  1.426192E-18
5324.64575399545  1.281284E-18
5326.0134365322  7.553892E-19
5327.38111906895  1.440241E-18
5328.7488016057  1.640635E-18
5330.11648414245  2.178675E-18
5331.4841666792  2.336308E-18
5332.85184921595  1.822850E-18
5334.2195317527  2.276781E-18
5335.58721428945  2.163448E-18
5336.9548968262  1.777626E-18
5338.32257936295  1.800873E-18
5339.6902618997  1.864456E-18
5341.05794443645  1.728616E-18
5342.4256269732  6.209821E-19
5343.79330950995  1.297955E-18
5345.1609920467  4.475745E-19
5346.52867458345  1.059333E-18
5347.8963571202  1.509237E-18
5349.26403965695  1.425857E-18
5350.6317221937  6.064283E-19
5351.99940473045  1.664769E-18
5353.3670872672  2.361978E-18
5354.73476980395  1.216084E-18
5356.10245234069  1.380709E-18
5357.47013487745  1.307435E-18
5358.8378174142  1.717344E-18
5360.20549995095  1.767504E-18
5361.57318248769  1.091049E-18
5362.94086502445  1.511641E-18
5364.30854756119  2.417293E-18
5365.67623009795  3.160072E-18
5367.0439126347  2.586995E-18
5368.41159517145  2.033928E-18
5369.77927770819  2.119433E-18
5371.14696024494  1.772970E-18
5372.51464278169  8.241779E-19
5373.88232531844  1.734090E-18
5375.2500078552  2.770569E-18
5376.61769039194  2.049187E-18
5377.98537292869  1.177320E-18
5379.35305546544  1.813598E-18
5380.72073800219  1.418816E-18
5382.08842053894  1.033906E-18
5383.45610307569  1.051087E-18
5384.82378561244  1.573324E-18
5386.19146814919  1.315292E-18
5387.55915068594  1.011044E-18
5388.92683322269  1.740948E-18
5390.29451575944  1.558231E-18
5391.66219829619  1.212152E-18
5393.02988083294  1.593538E-18
5394.39756336969  1.675963E-18
5395.76524590644  1.249920E-18
5397.13292844319  1.024117E-18
5398.50061097994  8.057120E-19
5399.86829351669  1.554251E-18
5401.23597605344  2.043291E-18
5402.60365859019  2.517608E-18
5403.97134112694  1.988133E-18
5405.33902366369  1.945180E-18
5406.70670620044  1.380398E-18
5408.07438873719  1.684932E-18
5409.44207127394  1.507840E-18
5410.80975381069  2.267097E-18
5412.17743634744  1.466865E-18
5413.54511888419  8.696045E-19
5414.91280142094  8.521204E-19
5416.28048395769  1.158490E-18
5417.64816649444  9.546800E-19
5419.01584903119  1.137450E-18
5420.38353156794  5.633886E-19
5421.75121410469  4.514814E-19
5423.11889664144  1.255598E-18
5424.48657917819  2.082083E-18
5425.85426171494  2.012262E-18
5427.22194425169  1.886553E-18
5428.58962678844  1.745485E-18
5429.95730932519  1.857199E-18
5431.32499186194  2.099413E-18
5432.69267439869  1.780282E-18
5434.06035693544  1.271555E-18
5435.42803947219  1.031729E-18
5436.79572200894  1.499539E-18
5438.16340454569  2.331907E-18
5439.53108708244  2.081447E-18
5440.89876961919  1.848929E-18
5442.26645215594  8.182155E-19
5443.63413469269  9.722191E-19
5445.00181722944  1.322621E-18
5446.36949976619  1.937189E-18
5447.73718230294  1.674211E-18
5449.10486483969  8.700222E-19
5450.47254737644  2.220320E-19
5451.84022991319  9.004587E-19
5453.20791244994  1.529034E-18
5454.57559498669  2.208389E-18
5455.94327752344  2.089222E-18
5457.31096006019  1.229021E-18
5458.67864259694  4.808731E-19
5460.04632513369  1.269242E-18
5461.41400767044  6.918554E-19
5462.78169020719  1.297051E-18
5464.14937274394  2.184898E-18
5465.51705528069  2.371129E-18
5466.88473781744  2.029547E-18
5468.25242035419  1.140642E-18
5469.62010289094  1.551871E-18
5470.98778542769  1.028768E-18
5472.35546796444  8.449633E-19
5473.72315050119  7.866475E-19
5475.09083303794  7.143320E-19
5476.45851557469  7.099300E-19
5477.82619811144  1.150823E-18
5479.19388064819  1.833337E-18
5480.56156318494  1.811953E-18
5481.92924572169  1.653436E-18
5483.29692825844  8.429510E-19
5484.66461079519  2.029086E-18
5486.03229333194  1.616359E-18
5487.39997586869  1.344490E-18
5488.76765840543  1.437141E-18
5490.13534094219  1.095718E-18
5491.50302347894  9.398385E-19
5492.87070601569  1.312238E-18
5494.23838855244  1.810539E-18
5495.60607108919  1.620678E-18
5496.97375362594  1.922667E-18
5498.34143616268  1.717101E-18
5499.70911869944  1.082315E-18
5501.07680123619  1.091562E-18
5502.44448377294  1.391861E-18
5503.81216630968  8.649748E-19
5505.17984884644  1.689584E-18
5506.54753138319  1.774827E-18
5507.91521391994  1.943660E-18
5509.28289645669  1.492981E-18
5510.65057899343  1.747754E-18
5512.01826153018  2.122961E-18
5513.38594406693  1.875942E-18
5514.75362660369  1.567260E-18
5516.12130914043  1.876018E-18
5517.48899167718  1.193776E-18
5518.85667421394  9.714004E-19
5520.22435675068  1.720057E-18
5521.59203928743  1.480488E-18
5522.95972182418  9.524189E-19
5524.32740436093  1.264076E-18
5525.69508689768  1.360211E-18
5527.06276943443  1.677746E-18
5528.43045197118  1.308394E-18
5529.79813450793  7.661311E-19
5531.16581704468  8.632923E-19
5532.53349958143  1.055327E-18
5533.90118211818  1.478901E-18
5535.26886465493  1.035576E-18
5536.63654719168  1.388957E-18
5538.00422972843  6.169099E-19
5539.37191226518  6.740057E-19
5540.73959480193  1.357173E-18
5542.10727733868  9.755130E-19
5543.47495987543  1.237244E-18
5544.84264241218  9.974007E-19
5546.21032494893  1.601752E-18
5547.57800748568  8.607791E-19
5548.94569002243  3.202821E-19
5550.31337255918  1.701439E-19
5551.68105509593  1.097826E-18
5553.04873763268  1.724556E-18
5554.41642016943  2.299959E-18
5555.78410270618  2.851886E-18
5557.15178524293  2.233604E-18
5558.51946777968  2.121345E-18
5559.88715031643  2.411935E-18
5561.25483285318  2.041145E-18
5562.62251538993  1.812373E-18
5563.99019792668  1.623009E-18
5565.35788046343  1.262564E-18
5566.72556300018  9.843442E-19
5568.09324553693  9.816281E-19
5569.46092807368  1.605387E-18
5570.82861061043  2.000480E-18
5572.19629314718  7.402340E-19
5573.56397568393  1.198259E-18
5574.93165822068  4.821552E-18
5576.29934075743  2.537971E-18
5577.66702329418  5.412940E-19
5579.03470583093  -9.447525E-19
5580.40238836768  4.566690E-19
5581.77007090443  3.597824E-19
5583.13775344118  6.099525E-19
5584.50543597793  1.001133E-18
5585.87311851468  1.238183E-18
5587.24080105143  1.295244E-18
5588.60848358818  1.522802E-18
5589.97616612493  2.042494E-18
5591.34384866168  1.917921E-18
5592.71153119843  2.064338E-18
5594.07921373518  1.405370E-18
5595.44689627193  6.249935E-19
5596.81457880868  8.404713E-19
5598.18226134543  1.497069E-18
5599.54994388218  1.591567E-18
5600.91762641893  1.420364E-18
5602.28530895568  1.087276E-18
5603.65299149243  1.102368E-18
5605.02067402918  1.430999E-18
5606.38835656593  1.509214E-18
5607.75603910268  1.770401E-18
5609.12372163943  1.785430E-18
5610.49140417618  2.014941E-18
5611.85908671293  1.562226E-18
5613.22676924968  1.828731E-18
5614.59445178643  1.072489E-18
5615.96213432318  7.923869E-19
5617.32981685993  1.503598E-18
5618.69749939668  1.338978E-18
5620.06518193343  1.845820E-18
5621.43286447018  1.630919E-18
5622.80054700693  1.516399E-18
5624.16822954368  1.894486E-18
5625.53591208043  2.226972E-18
5626.90359461718  2.207087E-18
5628.27127715393  2.004153E-18
5629.63895969068  1.753687E-18
5631.00664222743  9.598373E-19
5632.37432476418  8.625561E-19
5633.74200730093  2.091393E-18
5635.10968983768  2.079560E-18
5636.47737237443  1.872439E-18
5637.84505491118  1.896585E-18
5639.21273744793  1.307012E-18
5640.58041998467  1.527245E-18
5641.94810252143  2.511488E-18
5643.31578505817  2.179583E-18
5644.68346759493  1.358093E-18
5646.05115013168  1.699489E-18
5647.41883266843  7.866455E-19
5648.78651520518  1.265462E-18
5650.15419774193  1.906176E-18
5651.52188027867  1.799203E-18
5652.88956281542  1.362678E-18
5654.25724535217  1.801501E-18
5655.62492788892  1.420820E-18
5656.99261042567  1.596344E-18
5658.36029296242  2.136531E-18
5659.72797549917  1.595140E-18
5661.09565803592  1.199710E-18
5662.46334057267  1.801444E-18
5663.83102310942  1.761314E-18
5665.19870564617  1.996226E-18
5666.56638818292  1.520650E-18
5667.93407071967  1.934962E-18
5669.30175325642  2.223567E-18
5670.66943579317  3.140965E-18
5672.03711832992  3.531477E-18
5673.40480086667  5.475536E-18
5674.77248340342  7.094025E-18
5676.14016594017  8.382127E-18
5677.50784847692  9.344491E-18
5678.87553101367  8.645765E-18
5680.24321355042  7.527406E-18
5681.61089608717  6.180259E-18
5682.97857862392  4.419509E-18
5684.34626116067  3.470860E-18
5685.71394369742  2.996705E-18
5687.08162623417  2.379394E-18
5688.44930877092  1.408796E-18
5689.81699130767  1.023627E-18
5691.18467384442  1.092165E-18
5692.55235638117  1.293199E-18
5693.92003891792  1.538702E-18
5695.28772145467  1.561266E-18
5696.65540399142  1.144465E-18
5698.02308652817  1.496802E-18
5699.39076906492  1.981929E-18
5700.75845160167  2.369572E-18
5702.12613413842  1.564334E-18
5703.49381667517  2.164596E-18
5704.86149921192  2.115074E-18
5706.22918174867  1.753323E-18
5707.59686428542  1.784405E-18
5708.96454682217  1.800422E-18
5710.33222935892  2.194001E-18
5711.69991189567  2.227471E-18
5713.06759443242  2.145326E-18
5714.43527696917  1.696392E-18
5715.80295950592  1.162398E-18
5717.17064204267  1.659824E-18
5718.53832457942  1.412663E-18
5719.90600711617  1.106874E-18
5721.27368965292  1.583237E-18
5722.64137218967  1.944892E-18
5724.00905472642  1.718665E-18
5725.37673726317  1.887330E-18
5726.74441979992  1.491053E-18
5728.11210233667  2.059756E-18
5729.47978487342  1.625225E-18
5730.84746741017  1.685162E-18
5732.21514994692  2.046810E-18
5733.58283248367  1.750377E-18
5734.95051502042  1.466883E-18
5736.31819755717  1.785831E-18
5737.68588009392  1.587673E-18
5739.05356263067  1.467767E-18
5740.42124516742  1.789577E-18
5741.78892770417  1.519442E-18
5743.15661024092  1.433220E-18
5744.52429277767  2.111565E-18
5745.89197531442  1.936302E-18
5747.25965785117  1.046270E-18
5748.62734038792  1.457157E-18
5749.99502292467  1.938121E-18
5751.36270546142  1.703246E-18
5752.73038799817  1.233892E-18
5754.09807053492  1.257794E-18
5755.46575307167  1.287744E-18
5756.83343560842  1.322189E-18
5758.20111814517  1.483367E-18
5759.56880068192  1.685438E-18
5760.93648321867  2.003486E-18
5762.30416575542  1.544466E-18
5763.67184829217  1.387430E-18
5765.03953082892  2.027537E-18
5766.40721336567  2.610153E-18
5767.77489590242  2.319603E-18
5769.14257843917  1.362831E-18
5770.51026097592  1.313536E-18
5771.87794351267  1.270246E-18
5773.24562604942  1.831148E-18
5774.61330858617  1.963776E-18
5775.98099112292  9.911954E-19
5777.34867365967  1.006700E-18
5778.71635619642  1.470150E-18
5780.08403873317  2.006981E-18
5781.45172126992  1.677734E-18
5782.81940380667  1.218903E-18
5784.18708634341  1.413755E-18
5785.55476888016  1.363130E-18
5786.92245141692  1.121222E-18
5788.29013395366  1.390381E-18
5789.65781649042  1.424925E-18
5791.02549902716  1.331591E-18
5792.39318156392  1.303825E-18
5793.76086410066  1.403784E-18
5795.12854663741  1.548145E-18
5796.49622917416  1.785533E-18
5797.86391171091  1.657040E-18
5799.23159424766  1.651096E-18
5800.59927678441  1.688501E-18
5801.96695932116  1.660802E-18
5803.33464185791  9.937679E-19
5804.70232439466  1.151413E-18
5806.07000693141  1.950944E-18
5807.43768946816  2.024784E-18
5808.80537200491  1.654605E-18
5810.17305454166  1.261060E-18
5811.54073707841  1.645678E-18
5812.90841961516  1.568713E-18
5814.27610215191  9.683051E-19
5815.64378468866  1.014526E-18
5817.01146722541  1.138068E-18
5818.37914976216  1.476513E-18
5819.74683229891  1.060308E-18
5821.11451483566  1.736476E-18
5822.48219737241  2.257814E-18
5823.84987990916  1.699272E-18
5825.21756244591  1.911006E-18
5826.58524498266  1.575461E-18
5827.95292751941  1.241690E-18
5829.32061005616  1.115353E-18
5830.68829259291  9.920844E-19
5832.05597512966  1.691217E-18
5833.42365766641  1.822292E-18
5834.79134020316  1.107583E-18
5836.15902273991  9.552060E-19
5837.52670527666  1.144739E-18
5838.89438781341  1.050514E-18
5840.26207035016  1.469664E-18
5841.62975288691  1.780920E-18
5842.99743542366  1.472683E-18
5844.36511796041  1.833418E-18
5845.73280049716  1.643993E-18
5847.10048303391  1.374056E-18
5848.46816557066  1.718094E-18
5849.83584810741  1.750992E-18
5851.20353064416  2.168862E-18
5852.57121318091  1.708321E-18
5853.93889571766  1.679764E-18
5855.30657825441  1.734555E-18
5856.67426079116  2.348068E-18
5858.04194332791  2.190398E-18
5859.40962586466  1.411292E-18
5860.77730840141  8.708640E-19
5862.14499093816  1.261718E-18
5863.51267347491  1.779547E-18
5864.88035601166  1.895413E-18
5866.24803854841  2.062352E-18
5867.61572108516  1.244311E-18
5868.98340362191  1.556165E-18
5870.35108615866  2.653827E-18
5871.71876869541  2.559396E-18
5873.08645123216  2.254520E-18
5874.45413376891  1.765757E-18
5875.82181630566  1.789999E-18
5877.18949884241  1.910185E-18
5878.55718137916  1.673932E-18
5879.92486391591  1.643724E-18
5881.29254645266  2.085608E-18
5882.66022898941  1.784530E-18
5884.02791152616  1.853529E-18
5885.39559406291  1.988518E-18
5886.76327659966  1.694589E-18
5888.13095913641  2.899443E-18
5889.49864167316  2.347192E-18
5890.86632420991  2.165591E-18
5892.23400674666  2.257158E-18
5893.60168928341  1.917381E-18
5894.96937182016  2.350620E-18
5896.33705435691  1.861477E-18
5897.70473689366  2.231251E-18
5899.07241943041  2.278345E-18
5900.44010196716  2.311007E-18
5901.80778450391  2.347024E-18
5903.17546704066  2.083144E-18
5904.54314957741  1.648499E-18
5905.91083211416  1.588611E-18
5907.27851465091  1.473532E-18
5908.64619718766  1.500233E-18
5910.01387972441  1.484423E-18
5911.38156226116  2.106304E-18
5912.74924479791  1.845384E-18
5914.11692733466  1.960540E-18
5915.48460987141  1.810156E-18
5916.85229240816  1.811207E-18
5918.21997494491  1.966114E-18
5919.58765748166  1.825389E-18
5920.95534001841  1.804410E-18
5922.32302255515  1.870071E-18
5923.6907050919  1.990277E-18
5925.05838762865  2.302940E-18
5926.4260701654  2.410110E-18
5927.79375270215  1.871908E-18
5929.16143523891  1.733005E-18
5930.52911777565  1.483076E-18
5931.8968003124  1.914021E-18
5933.26448284916  1.861901E-18
5934.6321653859  1.352300E-18
5935.99984792265  1.598344E-18
5937.3675304594  2.236368E-18
5938.73521299616  2.311233E-18
5940.1028955329  1.874335E-18
5941.47057806965  2.055534E-18
5942.8382606064  2.146128E-18
5944.20594314315  2.257941E-18
5945.5736256799  2.096022E-18
5946.94130821665  2.070380E-18
5948.3089907534  2.256754E-18
5949.67667329015  2.147964E-18
5951.0443558269  2.145564E-18
5952.41203836365  2.241311E-18
5953.7797209004  2.388195E-18
5955.14740343715  2.116177E-18
5956.5150859739  1.719371E-18
5957.88276851065  2.201925E-18
5959.2504510474  2.358722E-18
5960.61813358415  2.164952E-18
5961.9858161209  2.148701E-18
5963.35349865765  2.384760E-18
5964.7211811944  1.951103E-18
5966.08886373115  1.585943E-18
5967.4565462679  1.582847E-18
5968.82422880465  1.995654E-18
5970.1919113414  2.181840E-18
5971.55959387815  2.369550E-18
5972.9272764149  1.979873E-18
5974.29495895165  1.853635E-18
5975.6626414884  1.773326E-18
5977.03032402515  2.079840E-18
5978.3980065619  2.279763E-18
5979.76568909865  2.204519E-18
5981.1333716354  1.970733E-18
5982.50105417215  2.204674E-18
5983.8687367089  2.353314E-18
5985.23641924565  2.256426E-18
5986.6041017824  2.179292E-18
5987.97178431915  2.380094E-18
5989.3394668559  2.588668E-18
5990.70714939265  1.986935E-18
5992.0748319294  1.836752E-18
5993.44251446615  2.158853E-18
5994.8101970029  1.657384E-18
5996.17787953965  1.572890E-18
5997.5455620764  1.946609E-18
5998.91324461315  2.078260E-18
6000.2809271499  2.096972E-18
6001.64860968665  2.174391E-18
6003.0162922234  1.990864E-18
6004.38397476015  2.191043E-18
6005.7516572969  2.436485E-18
6007.11933983365  2.831711E-18
6008.4870223704  2.485050E-18
6009.85470490715  2.503152E-18
6011.2223874439  2.635887E-18
6012.59006998065  2.598176E-18
6013.9577525174  2.120563E-18
6015.32543505415  2.422355E-18
6016.6931175909  2.416972E-18
6018.06080012765  2.337646E-18
6019.4284826644  2.153358E-18
6020.79616520115  2.914634E-18
6022.1638477379  2.857946E-18
6023.53153027465  2.202055E-18
6024.8992128114  2.023182E-18
6026.26689534815  2.638520E-18
6027.6345778849  2.544992E-18
6029.00226042165  2.385878E-18
6030.3699429584  2.587195E-18
6031.73762549515  2.348688E-18
6033.1053080319  1.998679E-18
6034.47299056865  2.137501E-18
6035.8406731054  1.989988E-18
6037.20835564215  1.878706E-18
6038.5760381789  2.209553E-18
6039.94372071565  2.343272E-18
6041.3114032524  2.112421E-18
6042.67908578915  2.066803E-18
6044.0467683259  1.970354E-18
6045.41445086265  2.066152E-18
6046.7821333994  1.800522E-18
6048.14981593615  2.160262E-18
6049.5174984729  3.089324E-18
6050.88518100965  2.718719E-18
6052.25286354639  2.044190E-18
6053.62054608315  1.965171E-18
6054.9882286199  1.574175E-18
6056.35591115665  1.632824E-18
6057.72359369339  1.813107E-18
6059.09127623014  2.667265E-18
6060.4589587669  2.278092E-18
6061.82664130364  1.960751E-18
6063.1943238404  2.125944E-18
6064.56200637714  2.053817E-18
6065.9296889139  2.218285E-18
6067.29737145064  2.398825E-18
6068.66505398739  2.069489E-18
6070.03273652414  1.914625E-18
6071.4004190609  1.921514E-18
6072.76810159764  2.041205E-18
6074.13578413439  2.001014E-18
6075.50346667114  1.937302E-18
6076.87114920789  2.086900E-18
6078.23883174464  1.878935E-18
6079.60651428139  2.057221E-18
6080.97419681814  2.111762E-18
6082.34187935489  1.855335E-18
6083.70956189164  1.816123E-18
6085.07724442839  2.006597E-18
6086.44492696515  2.030160E-18
6087.81260950189  1.998401E-18
6089.18029203864  2.043052E-18
6090.54797457539  2.295564E-18
6091.91565711214  2.254407E-18
6093.28333964889  2.125223E-18
6094.65102218564  1.941511E-18
6096.01870472239  2.009270E-18
6097.38638725914  2.165081E-18
6098.75406979589  2.717122E-18
6100.12175233264  2.613753E-18
6101.48943486939  2.582561E-18
6102.85711740614  2.330006E-18
6104.22479994289  2.053247E-18
6105.59248247964  1.852289E-18
6106.96016501639  1.810915E-18
6108.32784755314  2.300690E-18
6109.69553008989  2.429132E-18
6111.06321262664  2.147805E-18
6112.43089516339  2.117702E-18
6113.79857770014  2.095130E-18
6115.16626023689  1.775171E-18
6116.53394277364  2.122454E-18
6117.90162531039  2.213544E-18
6119.26930784714  2.171062E-18
6120.63699038389  2.039014E-18
6122.00467292064  2.257605E-18
6123.37235545739  1.740010E-18
6124.74003799414  1.963082E-18
6126.10772053089  2.151645E-18
6127.47540306764  2.105644E-18
6128.84308560439  1.944502E-18
6130.21076814114  1.718778E-18
6131.57845067789  2.078524E-18
6132.94613321464  2.079061E-18
6134.31381575139  2.267481E-18
6135.68149828814  2.184017E-18
6137.04918082489  2.228889E-18
6138.41686336164  2.260707E-18
6139.78454589839  2.191158E-18
6141.15222843514  1.773732E-18
6142.51991097189  1.718264E-18
6143.88759350864  2.067752E-18
6145.25527604539  1.717536E-18
6146.62295858214  1.302941E-18
6147.99064111889  2.026296E-18
6149.35832365564  2.296860E-18
6150.72600619239  1.987880E-18
6152.09368872914  1.869367E-18
6153.46137126589  2.156994E-18
6154.82905380264  2.339372E-18
6156.19673633939  2.335891E-18
6157.56441887614  2.159817E-18
6158.93210141289  2.045885E-18
6160.29978394964  2.398803E-18
6161.66746648639  2.318086E-18
6163.03514902314  1.945779E-18
6164.40283155989  2.370402E-18
6165.77051409664  2.295258E-18
6167.13819663339  2.317100E-18
6168.50587917014  1.854386E-18
6169.87356170689  1.870200E-18
6171.24124424364  2.287987E-18
6172.60892678039  2.275945E-18
6173.97660931714  1.591342E-18
6175.34429185389  1.738762E-18
6176.71197439064  2.192740E-18
6178.07965692739  2.070204E-18
6179.44733946414  1.475566E-18
6180.81502200089  1.512986E-18
6182.18270453764  1.579638E-18
6183.55038707439  1.785515E-18
6184.91806961114  2.111122E-18
6186.28575214789  2.119521E-18
6187.65343468464  2.089152E-18
6189.02111722139  2.087411E-18
6190.38879975814  2.073172E-18
6191.75648229489  2.095673E-18
6193.12416483164  2.180474E-18
6194.49184736838  2.544743E-18
6195.85952990514  2.189902E-18
6197.22721244189  2.197508E-18
6198.59489497864  1.982536E-18
6199.96257751538  1.933588E-18
6201.33026005213  2.048439E-18
6202.69794258888  1.747074E-18
6204.06562512564  1.006923E-18
6205.43330766238  1.089518E-18
6206.80099019913  1.438159E-18
6208.16867273588  1.781838E-18
6209.53635527263  1.735909E-18
6210.90403780938  1.919969E-18
6212.27172034613  2.261713E-18
6213.63940288289  2.326378E-18
6215.00708541963  1.727005E-18
6216.37476795638  1.806194E-18
6217.74245049313  1.581289E-18
6219.11013302988  1.671763E-18
6220.47781556663  1.840288E-18
6221.84549810338  1.963445E-18
6223.21318064013  2.086083E-18
6224.58086317688  2.243476E-18
6225.94854571363  2.155232E-18
6227.31622825038  2.059367E-18
6228.68391078713  1.620751E-18
6230.05159332388  1.629632E-18
6231.41927586063  1.866693E-18
6232.78695839738  1.810809E-18
6234.15464093413  1.588441E-18
6235.52232347088  1.513823E-18
6236.89000600763  1.592458E-18
6238.25768854438  1.582906E-18
6239.62537108113  1.348096E-18
6240.99305361788  1.792520E-18
6242.36073615463  2.042176E-18
6243.72841869138  2.216474E-18
6245.09610122813  2.395865E-18
6246.46378376488  2.618687E-18
6247.83146630163  2.583311E-18
6249.19914883838  2.315500E-18
6250.56683137513  1.916301E-18
6251.93451391188  1.721729E-18
6253.30219644863  1.724658E-18
6254.66987898538  1.583923E-18
6256.03756152213  1.648121E-18
6257.40524405888  1.464979E-18
6258.77292659563  1.566749E-18
6260.14060913238  1.519703E-18
6261.50829166913  1.557856E-18
6262.87597420588  1.706653E-18
6264.24365674263  1.902596E-18
6265.61133927938  1.752972E-18
6266.97902181613  1.223866E-18
6268.34670435288  1.341792E-18
6269.71438688963  1.453674E-18
6271.08206942638  1.614015E-18
6272.44975196313  1.619238E-18
6273.81743449988  1.826832E-18
6275.18511703663  1.854553E-18
6276.55279957338  1.304308E-18
6277.92048211013  1.463515E-18
6279.28816464688  1.877507E-18
6280.65584718363  1.764786E-18
6282.02352972038  1.568080E-18
6283.39121225713  1.777320E-18
6284.75889479388  1.811094E-18
6286.12657733063  1.770955E-18
6287.49425986738  2.307958E-18
6288.86194240413  1.951384E-18
6290.22962494088  1.110409E-18
6291.59730747763  1.914101E-18
6292.96499001438  2.267750E-18
6294.33267255113  2.033023E-18
6295.70035508788  1.633618E-18
6297.06803762463  1.441715E-18
6298.43572016138  1.444777E-18
6299.80340269813  1.469798E-18
6301.17108523488  1.695754E-18
6302.53876777163  1.667201E-18
6303.90645030838  1.757004E-18
6305.27413284513  1.720743E-18
6306.64181538188  1.900397E-18
6308.00949791863  1.737366E-18
6309.37718045538  1.478351E-18
6310.74486299213  1.787354E-18
6312.11254552888  2.275435E-18
6313.48022806563  1.948866E-18
6314.84791060238  1.619680E-18
6316.21559313913  1.510243E-18
6317.58327567588  1.538756E-18
6318.95095821263  1.539123E-18
6320.31864074938  1.284854E-18
6321.68632328613  1.348130E-18
6323.05400582288  1.755667E-18
6324.42168835963  1.890623E-18
6325.78937089638  1.804740E-18
6327.15705343313  1.790105E-18
6328.52473596987  1.789962E-18
6329.89241850663  1.788553E-18
6331.26010104338  1.728566E-18
6332.62778358013  1.526432E-18
6333.99546611688  1.292953E-18
6335.36314865363  1.595877E-18
6336.73083119037  1.699100E-18
6338.09851372713  1.957022E-18
6339.46619626388  1.799373E-18
6340.83387880063  1.611831E-18
6342.20156133737  1.687619E-18
6343.56924387413  1.826481E-18
6344.93692641088  2.056454E-18
6346.30460894762  2.101177E-18
6347.67229148437  1.627396E-18
6349.03997402112  1.084739E-18
6350.40765655788  1.470163E-18
6351.77533909462  1.440981E-18
6353.14302163138  1.703149E-18
6354.51070416812  1.673195E-18
6355.87838670487  2.164515E-18
6357.24606924163  2.121588E-18
6358.61375177837  1.898914E-18
6359.98143431512  1.501635E-18
6361.34911685187  1.669800E-18
6362.71679938862  1.618906E-18
6364.08448192537  1.411015E-18
6365.45216446212  1.698565E-18
6366.81984699887  1.970483E-18
6368.18752953562  1.837773E-18
6369.55521207237  1.782972E-18
6370.92289460912  1.671636E-18
6372.29057714587  1.527627E-18
6373.65825968262  1.587096E-18
6375.02594221937  1.915430E-18
6376.39362475612  1.957921E-18
6377.76130729287  1.781525E-18
6379.12898982962  1.640784E-18
6380.49667236637  1.725030E-18
6381.86435490312  1.651356E-18
6383.23203743987  1.340829E-18
6384.59971997662  1.566952E-18
6385.96740251337  1.964436E-18
6387.33508505012  1.910902E-18
6388.70276758687  1.653798E-18
6390.07045012362  1.609807E-18
6391.43813266037  1.621388E-18
6392.80581519712  1.787221E-18
6394.17349773387  1.773232E-18
6395.54118027062  1.694384E-18
6396.90886280737  2.068651E-18
6398.27654534412  1.820472E-18
6399.64422788087  1.599962E-18
6401.01191041762  1.756126E-18
6402.37959295437  1.741931E-18
6403.74727549112  1.583560E-18
6405.11495802787  1.284418E-18
6406.48264056462  1.427418E-18
6407.85032310137  1.459318E-18
6409.21800563812  1.733562E-18
6410.58568817487  1.836127E-18
6411.95337071162  1.658584E-18
6413.32105324837  1.508440E-18
6414.68873578512  1.660829E-18
6416.05641832187  1.765787E-18
6417.42410085862  1.689527E-18
6418.79178339537  1.830297E-18
6420.15946593212  1.876353E-18
6421.52714846887  1.696391E-18
6422.89483100562  1.763845E-18
6424.26251354237  1.393336E-18
6425.63019607912  1.369891E-18
6426.99787861587  1.739575E-18
6428.36556115262  1.699076E-18
6429.73324368937  1.645579E-18
6431.10092622612  1.682870E-18
6432.46860876287  1.425589E-18
6433.83629129962  1.516693E-18
6435.20397383637  1.536067E-18
6436.57165637312  1.635849E-18
6437.93933890987  1.836485E-18
6439.30702144662  1.715666E-18
6440.67470398337  1.700387E-18
6442.04238652012  1.630905E-18
6443.41006905687  1.905460E-18
6444.77775159362  1.599892E-18
6446.14543413037  1.418813E-18
6447.51311666712  1.612549E-18
6448.88079920387  2.096634E-18
6450.24848174062  1.118566E-18
6477.60213247562  1.425149E-18
6478.96981501237  1.688985E-18
6480.33749754912  1.801535E-18
6481.70518008587  1.958146E-18
6483.07286262262  1.392244E-18
6484.44054515937  1.632548E-18
6485.80822769611  1.553267E-18
6487.17591023286  1.741234E-18
6488.54359276961  1.656685E-18
6489.91127530636  1.540169E-18
6491.27895784311  2.065924E-18
6492.64664037986  2.296490E-18
6494.01432291661  2.198285E-18
6495.38200545336  1.468099E-18
6496.74968799011  1.788383E-18
6498.11737052686  1.404422E-18
6499.48505306361  1.618994E-18
6500.85273560036  1.655023E-18
6502.22041813711  2.081859E-18
6503.58810067386  1.827541E-18
6504.95578321061  1.896606E-18
6506.32346574736  1.962616E-18
6507.69114828411  1.464730E-18
6509.05883082086  1.436756E-18
6510.42651335761  1.512200E-18
6511.79419589436  1.522549E-18
6513.16187843111  1.640514E-18
6514.52956096786  1.721974E-18
6515.89724350461  1.835912E-18
6517.26492604136  2.287875E-18
6518.63260857811  1.702474E-18
6520.00029111486  1.484417E-18
6521.36797365161  1.846657E-18
6522.73565618836  2.036536E-18
6524.10333872511  2.033865E-18
6525.47102126186  1.705369E-18
6526.83870379861  1.735417E-18
6528.20638633536  1.483902E-18
6529.57406887211  1.639237E-18
6530.94175140886  1.593441E-18
6532.30943394561  1.528298E-18
6533.67711648236  1.502954E-18
6535.04479901911  1.712155E-18
6536.41248155586  1.737220E-18
6537.78016409261  1.799897E-18
6539.14784662936  1.848495E-18
6540.51552916611  1.714729E-18
6541.88321170286  1.387202E-18
6543.25089423961  1.550040E-18
6544.61857677636  1.717471E-18
6545.98625931311  1.536167E-18
6547.35394184986  2.032745E-18
6548.72162438661  1.935534E-18
6550.08930692336  1.358798E-18
6551.45698946011  1.321873E-18
6552.82467199686  1.676414E-18
6554.19235453361  1.755191E-18
6555.56003707036  1.847521E-18
6556.92771960711  1.706021E-18
6558.29540214386  1.717205E-18
6559.66308468061  1.837819E-18
6561.03076721736  1.745730E-18
6562.39844975411  1.544766E-18
6563.76613229086  1.558341E-18
6565.13381482761  1.432820E-18
6566.50149736436  1.348916E-18
6567.86917990111  1.122476E-18
6569.23686243786  1.160937E-18
6570.60454497461  1.368870E-18
6571.97222751136  1.465442E-18
6573.33991004811  1.698440E-18
6574.70759258486  1.715306E-18
6576.07527512161  1.649294E-18
6577.44295765836  1.642004E-18
6578.81064019511  1.720080E-18
6580.17832273186  1.670106E-18
6581.54600526861  1.706671E-18
6582.91368780536  2.066903E-18
6584.28137034211  1.648712E-18
6585.64905287886  1.757174E-18
6587.01673541561  1.738515E-18
6588.38441795236  1.314864E-18
6589.75210048911  1.332540E-18
6591.11978302586  1.385415E-18
6592.48746556261  1.703888E-18
6593.85514809936  1.576712E-18
6595.22283063611  1.387959E-18
6596.59051317286  1.245115E-18
6597.95819570961  1.724433E-18
6599.32587824636  1.359085E-18
6600.69356078311  1.509698E-18
6602.06124331986  1.689615E-18
6603.42892585661  1.408734E-18
6604.79660839336  1.845187E-18
6606.16429093011  1.802278E-18
6607.53197346686  2.092973E-18
6608.89965600361  2.432994E-18
6610.26733854036  2.759629E-18
6611.63502107711  2.822493E-18
6613.00270361385  2.459700E-18
6614.37038615061  2.438144E-18
6615.73806868736  2.282050E-18
6617.10575122411  2.152841E-18
6618.47343376085  1.739659E-18
6619.8411162976  1.868803E-18
6621.20879883436  1.888149E-18
6622.5764813711  1.911983E-18
6623.94416390785  1.872352E-18
6625.3118464446  2.112730E-18
6626.67952898135  1.517736E-18
6628.0472115181  1.230907E-18
6629.41489405485  1.859245E-18
6630.7825765916  1.823617E-18
6632.15025912835  1.538015E-18
6633.5179416651  1.770913E-18
6634.88562420185  1.920863E-18
6636.2533067386  1.653500E-18
6637.62098927535  1.656703E-18
6638.9886718121  1.973763E-18
6640.35635434885  1.773469E-18
6641.7240368856  1.523374E-18
6643.09171942235  1.911996E-18
6644.4594019591  1.710606E-18
6645.82708449585  1.466833E-18
6647.1947670326  1.871036E-18
6648.56244956935  2.066515E-18
6649.9301321061  1.844973E-18
6651.29781464285  1.756940E-18
6652.6654971796  1.268328E-18
6654.03317971635  1.399031E-18
6655.4008622531  1.705626E-18
6656.76854478985  1.517151E-18
6658.1362273266  1.843296E-18
6659.50390986335  1.638912E-18
6660.8715924001  1.647270E-18
6662.23927493685  1.193057E-18
6663.6069574736  1.306768E-18
6664.97464001035  1.635784E-18
6666.3423225471  1.912143E-18
6667.71000508385  1.807930E-18
6669.0776876206  1.465907E-18
6670.44537015735  1.737028E-18
6671.8130526941  1.934586E-18
6673.18073523085  1.886286E-18
6674.5484177676  1.515757E-18
6675.91610030435  1.650297E-18
6677.2837828411  1.682997E-18
6678.65146537785  1.710957E-18
6680.0191479146  1.599254E-18
6681.38683045135  1.769700E-18
6682.7545129881  1.731210E-18
6684.12219552485  2.003717E-18
6685.4898780616  1.607413E-18
6686.85756059835  1.639725E-18
6688.2252431351  1.675597E-18
6689.59292567185  1.643923E-18
6690.9606082086  1.516349E-18
6692.32829074535  1.805239E-18
6693.6959732821  1.819719E-18
6695.06365581885  1.625921E-18
6696.4313383556  1.718826E-18
6697.79902089235  1.745933E-18
6699.1667034291  2.023590E-18
6700.53438596585  1.833761E-18
6701.9020685026  1.318606E-18
6703.26975103935  1.252554E-18
6704.6374335761  1.702911E-18
6706.00511611285  1.718819E-18
6707.3727986496  1.873752E-18
6708.74048118635  1.622858E-18
6710.1081637231  1.635877E-18
6711.47584625985  1.091710E-18
6712.8435287966  1.092571E-18
6714.21121133335  1.393567E-18
6715.5788938701  1.590561E-18
6716.94657640685  1.635800E-18
6718.3142589436  1.914529E-18
6719.68194148035  1.323296E-18
6721.0496240171  1.274554E-18
6722.41730655385  1.254004E-18
6723.7849890906  1.686220E-18
6725.15267162735  1.651693E-18
6726.5203541641  1.565978E-18
6727.88803670085  1.107993E-18
6729.2557192376  1.009560E-18
6730.62340177435  1.170822E-18
6731.9910843111  1.353431E-18
6733.35876684785  1.614099E-18
6734.7264493846  1.779456E-18
6736.09413192135  1.259877E-18
6737.4618144581  1.279179E-18
6738.82949699485  1.533246E-18
6740.1971795316  1.407358E-18
6741.56486206835  1.484803E-18
6742.9325446051  1.656347E-18
6744.30022714185  1.420398E-18
6745.6679096786  1.475950E-18
6747.03559221535  1.607494E-18
6748.4032747521  1.647122E-18
6749.77095728885  1.315407E-18
6751.1386398256  1.113528E-18
6752.50632236235  1.604629E-18
6753.87400489909  1.640135E-18
6755.24168743585  1.473962E-18
6756.6093699726  1.232717E-18
6757.97705250935  1.399773E-18
6759.3447350461  1.453632E-18
6760.71241758284  1.854025E-18
6762.08010011959  1.890334E-18
6763.44778265634  1.677581E-18
6764.81546519309  1.827269E-18
6766.18314772984  1.647148E-18
6767.55083026659  1.492487E-18
6768.91851280334  1.638144E-18
6770.28619534009  1.713978E-18
6771.65387787685  1.620442E-18
6773.02156041359  1.613390E-18
6774.38924295034  1.544336E-18
6775.75692548709  1.314898E-18
6777.12460802385  1.499263E-18
6778.49229056059  1.677323E-18
6779.85997309734  1.625099E-18
6781.22765563409  1.789885E-18
6782.59533817084  1.886621E-18
6783.96302070759  2.025588E-18
6785.33070324434  1.968759E-18
6786.69838578109  1.673188E-18
6788.06606831784  1.732256E-18
6789.43375085459  1.629747E-18
6790.80143339134  1.726091E-18
6792.16911592809  1.779430E-18
6793.53679846484  1.696517E-18
6794.90448100159  1.718323E-18
6796.27216353834  1.904733E-18
6797.63984607509  1.964190E-18
6799.00752861184  1.704064E-18
6800.37521114859  1.784195E-18
6801.74289368534  1.849818E-18
6803.11057622209  1.862449E-18
6804.47825875884  2.311902E-18
6805.84594129559  2.104413E-18
6807.21362383234  1.917427E-18
6808.58130636909  1.750118E-18
6809.94898890584  1.858041E-18
6811.31667144259  1.749890E-18
6812.68435397934  1.834360E-18
6814.05203651609  1.810963E-18
6815.41971905284  1.918393E-18
6816.78740158959  1.963881E-18
6818.15508412634  2.120954E-18
6819.52276666309  1.780104E-18
6820.89044919984  1.482761E-18
6822.25813173659  1.611897E-18
6823.62581427334  1.716833E-18
6824.99349681009  1.972359E-18
6826.36117934684  1.840607E-18
6827.72886188359  1.686399E-18
6829.09654442034  1.451092E-18
6830.46422695709  1.628959E-18
6831.83190949384  1.763223E-18
6833.19959203059  1.944311E-18
6834.56727456734  1.619907E-18
6835.93495710409  1.696830E-18
6837.30263964084  1.750903E-18
6838.67032217759  1.711510E-18
6840.03800471434  1.603954E-18
6841.40568725109  1.771675E-18
6842.77336978784  1.800369E-18
6844.14105232459  1.603879E-18
6845.50873486134  1.699114E-18
6846.87641739809  1.762220E-18
6848.24409993484  1.909526E-18
6849.61178247159  1.962442E-18
6850.97946500834  2.088107E-18
6852.34714754509  2.242662E-18
6853.71483008184  1.802484E-18
6855.08251261859  2.074485E-18
6856.45019515534  1.900667E-18
6857.81787769209  1.561256E-18
6859.18556022884  1.685066E-18
6860.55324276559  1.965203E-18
6861.92092530234  2.144256E-18
6863.28860783909  2.049165E-18
6864.65629037584  1.551689E-18
6866.02397291259  1.650779E-18
6867.39165544934  1.614700E-18
6868.75933798609  1.587544E-18
6870.12702052284  1.513923E-18
6871.49470305959  1.592863E-18
6872.86238559634  1.679524E-18
6874.23006813309  1.597137E-18
6875.59775066984  1.946976E-18
6876.96543320659  1.939806E-18
6878.33311574334  1.720313E-18
6879.70079828009  1.865876E-18
6881.06848081684  1.713259E-18
6882.43616335359  1.775108E-18
6883.80384589034  1.774994E-18
6885.17152842709  1.482071E-18
6886.53921096384  1.197156E-18
6887.90689350059  1.403511E-18
6889.27457603733  1.887616E-18
6890.64225857409  1.877302E-18
6892.00994111083  1.543202E-18
6893.37762364759  1.673889E-18
6894.74530618434  1.879925E-18
6896.11298872108  1.941684E-18
6897.48067125783  2.017731E-18
6898.84835379459  1.958952E-18
6900.21603633133  2.113304E-18
6901.58371886809  1.932997E-18
6902.95140140483  1.822046E-18
6904.31908394159  1.910366E-18
6905.68676647833  2.081284E-18
6907.05444901508  2.051846E-18
6908.42213155183  2.080348E-18
6909.78981408858  2.046545E-18
6911.15749662533  2.469262E-18
6912.52517916208  2.385903E-18
6913.89286169883  2.276917E-18
6915.26054423558  2.030088E-18
6916.62822677233  1.910650E-18
6917.99590930908  1.968031E-18
6919.36359184583  1.925214E-18
6920.73127438258  2.186595E-18
6922.09895691933  2.209085E-18
6923.46663945608  2.045715E-18
6924.83432199283  1.891656E-18
6926.20200452958  1.771885E-18
6927.56968706633  2.100524E-18
6928.93736960308  2.217223E-18
6930.30505213983  1.884003E-18
6931.67273467658  1.840985E-18
6933.04041721333  2.095827E-18
6934.40809975008  2.377090E-18
6935.77578228683  2.398090E-18
6937.14346482358  2.216411E-18
6938.51114736033  2.380985E-18
6939.87882989708  1.983627E-18
6941.24651243383  1.671065E-18
6942.61419497058  2.053195E-18
6943.98187750733  2.139913E-18
6945.34956004408  2.266537E-18
6946.71724258083  1.966557E-18
6948.08492511758  1.503592E-18
6949.45260765433  1.380552E-18
6950.82029019108  1.707142E-18
6952.18797272783  2.144212E-18
6953.55565526458  2.138199E-18
6954.92333780133  2.038082E-18
6956.29102033808  2.327154E-18
6957.65870287483  2.201064E-18
6959.02638541158  2.262667E-18
6960.39406794833  2.232603E-18
6961.76175048508  1.980647E-18
6963.12943302183  2.399768E-18
6964.49711555858  2.016374E-18
6965.86479809533  2.251572E-18
6967.23248063208  2.265245E-18
6968.60016316883  2.079765E-18
6969.96784570558  1.518632E-18
6971.33552824233  1.925649E-18
6972.70321077908  2.024242E-18
6974.07089331583  2.022812E-18
6975.43857585258  1.837975E-18
6976.80625838933  1.924674E-18
6978.17394092608  1.880299E-18
6979.54162346283  2.146002E-18
6980.90930599958  1.915002E-18
6982.27698853633  1.922746E-18
6983.64467107308  2.021891E-18
6985.01235360983  2.158470E-18
6986.38003614658  2.090841E-18
6987.74771868333  1.793700E-18
6989.11540122008  1.596452E-18
6990.48308375683  2.088245E-18
6991.85076629358  1.936172E-18
6993.21844883033  1.864643E-18
6994.58613136708  1.762594E-18
6995.95381390383  1.797835E-18
6997.32149644058  1.951903E-18
6998.68917897733  2.017148E-18
7000.05686151408  1.953619E-18
7001.42454405083  1.966260E-18
7002.79222658758  1.984489E-18
7004.15990912433  1.861153E-18
7005.52759166108  1.902768E-18
7006.89527419783  2.100296E-18
7008.26295673458  2.016809E-18
7009.63063927133  2.278840E-18
7010.99832180808  2.310297E-18
7012.36600434483  1.927617E-18
7013.73368688158  2.009202E-18
7015.10136941833  1.865393E-18
7016.46905195508  1.672528E-18
7017.83673449183  1.805020E-18
7019.20441702858  1.792848E-18
7020.57209956533  2.058708E-18
7021.93978210208  2.103893E-18
7023.30746463883  1.826700E-18
7024.67514717558  1.855704E-18
7026.04282971233  1.708532E-18
7027.41051224908  2.110539E-18
7028.77819478583  2.189635E-18
7030.14587732258  2.131323E-18
7031.51355985933  2.315523E-18
7032.88124239608  2.111412E-18
7034.24892493282  1.727237E-18
7035.61660746958  1.721012E-18
7036.98429000633  1.926403E-18
7038.35197254307  2.023366E-18
7039.71965507982  1.736770E-18
7041.08733761658  1.865718E-18
7042.45502015333  2.316471E-18
7043.82270269007  2.448719E-18
7045.19038522683  1.948122E-18
7046.55806776357  1.975784E-18
7047.92575030032  2.322437E-18
7049.29343283707  1.900524E-18
7050.66111537382  1.677749E-18
7052.02879791057  1.692123E-18
7053.39648044732  1.886998E-18
7054.76416298408  2.070067E-18
7056.13184552082  1.992402E-18
7057.49952805757  1.962853E-18
7058.86721059432  1.978066E-18
7060.23489313107  1.820878E-18
7061.60257566782  1.876675E-18
7062.97025820457  1.797021E-18
7064.33794074132  1.757390E-18
7065.70562327807  1.914270E-18
7067.07330581482  2.104194E-18
7068.44098835157  1.741981E-18
7069.80867088832  1.952536E-18
7071.17635342507  1.972374E-18
7072.54403596182  1.909352E-18
7073.91171849857  2.049423E-18
7075.27940103532  1.804612E-18
7076.64708357207  1.775415E-18
7078.01476610882  1.893580E-18
7079.38244864557  1.791271E-18
7080.75013118232  1.837294E-18
7082.11781371907  1.993017E-18
7083.48549625582  1.924373E-18
7084.85317879257  1.853236E-18
7086.22086132932  1.665754E-18
7087.58854386607  1.642547E-18
7088.95622640282  1.547297E-18
7090.32390893957  1.603350E-18
7091.69159147632  1.790137E-18
7093.05927401307  1.703224E-18
7094.42695654982  1.779135E-18
7095.79463908657  1.794496E-18
7097.16232162332  1.799546E-18
7098.53000416007  1.689799E-18
7099.89768669682  1.909012E-18
7101.26536923357  1.842183E-18
7102.63305177032  1.820187E-18
7104.00073430707  1.702104E-18
7105.36841684382  1.655967E-18
7106.73609938057  1.834310E-18
7108.10378191732  1.760514E-18
7109.47146445407  1.925243E-18
7110.83914699082  2.108046E-18
7112.20682952757  1.848915E-18
7113.57451206432  1.958037E-18
7114.94219460107  1.976082E-18
7116.30987713782  1.778602E-18
7117.67755967457  1.632482E-18
7119.04524221132  1.731262E-18
7120.41292474807  1.636168E-18
7121.78060728482  1.349571E-18
7123.14828982157  1.608381E-18
7124.51597235832  1.801206E-18
7125.88365489507  1.689860E-18
7127.25133743182  1.744577E-18
7128.61901996857  1.732221E-18
7129.98670250532  1.456484E-18
7131.35438504207  1.425090E-18
7132.72206757882  1.717056E-18
7134.08975011557  1.762400E-18
7135.45743265232  1.645289E-18
7136.82511518907  1.591658E-18
7138.19279772582  1.625887E-18
7139.56048026257  1.824378E-18
7140.92816279932  1.600512E-18
7142.29584533607  1.510631E-18
7143.66352787282  1.759269E-18
7145.03121040957  1.495118E-18
7146.39889294632  1.903592E-18
7147.76657548307  1.639842E-18
7149.13425801982  1.434440E-18
7150.50194055657  1.594392E-18
7151.86962309332  1.679727E-18
7153.23730563007  1.672327E-18
7154.60498816682  1.802408E-18
7155.97267070357  1.620851E-18
7157.34035324032  1.598241E-18
7158.70803577707  1.463304E-18
7160.07571831382  1.538216E-18
7161.44340085056  1.652571E-18
7162.81108338732  1.568882E-18
7164.17876592407  1.662748E-18
7165.54644846082  1.806228E-18
7166.91413099757  1.580902E-18
7168.28181353432  1.420362E-18
7169.64949607107  1.670676E-18
7171.01717860782  1.488134E-18
7172.38486114457  1.509554E-18
7173.75254368131  1.575747E-18
7175.12022621807  1.577379E-18
7176.48790875481  1.551159E-18
7177.85559129157  1.499941E-18
7179.22327382832  1.367664E-18
7180.59095636506  1.482726E-18
7181.95863890182  1.688946E-18
7183.32632143857  1.478753E-18
7184.69400397531  1.381575E-18
7186.06168651206  1.164979E-18
7187.42936904881  1.380049E-18
7188.79705158557  1.459714E-18
7190.16473412231  1.617822E-18
7191.53241665906  1.593695E-18
7192.90009919581  1.641958E-18
7194.26778173256  1.654382E-18
7195.63546426931  1.365062E-18
7197.00314680606  1.457096E-18
7198.37082934281  1.339052E-18
7199.73851187956  1.304407E-18
7201.10619441631  1.207711E-18
7202.47387695306  1.270934E-18
7203.84155948981  1.343941E-18
7205.20924202656  1.186236E-18
7206.57692456331  1.290289E-18
7207.94460710006  1.334673E-18
7209.31228963681  1.404885E-18
7210.67997217356  1.230852E-18
7212.04765471031  1.406321E-18
7213.41533724706  1.252225E-18
7214.78301978381  1.261726E-18
7216.15070232056  1.660488E-18
7217.51838485731  1.868183E-18
7218.88606739406  1.585571E-18
7220.25374993081  1.375978E-18
7221.62143246756  1.528272E-18
7222.98911500431  1.686133E-18
7224.35679754106  1.568965E-18
7225.72448007781  1.497980E-18
7227.09216261456  1.356309E-18
7228.45984515131  1.695811E-18
7229.82752768806  1.676801E-18
7231.19521022481  1.305940E-18
7232.56289276156  1.959518E-18
7233.93057529831  1.668859E-18
7235.29825783506  1.404530E-18
7236.66594037181  1.010433E-18
7238.03362290856  1.134537E-18
7239.40130544531  1.034182E-18
7240.76898798206  9.566674E-19
7242.13667051881  1.062754E-18
7243.50435305556  1.479744E-18
7244.87203559231  1.635398E-18
7246.23971812906  1.528540E-18
7247.60740066581  1.251594E-18
7248.97508320256  1.056888E-18
7250.34276573931  9.345832E-19
7251.71044827606  9.270189E-19
7253.07813081281  1.196322E-18
7254.44581334956  1.226560E-18
7255.81349588631  1.317926E-18
7257.18117842306  1.297062E-18
7258.54886095981  9.951317E-19
7259.91654349656  1.128681E-18
7261.28422603331  1.126628E-18
7262.65190857006  1.129981E-18
7264.01959110681  1.156234E-18
7265.38727364356  1.093402E-18
7266.75495618031  8.090558E-19
7268.12263871706  1.176191E-18
7269.49032125381  1.367591E-18
7270.85800379056  1.443517E-18
7272.22568632731  1.143907E-18
7273.59336886406  1.006443E-18
7274.96105140081  1.047045E-18
7276.32873393756  1.267191E-18
7277.69641647431  1.138738E-18
7279.06409901106  9.924656E-19
7280.43178154781  1.006908E-18
7281.79946408456  1.237701E-18
7283.16714662131  1.109604E-18
7284.53482915806  1.083867E-18
7285.90251169481  1.369177E-18
7287.27019423156  1.437331E-18
7288.63787676831  1.298588E-18
7290.00555930506  1.391981E-18
7291.37324184181  1.615226E-18
7292.74092437856  1.424113E-18
7294.10860691531  1.589448E-18
7295.47628945206  1.843727E-18
7296.84397198881  1.645530E-18
7298.21165452556  1.394211E-18
7299.57933706231  1.536595E-18
7300.94701959906  1.275943E-18
7302.31470213581  1.391441E-18
7303.68238467256  1.650086E-18
7305.05006720931  1.676314E-18
7306.41774974606  1.088171E-18
7307.78543228281  1.300013E-18
7309.15311481956  1.140546E-18
7310.52079735631  7.862097E-19
7311.88847989306  1.018634E-18
7313.25616242981  1.387331E-18
7314.62384496655  1.616834E-18
7315.99152750331  1.383446E-18
7317.35921004006  1.409268E-18
7318.7268925768  1.243810E-18
7320.09457511356  1.351445E-18
7321.46225765031  1.491456E-18
7322.82994018706  1.271030E-18
7324.1976227238  1.442695E-18
7325.56530526055  1.414269E-18
7326.9329877973  1.381609E-18
7328.30067033405  1.453586E-18
7329.6683528708  1.483715E-18
7331.03603540755  1.460691E-18
7332.40371794431  1.492039E-18
7333.77140048105  1.589495E-18
7335.1390830178  1.874713E-18
7336.50676555455  1.598574E-18
7337.8744480913  1.412041E-18
7339.24213062805  1.596222E-18
7340.6098131648  1.557508E-18
7341.97749570155  1.296010E-18
7343.3451782383  1.301599E-18
7344.71286077505  1.327114E-18
7346.0805433118  1.647965E-18
7347.44822584855  1.652477E-18
7348.8159083853  1.390170E-18
7350.18359092205  1.455319E-18
7351.5512734588  1.595416E-18
7352.91895599555  1.477968E-18
7354.2866385323  1.474851E-18
7355.65432106905  1.379234E-18
7357.0220036058  1.474632E-18
7358.38968614255  1.404947E-18
7359.7573686793  1.610778E-18
7361.12505121605  1.456120E-18
7362.4927337528  1.381152E-18
7363.86041628955  1.640415E-18
7365.2280988263  1.320996E-18
7366.59578136305  1.153651E-18
7367.9634638998  1.259168E-18
7369.33114643655  1.147847E-18
7370.6988289733  1.353262E-18
7372.06651151005  1.547305E-18
7373.4341940468  1.606352E-18
7374.80187658355  1.646850E-18
7376.1695591203  1.558890E-18
7377.53724165705  1.726967E-18
7378.9049241938  1.877604E-18
7380.27260673055  1.800952E-18
7381.6402892673  1.600412E-18
7383.00797180405  1.338333E-18
7384.3756543408  1.323513E-18
7385.74333687755  1.506516E-18
7387.1110194143  1.120664E-18
7388.47870195105  1.504176E-18
7389.8463844878  1.743046E-18
7391.21406702455  1.370514E-18
7392.5817495613  1.728183E-18
7393.94943209805  1.920344E-18
7395.3171146348  1.423406E-18
7396.68479717155  1.139624E-18
7398.0524797083  1.651945E-18
7399.42016224505  2.203205E-18
7400.7878447818  2.781349E-18
7402.15552731855  3.429190E-18
7403.5232098553  3.633277E-18
7404.89089239205  4.026992E-18
7406.2585749288  3.760383E-18
7407.62625746555  3.318732E-18
7408.9939400023  2.822197E-18
7410.36162253905  2.200469E-18
7411.7293050758  1.710247E-18
7413.09698761255  1.512864E-18
7414.4646701493  1.385142E-18
7415.83235268605  1.380873E-18
7417.2000352228  1.489729E-18
7418.56771775955  1.591418E-18
7419.9354002963  1.657776E-18
7421.30308283305  1.474161E-18
7422.6707653698  1.456666E-18
7424.03844790655  1.474185E-18
7425.4061304433  1.513968E-18
7426.77381298005  1.827259E-18
7428.1414955168  1.893523E-18
7429.50917805355  1.586927E-18
7430.8768605903  1.645442E-18
7432.24454312705  1.514204E-18
7433.6122256638  1.627805E-18
7434.97990820055  1.610186E-18
7436.3475907373  1.452736E-18
7437.71527327405  1.475886E-18
7439.0829558108  1.605730E-18
7440.45063834755  1.725783E-18
7441.8183208843  1.710850E-18
7443.18600342105  1.607305E-18
7444.5536859578  1.508460E-18
7445.92136849455  1.488762E-18
7447.2890510313  1.661332E-18
7448.65673356805  1.412559E-18
7450.0244161048  1.200887E-18
7451.39209864155  1.329954E-18
7452.7597811783  1.398968E-18
7454.12746371505  1.495998E-18
7455.4951462518  1.524270E-18
7456.86282878854  1.694400E-18
7458.23051132529  1.699041E-18
7459.59819386205  1.609826E-18
7460.96587639879  1.636087E-18
7462.33355893555  1.780485E-18
7463.70124147229  1.891614E-18
7465.06892400904  1.844516E-18
7466.4366065458  1.635733E-18
7467.80428908254  1.474099E-18
7469.17197161929  1.816836E-18
7470.53965415604  1.540290E-18
7471.90733669279  1.345347E-18
7473.27501922954  1.480071E-18
7474.64270176629  1.722341E-18
7476.01038430304  1.853280E-18
7477.37806683979  1.712676E-18
7478.74574937654  1.668508E-18
7480.11343191329  1.687723E-18
7481.48111445004  1.966820E-18
7482.84879698679  1.490556E-18
7484.21647952354  1.330930E-18
7485.58416206029  1.525246E-18
7486.95184459704  1.705891E-18
7488.31952713379  1.687647E-18
7489.68720967054  1.929272E-18
7491.05489220729  1.516795E-18
7492.42257474404  1.311293E-18
7493.79025728079  1.491393E-18
7495.15793981754  1.482289E-18
7496.52562235429  1.744657E-18
7497.89330489104  1.793164E-18
7499.26098742779  1.809388E-18
7500.62866996454  1.944387E-18
7501.99635250129  1.618727E-18
7503.36403503804  1.734782E-18
7504.73171757479  1.859358E-18
7506.09940011154  1.737587E-18
7507.46708264829  1.547939E-18
7508.83476518504  1.754465E-18
7510.20244772179  1.762490E-18
7511.57013025854  1.566875E-18
7512.93781279529  1.973522E-18
7514.30549533204  1.888236E-18
7515.67317786879  1.691877E-18
7517.04086040554  1.722284E-18
7518.40854294229  1.876751E-18
7519.77622547904  2.160852E-18
7521.14390801579  1.810389E-18
7522.51159055254  1.373469E-18
7523.87927308929  1.202085E-18
7525.24695562604  1.454538E-18
7526.61463816279  1.604775E-18
7527.98232069954  1.542055E-18
7529.35000323629  1.510942E-18
7530.71768577304  1.483552E-18
7532.08536830979  1.633954E-18
7533.45305084654  1.801402E-18
7534.82073338329  1.636366E-18
7536.18841592004  1.535683E-18
7537.55609845679  1.823471E-18
7538.92378099354  1.853393E-18
7540.29146353029  1.684053E-18
7541.65914606704  2.012664E-18
7543.02682860379  1.966645E-18
7544.39451114054  1.878880E-18
7545.76219367729  1.794720E-18
7547.12987621404  2.293460E-18
7548.49755875079  2.759481E-18
7549.86524128754  3.779993E-18
7551.23292382429  4.507534E-18
7552.60060636104  4.698403E-18
7553.96828889779  5.012452E-18
7555.33597143454  5.032497E-18
7556.70365397129  3.781790E-18
7558.07133650804  2.923576E-18
7559.43901904479  2.661687E-18
7560.80670158154  1.999969E-18
7562.17438411829  1.954605E-18
7563.54206665504  1.739695E-18
7564.90974919179  1.467052E-18
7566.27743172854  1.554958E-18
7567.64511426529  1.711616E-18
7569.01279680204  2.099025E-18
7570.38047933879  1.937511E-18
7571.74816187554  1.635110E-18
7573.11584441229  1.695097E-18
7574.48352694904  1.611550E-18
7575.85120948579  1.627192E-18
7577.21889202254  1.772256E-18
7578.58657455929  1.713996E-18
7579.95425709604  1.791808E-18
7581.32193963279  1.959849E-18
7582.68962216954  1.701859E-18
7584.05730470629  1.387727E-18
7585.42498724304  1.165165E-18
7586.79266977979  1.205164E-18
7588.16035231654  1.131755E-18
7589.52803485329  1.432679E-18
7590.89571739004  1.048259E-18
7592.26339992678  7.523686E-19
7593.63108246354  7.893228E-19
7594.99876500028  8.436797E-19
7596.36644753704  6.599398E-19
7597.73413007378  4.551891E-19
7599.10181261053  5.372738E-19
7600.46949514728  7.386143E-19
7601.83717768403  5.454266E-19
7603.20486022078  5.991931E-19
7604.57254275754  7.755067E-19
7605.94022529428  7.423819E-19
7607.30790783103  1.003877E-18
7608.67559036778  8.572431E-19
7610.04327290453  9.985511E-19
7611.41095544128  1.041943E-18
7612.77863797803  1.304327E-18
7614.14632051478  1.114020E-18
7615.51400305153  1.160890E-18
7616.88168558828  1.105863E-18
7618.24936812503  1.380859E-18
7619.61705066178  1.877337E-18
7620.98473319853  2.387128E-18
7622.35241573528  3.160845E-18
7623.72009827203  3.790956E-18
7625.08778080878  4.571244E-18
7626.45546334553  5.733061E-18
7627.82314588228  5.751407E-18
7629.19082841903  4.656186E-18
7630.55851095578  3.959061E-18
7631.92619349253  2.722887E-18
7633.29387602928  1.523069E-18
7634.66155856603  1.335065E-18
7636.02924110278  1.043601E-18
7637.39692363953  1.026610E-18
7638.76460617628  9.945500E-19
7640.13228871303  9.473580E-19
7641.49997124978  9.283220E-19
7642.86765378653  1.052838E-18
7644.23533632328  1.283965E-18
7645.60301886003  1.124163E-18
7646.97070139678  1.030920E-18
7648.33838393353  1.135988E-18
7649.70606647028  1.131311E-18
7651.07374900703  9.880273E-19
7652.44143154378  1.131630E-18
7653.80911408053  1.378395E-18
7655.17679661728  1.188689E-18
7656.54447915403  1.125425E-18
7657.91216169078  1.369824E-18
7659.27984422753  1.282902E-18
7660.64752676428  1.219068E-18
7662.01520930103  1.383637E-18
7663.38289183778  1.350232E-18
7664.75057437453  1.281262E-18
7666.11825691128  1.341371E-18
7667.48593944803  1.304328E-18
7668.85362198478  1.148029E-18
7670.22130452153  1.201916E-18
7671.58898705828  1.441051E-18
7672.95666959503  1.383156E-18
7674.32435213178  1.310491E-18
7675.69203466853  1.304689E-18
7677.05971720528  1.403591E-18
7678.42739974203  1.450617E-18
7679.79508227878  1.498922E-18
7681.16276481553  1.423257E-18
7682.53044735228  1.388847E-18
7683.89812988903  1.370023E-18
7685.26581242578  1.226545E-18
7686.63349496253  1.410342E-18
7688.00117749928  1.571435E-18
7689.36886003603  1.559259E-18
7690.73654257278  1.549998E-18
7692.10422510953  1.590342E-18
7693.47190764628  1.504347E-18
7694.83959018303  1.527200E-18
7696.20727271978  1.707264E-18
7697.57495525653  1.728318E-18
7698.94263779328  1.707152E-18
7700.31032033003  1.459698E-18
7701.67800286678  1.397379E-18
7703.04568540353  1.594173E-18
7704.41336794028  1.720814E-18
7705.78105047703  1.814404E-18
7707.14873301378  1.716617E-18
7708.51641555053  1.640960E-18
7709.88409808728  1.272659E-18
7711.25178062403  1.616821E-18
7712.61946316078  9.160978E-19
7713.98714569753  6.490655E-19
7715.35482823428  8.989253E-19
7716.72251077103  9.771581E-19
7718.09019330778  1.387865E-18
7719.45787584453  1.409086E-18
7720.82555838128  1.009059E-18
7722.19324091803  1.148224E-18
7723.56092345478  1.433131E-18
7724.92860599153  1.329190E-18
7726.29628852827  1.415010E-18
7727.66397106502  1.545406E-18
7729.03165360177  1.411236E-18
7730.39933613853  1.464511E-18
7731.76701867528  1.342797E-18
7733.13470121202  1.254329E-18
7734.50238374877  1.369724E-18
7735.87006628552  1.519667E-18
7737.23774882228  1.549916E-18
7738.60543135903  1.386606E-18
7739.97311389577  1.333254E-18
7741.34079643252  8.304098E-19
7742.70847896928  1.370792E-18
7744.07616150602  1.514746E-18
7745.44384404277  1.691210E-18
7746.81152657953  1.472882E-18
7748.17920911627  1.513074E-18
7749.54689165302  1.513255E-18
7750.91457418977  1.198353E-18
7752.28225672652  1.030622E-18
7753.64993926327  1.014207E-18
7755.01762180002  1.104271E-18
7756.38530433677  1.427057E-18
7757.75298687352  1.065981E-18
7759.12066941027  1.367655E-18
7760.48835194702  1.496416E-18
7761.85603448377  1.361367E-18
7763.22371702052  1.305883E-18
7764.59139955727  1.185298E-18
7765.95908209402  1.360309E-18
7767.32676463077  1.553006E-18
7768.69444716752  1.328681E-18
7770.06212970427  1.412439E-18
7771.42981224102  1.919119E-18
7772.79749477777  1.633440E-18
7774.16517731452  1.413732E-18
7775.53285985127  1.596090E-18
7776.90054238802  1.271004E-18
7778.26822492477  1.310242E-18
7779.63590746152  1.481338E-18
7781.00358999827  1.511228E-18
7782.37127253502  1.242461E-18
7783.73895507177  8.315986E-19
7785.10663760852  1.727627E-18
7786.47432014527  1.894524E-18
7787.84200268202  1.577723E-18
7789.20968521877  1.608969E-18
7790.57736775552  1.207193E-18
7791.94505029227  1.506823E-18
7793.31273282902  1.311344E-18
7794.68041536577  1.540400E-18
7796.04809790252  1.563212E-18
7797.41578043927  2.010423E-18
7798.78346297602  1.653551E-18
7800.15114551277  1.448702E-18
7801.51882804952  1.633583E-18
7802.88651058627  1.806066E-18
7804.25419312302  1.738960E-18
7805.62187565977  1.480115E-18
7806.98955819652  1.315317E-18
7808.35724073327  1.760566E-18
7809.72492327002  1.800985E-18
7811.09260580677  1.823671E-18
7812.46028834352  1.687657E-18
7813.82797088027  1.632188E-18
7815.19565341702  1.604157E-18
7816.56333595377  1.510368E-18
7817.93101849052  1.290898E-18
7819.29870102727  1.003773E-18
7820.66638356402  1.139339E-18
7822.03406610077  1.106595E-18
7823.40174863752  1.017421E-18
7824.76943117427  1.319490E-18
7826.13711371102  1.732482E-18
7827.50479624777  1.645893E-18
7828.87247878452  1.449362E-18
7830.24016132127  1.546406E-18
7831.60784385802  1.581701E-18
7832.97552639477  1.655881E-18
7834.34320893152  1.857778E-18
7835.71089146827  1.593629E-18
7837.07857400502  1.557662E-18
7838.44625654177  1.532281E-18
7839.81393907852  1.607262E-18
7841.18162161527  1.675061E-18
7842.54930415202  1.689988E-18
7843.91698668877  1.623404E-18
7845.28466922552  1.523623E-18
7846.65235176227  9.282147E-19
7848.02003429902  5.350397E-19
7849.38771683577  1.018297E-18
7850.75539937252  1.250049E-18
7852.12308190927  1.151032E-18
7853.49076444602  1.131907E-18
7854.85844698277  1.491645E-18
7856.22612951952  1.512091E-18
7857.59381205627  1.944776E-18
7858.96149459302  1.868970E-18
7860.32917712977  1.407227E-18
7861.69685966651  1.289885E-18
7863.06454220326  1.637208E-18
7864.43222474002  1.487880E-18
7865.79990727677  1.435627E-18
7867.16758981351  1.039843E-18
7868.53527235027  1.213425E-18
7869.90295488702  1.319596E-18
7871.27063742376  1.605662E-18
7872.63831996052  1.983946E-18
7874.00600249727  2.098835E-18
7875.37368503402  1.736127E-18
7876.74136757076  1.324705E-18
7905.46270084251  1.376722E-18
7906.83038337926  1.666441E-18
7908.19806591601  1.491804E-18
7909.56574845276  1.817355E-18
7910.93343098951  1.407646E-18
7912.30111352626  1.043001E-18
7913.66879606301  1.287904E-18
7915.03647859976  1.209723E-18
7916.40416113651  1.159749E-18
7917.77184367326  1.769766E-18
7919.13952621001  1.865844E-18
7920.50720874676  1.590275E-18
7921.87489128351  1.590052E-18
7923.24257382026  1.653216E-18
7924.61025635701  1.679225E-18
7925.97793889376  1.519725E-18
7927.34562143051  1.751423E-18
7928.71330396726  1.754448E-18
7930.08098650401  1.376429E-18
7931.44866904076  1.445593E-18
7932.81635157751  1.578304E-18
7934.18403411426  1.717544E-18
7935.55171665101  1.774962E-18
7936.91939918776  1.881541E-18
7938.28708172451  1.815384E-18
7939.65476426126  2.092863E-18
7941.02244679801  1.967055E-18
7942.39012933476  1.588427E-18
7943.75781187151  1.386027E-18
7945.12549440826  1.490473E-18
7946.49317694501  1.652256E-18
7947.86085948176  1.809229E-18
7949.22854201851  1.760252E-18
7950.59622455526  1.732137E-18
7951.96390709201  1.945245E-18
7953.33158962876  1.922039E-18
7954.69927216551  2.150508E-18
7956.06695470226  2.092944E-18
7957.43463723901  2.201360E-18
7958.80231977576  2.051583E-18
7960.17000231251  2.040664E-18
7961.53768484926  1.447586E-18
7962.90536738601  2.031096E-18
7964.27304992276  1.658583E-18
7965.64073245951  1.825391E-18
7967.00841499626  1.963321E-18
7968.37609753301  2.171540E-18
7969.74378006976  2.207240E-18
7971.11146260651  2.160102E-18
7972.47914514326  1.922903E-18
7973.84682768001  1.886719E-18
7975.21451021676  1.641168E-18
7976.58219275351  1.666606E-18
7977.94987529026  1.425475E-18
7979.31755782701  1.318971E-18
7980.68524036376  1.429231E-18
7982.05292290051  1.801807E-18
7983.42060543726  1.837781E-18
7984.78828797401  1.327629E-18
7986.15597051076  1.036550E-18
7987.52365304751  1.756994E-18
7988.89133558426  1.605102E-18
7990.25901812101  1.782619E-18
7991.62670065776  1.793730E-18
7992.99438319451  1.525949E-18
7994.36206573126  1.592402E-18
7995.72974826801  1.605476E-18
7997.09743080476  1.839165E-18
7998.46511334151  1.964150E-18
7999.83279587826  2.017657E-18
8001.200478415  1.882408E-18
8002.56816095176  1.767996E-18
8003.9358434885  1.669601E-18
8005.30352602526  1.410309E-18
8006.67120856201  1.594218E-18
8008.03889109876  1.580139E-18
8009.40657363551  1.647815E-18
8010.77425617226  1.787083E-18
8012.141938709  1.892270E-18
8013.50962124576  1.923230E-18
8014.87730378251  2.109241E-18
8016.24498631925  2.007583E-18
8017.61266885601  1.784010E-18
8018.98035139275  1.855606E-18
8020.34803392951  1.693037E-18
8021.71571646625  1.610851E-18
8023.083399003  1.453674E-18
8024.45108153975  1.373955E-18
8025.8187640765  1.225164E-18
8027.18644661325  1.403739E-18
8028.55412915  1.808680E-18
8029.92181168675  1.883073E-18
8031.2894942235  1.788642E-18
8032.65717676025  1.825945E-18
8034.024859297  1.892741E-18
8035.39254183375  1.905746E-18
8036.7602243705  1.898358E-18
8038.12790690725  1.932234E-18
8039.495589444  1.894071E-18
8040.86327198075  1.890303E-18
8042.2309545175  1.859367E-18
8043.59863705425  1.809300E-18
8044.966319591  2.016923E-18
8046.33400212775  1.937720E-18
8047.7016846645  1.779404E-18
8049.06936720125  2.043973E-18
8050.437049738  2.197539E-18
8051.80473227475  2.234208E-18
8053.1724148115  2.253355E-18
8054.54009734825  2.168867E-18
8055.907779885  2.148596E-18
8057.27546242175  2.087617E-18
8058.6431449585  1.610565E-18
8060.01082749525  1.623999E-18
8061.378510032  1.876239E-18
8062.74619256875  1.730363E-18
8064.1138751055  1.832431E-18
8065.48155764225  1.781045E-18
8066.849240179  1.774040E-18
8068.21692271575  1.643377E-18
8069.5846052525  1.570599E-18
8070.95228778925  1.713067E-18
8072.319970326  1.908812E-18
8073.68765286275  1.900040E-18
8075.0553353995  1.897850E-18
8076.42301793625  1.845384E-18
8077.790700473  2.010758E-18
8079.15838300975  1.840133E-18
8080.5260655465  1.998478E-18
8081.89374808325  2.218910E-18
8083.26143062  2.175625E-18
8084.62911315675  1.925588E-18
8085.9967956935  1.863745E-18
8087.36447823025  1.870391E-18
8088.732160767  1.878139E-18
8090.09984330375  2.071094E-18
8091.4675258405  2.087842E-18
8092.83520837725  2.129207E-18
8094.202890914  2.198216E-18
8095.57057345075  2.015112E-18
8096.9382559875  1.717458E-18
8098.30593852425  1.247825E-18
8099.673621061  1.593836E-18
8101.04130359775  1.766081E-18
8102.4089861345  1.622422E-18
8103.77666867125  1.562028E-18
8105.144351208  1.575482E-18
8106.51203374475  1.978610E-18
8107.8797162815  2.188777E-18
8109.24739881825  2.114698E-18
8110.615081355  1.883767E-18
8111.98276389175  1.796992E-18
8113.3504464285  1.964465E-18
8114.71812896525  2.001236E-18
8116.085811502  1.864854E-18
8117.45349403875  1.787605E-18
8118.8211765755  1.766971E-18
8120.18885911225  1.560377E-18
8121.556541649  1.547359E-18
8122.92422418575  1.742469E-18
8124.2919067225  1.840768E-18
8125.65958925925  1.531934E-18
8127.027271796  1.840610E-18
8128.39495433274  1.798521E-18
8129.7626368695  1.517589E-18
8131.13031940624  1.598378E-18
8132.498001943  1.716392E-18
8133.86568447975  1.903740E-18
8135.2333670165  1.932485E-18
8136.60104955325  1.737974E-18
8137.96873209  1.508849E-18
8139.33641462674  1.697595E-18
8140.7040971635  1.760424E-18
8142.07177970025  1.828364E-18
8143.43946223699  1.557672E-18
8144.80714477375  1.481528E-18
8146.17482731049  1.582851E-18
8147.54250984725  1.686520E-18
8148.910192384  1.661714E-18
8150.27787492075  1.542022E-18
8151.6455574575  1.408718E-18
8153.01323999425  1.629832E-18
8154.38092253099  1.697489E-18
8155.74860506775  1.829765E-18
8157.1162876045  1.612003E-18
8158.48397014124  1.521974E-18
8159.851652678  1.661995E-18
8161.21933521474  1.649846E-18
8162.5870177515  1.521284E-18
8163.95470028824  1.763580E-18
8165.32238282499  1.661524E-18
8166.69006536174  1.606901E-18
8168.05774789849  1.531830E-18
8169.42543043524  1.649785E-18
8170.79311297199  1.718235E-18
8172.16079550874  1.691934E-18
8173.52847804549  1.640261E-18
8174.89616058224  1.750463E-18
8176.26384311899  1.825665E-18
8177.63152565574  1.702650E-18
8178.99920819249  1.639256E-18
8180.36689072924  1.727800E-18
8181.73457326599  1.760796E-18
8183.10225580274  1.609698E-18
8184.46993833949  1.644181E-18
8185.83762087624  1.640652E-18
8187.20530341299  1.633463E-18
8188.57298594974  1.550968E-18
8189.94066848649  1.748361E-18
8191.30835102324  1.794911E-18
8192.67603355999  1.820795E-18
8194.04371609674  1.395244E-18
8195.41139863349  1.611259E-18
8196.77908117024  1.667712E-18
8198.14676370699  1.798194E-18
8199.51444624374  1.843331E-18
8200.88212878049  1.926930E-18
8202.24981131724  2.050219E-18
8203.61749385399  1.895596E-18
8204.98517639074  1.670789E-18
8206.35285892749  1.665756E-18
8207.72054146424  1.641531E-18
8209.08822400099  1.634632E-18
8210.45590653774  1.631717E-18
8211.82358907449  1.730254E-18
8213.19127161124  1.658716E-18
8214.55895414799  1.722047E-18
8215.92663668474  1.726128E-18
8217.29431922149  1.726036E-18
8218.66200175824  1.733546E-18
8220.02968429499  1.792968E-18
8221.39736683174  1.603742E-18
8222.76504936849  1.579896E-18
8224.13273190524  1.662877E-18
8225.50041444199  1.631232E-18
8226.86809697874  1.805431E-18
8228.23577951549  1.867085E-18
8229.60346205224  1.666778E-18
8230.97114458899  1.421251E-18
8232.33882712574  1.258465E-18
8233.70650966249  1.430677E-18
8235.07419219924  1.532894E-18
8236.44187473599  1.422126E-18
8237.80955727274  1.561438E-18
8239.17723980949  1.475280E-18
8240.54492234624  1.590195E-18
8241.91260488299  1.858983E-18
8243.28028741974  1.925041E-18
8244.64796995649  1.841221E-18
8246.01565249324  1.633261E-18
8247.38333502999  1.493303E-18
8248.75101756674  1.410698E-18
8250.11870010349  1.501268E-18
8251.48638264024  1.552570E-18
8252.85406517699  1.656303E-18
8254.22174771374  1.731605E-18
8255.58943025049  1.682265E-18
8256.95711278724  1.708433E-18
8258.32479532399  1.642034E-18
8259.69247786074  1.770395E-18
8261.06016039749  1.901121E-18
8262.42784293424  1.621578E-18
8263.79552547099  1.442946E-18
8265.16320800774  1.457456E-18
8266.53089054449  1.752538E-18
8267.89857308124  1.973719E-18
8269.26625561799  2.151580E-18
8270.63393815474  2.146895E-18
8272.00162069149  1.969205E-18
8273.36930322823  2.042677E-18
8274.73698576499  2.038243E-18
8276.10466830174  1.951418E-18
8277.47235083849  2.069681E-18
8278.84003337524  2.016028E-18
8280.20771591199  2.172304E-18
8281.57539844873  1.593033E-18
8282.94308098549  1.675944E-18
8284.31076352224  1.747439E-18
8285.67844605898  1.964163E-18
8287.04612859574  1.877970E-18
8288.41381113248  2.101446E-18
8289.78149366924  1.813519E-18
8291.14917620599  1.802572E-18
8292.51685874274  1.309028E-18
8293.88454127948  1.289041E-18
8295.25222381623  1.518017E-18
8296.61990635298  1.392890E-18
8297.98758888973  1.195115E-18
8299.35527142648  1.360549E-18
8300.72295396323  1.348199E-18
8302.09063649998  1.837626E-18
8303.45831903673  1.756235E-18
8304.82600157348  1.499472E-18
8306.19368411023  1.548697E-18
8307.56136664698  1.573884E-18
8308.92904918373  1.526053E-18
8310.29673172048  1.647308E-18
8311.66441425723  1.751310E-18
8313.03209679398  1.616131E-18
8314.39977933073  1.486351E-18
8315.76746186748  1.565532E-18
8317.13514440424  1.578609E-18
8318.50282694098  1.654707E-18
8319.87050947773  1.723453E-18
8321.23819201448  1.442766E-18
8322.60587455123  1.367446E-18
8323.97355708798  1.510233E-18
8325.34123962473  1.663257E-18
8326.70892216148  1.841044E-18
8328.07660469823  1.658279E-18
8329.44428723498  1.683668E-18
8330.81196977173  1.606945E-18
8332.17965230848  1.701004E-18
8333.54733484523  1.887969E-18
8334.91501738198  1.576542E-18
8336.28269991873  1.672864E-18
8337.65038245548  1.722272E-18
8339.01806499223  9.392395E-19
8340.38574752898  1.042011E-18
8341.75343006573  1.655367E-18
8343.12111260248  2.395512E-18
8344.48879513923  1.715368E-18
8345.85647767598  1.045808E-18
8347.22416021273  1.204915E-18
8348.59184274948  1.564424E-18
8349.95952528623  1.528965E-18
8351.32720782298  1.647488E-18
8352.69489035973  1.974953E-18
8354.06257289648  1.938294E-18
8355.43025543323  1.750986E-18
8356.79793796998  1.364578E-18
8358.16562050673  1.402675E-18
8359.53330304348  1.390389E-18
8360.90098558023  1.338776E-18
8362.26866811698  1.206801E-18
8363.63635065373  1.228245E-18
8365.00403319048  1.312244E-18
8366.37171572723  1.305646E-18
8367.73939826398  1.401888E-18
8369.10708080073  1.340567E-18
8370.47476333748  1.527643E-18
8371.84244587423  1.395849E-18
8373.21012841098  1.427162E-18
8374.57781094773  1.363829E-18
8375.94549348448  1.384431E-18
8377.31317602123  1.304139E-18
8378.68085855798  1.300075E-18
8380.04854109473  1.210006E-18
8381.41622363148  1.142491E-18
8382.78390616823  1.052561E-18
8384.15158870498  1.267311E-18
8385.51927124173  1.387302E-18
8386.88695377848  9.703273E-19
8388.25463631523  5.874685E-19
8389.62231885198  1.002243E-18
8390.99000138873  1.619373E-18
8392.35768392548  2.252120E-18
8393.72536646223  3.049841E-18
8395.09304899898  3.292997E-18
8396.46073153573  3.616062E-18
8397.82841407248  2.910822E-18
8399.19609660923  2.806376E-18
8400.56377914598  1.833814E-18
8401.93146168273  1.272014E-18
8403.29914421948  1.574735E-18
8404.66682675623  8.335881E-19
8406.03450929298  1.217591E-20
8407.40219182973  7.690375E-19
8408.76987436648  1.052068E-18
8410.13755690323  1.341955E-18
8411.50523943998  1.051088E-18
8412.87292197673  7.622585E-19
8414.24060451348  1.038884E-18
8415.60828705022  1.534019E-18
8416.97596958698  1.778438E-18
8418.34365212373  2.499693E-18
8419.71133466048  3.049885E-18
8421.07901719723  1.978229E-18
8422.44669973398  2.540811E-18
8423.81438227072  2.775852E-18
8425.18206480748  2.841589E-18
8426.54974734423  2.229709E-18
8427.91742988097  2.601277E-18
8429.28511241773  3.302685E-18
8430.65279495447  2.449741E-18
8432.02047749123  1.433700E-18
8433.38816002797  1.402242E-18
8434.75584256472  1.529808E-18
8436.12352510147  1.551414E-18
8437.49120763822  1.682516E-18
8438.85889017497  1.603053E-18
8440.22657271172  1.647973E-18
8441.59425524847  1.984044E-18
8442.96193778522  1.944267E-18
8444.32962032198  1.641516E-18
8445.69730285872  1.668632E-18
8447.06498539547  1.740149E-18
8448.43266793222  1.887065E-18
8449.80035046897  2.110445E-18
8451.16803300573  1.979138E-18
8452.53571554247  1.256491E-18
8453.90339807922  3.968953E-19
8455.27108061597  -4.570881E-20
8456.63876315272  4.327956E-19
8458.00644568947  1.177150E-18
8459.37412822623  1.416451E-18
8460.74181076297  1.206358E-18
8462.10949329972  1.236077E-18
8463.47717583647  8.809165E-19
8464.84485837322  9.370817E-19
8466.21254090997  4.927870E-19
8467.58022344672  9.525814E-19
8468.94790598347  1.308565E-18
8470.31558852022  1.509119E-18
8471.68327105697  1.363291E-18
8473.05095359372  1.321736E-18
8474.41863613047  1.476474E-18
8475.78631866722  1.430060E-18
8477.15400120397  1.377499E-18
8478.52168374072  1.646757E-18
8479.88936627747  1.751237E-18
8481.25704881422  1.739472E-18
8482.62473135097  1.406865E-18
8483.99241388772  1.570926E-18
8485.36009642447  1.820437E-18
8486.72777896122  1.760597E-18
8488.09546149797  1.584224E-18
8489.46314403472  1.786201E-18
8490.83082657147  1.319894E-18
8492.19850910822  1.609084E-18
8493.56619164497  1.776001E-18
8494.93387418172  1.748436E-18
8496.30155671847  1.555413E-18
8497.66923925522  9.388078E-19
8499.03692179197  9.875870E-19
8500.40460432872  1.418634E-18
8501.77228686547  1.178665E-18
8503.13996940222  7.594539E-19
8504.50765193897  5.634159E-19
8505.87533447572  7.505457E-19
8507.24301701247  1.289598E-18
8508.61069954922  1.374885E-18
8509.97838208597  1.433019E-18
8511.34606462272  1.379143E-18
8512.71374715947  1.442985E-18
8514.08142969622  1.459733E-18
8515.44911223297  1.192003E-18
8516.81679476972  1.191068E-18
8518.18447730647  1.286343E-18
8519.55215984322  1.354964E-18
8520.91984237997  1.370652E-18
8522.28752491672  1.402290E-18
8523.65520745347  1.474246E-18
8525.02288999022  1.477143E-18
8526.39057252697  1.360147E-18
8527.75825506372  1.182562E-18
8529.12593760047  1.220558E-18
8530.49362013722  1.269589E-18
8531.86130267397  1.040334E-18
8533.22898521072  1.195482E-18
8534.59666774747  1.520032E-18
8535.96435028422  1.548335E-18
8537.33203282097  1.469490E-18
8538.69971535772  1.435401E-18
8540.06739789447  1.438271E-18
8541.43508043122  1.485551E-18
8542.80276296797  1.464680E-18
8544.17044550472  1.254417E-18
8545.53812804147  1.475428E-18
8546.90581057822  1.318565E-18
8548.27349311497  1.124008E-18
8549.64117565172  1.118517E-18
8551.00885818847  1.198066E-18
8552.37654072522  1.260544E-18
8553.74422326197  1.236373E-18
8555.11190579872  1.298305E-18
8556.47958833547  1.455289E-18
8557.84727087221  1.279864E-18
8559.21495340897  1.178338E-18
8560.58263594572  1.033847E-18
8561.95031848247  9.869432E-19
8563.31800101922  1.318551E-18
8564.68568355596  1.312596E-18
8566.05336609271  1.296317E-18
8567.42104862946  1.280263E-18
8568.78873116621  1.125485E-18
8570.15641370296  1.322245E-18
8571.52409623972  1.243694E-18
8572.89177877646  1.291758E-18
8574.25946131321  1.512409E-18
8575.62714384996  1.408944E-18
8576.99482638671  1.368777E-18
8578.36250892347  1.274099E-18
8579.73019146021  1.219264E-18
8581.09787399696  1.442686E-18
8582.46555653371  1.586596E-18
8583.83323907046  1.242126E-18
8585.20092160721  1.130202E-18
8586.56860414397  1.299047E-18
8587.93628668071  1.270934E-18
8589.30396921746  1.254253E-18
8590.67165175421  1.160217E-18
8592.03933429096  1.292931E-18
8593.40701682772  1.108500E-18
8594.77469936446  1.150845E-18
8596.14238190121  1.017713E-18
8597.51006443796  9.553446E-19
8598.87774697471  1.205420E-18
8600.24542951146  1.298266E-18
8601.61311204821  1.440386E-18
8602.98079458496  1.230614E-18
8604.34847712171  1.078956E-18
8605.71615965846  1.095139E-18
8607.08384219521  1.079768E-18
8608.45152473196  1.079621E-18
8609.81920726871  1.187477E-18
8611.18688980546  1.316956E-18
8612.55457234221  1.496595E-18
8613.92225487896  2.722281E-18
8615.28993741571  2.949840E-18
8616.65761995246  2.292495E-18
8618.02530248921  1.966426E-18
8619.39298502596  1.456493E-18
8620.76066756271  1.407928E-18
8622.12835009946  1.083755E-18
8623.49603263621  1.091612E-18
8624.86371517296  1.583462E-18
8626.23139770971  1.511007E-18
8627.59908024646  1.423565E-18
8628.96676278321  9.641318E-19
8630.33444531996  1.198353E-18
8631.70212785671  8.560155E-19
8633.06981039346  1.099517E-18
8634.43749293021  9.242465E-19
8635.80517546696  5.991755E-19
8637.17285800371  9.097835E-19
8638.54054054046  1.097966E-18
8639.90822307721  8.931757E-19
8641.27590561396  1.114190E-18
8642.64358815071  1.321465E-18
8644.01127068746  1.705933E-18
8645.37895322421  1.635994E-18
8646.74663576096  1.290430E-18
8648.11431829771  1.595989E-18
8649.48200083446  1.541546E-18
8650.84968337121  1.193925E-18
8652.21736590796  1.542421E-18
8653.58504844471  1.406762E-18
8654.95273098146  1.132772E-18
8656.32041351821  1.320954E-18
8657.68809605496  1.135110E-18
8659.05577859171  1.057658E-18
8660.42346112846  1.205266E-18
8661.79114366521  8.733744E-19
8663.15882620196  1.450224E-18
8664.52650873871  9.921399E-19
8665.89419127546  9.691349E-19
8667.26187381221  9.253114E-19
8668.62955634896  5.049288E-19
8669.99723888571  5.654792E-19
8671.36492142246  7.577422E-19
8672.73260395921  1.171679E-18
8674.10028649596  1.239516E-18
8675.46796903271  1.041350E-18
8676.83565156946  1.182683E-18
8678.20333410621  1.109772E-18
8679.57101664296  1.572141E-18
8680.93869917971  1.510213E-18
8682.30638171646  1.435162E-18
8683.67406425321  1.027564E-18
8685.04174678996  1.276799E-18
8686.40942932671  1.164950E-18
8687.77711186346  1.018945E-18
8689.14479440021  1.077816E-18
8690.51247693696  1.050674E-18
8691.88015947371  1.199767E-18
8693.24784201046  1.166749E-18
8694.61552454721  1.103259E-18
8695.98320708396  1.054463E-18
8697.3508896207  1.200166E-18
8698.71857215746  1.163480E-18
8700.0862546942  1.076644E-18
8701.45393723096  9.703916E-19
8702.8216197677  9.108013E-19
8704.18930230445  1.231923E-18
8705.55698484121  1.230485E-18
8706.92466737795  1.074596E-18
8708.2923499147  1.072265E-18
8709.66003245145  1.292290E-18
8711.0277149882  1.250735E-18
8712.39539752495  1.053557E-18
8713.76308006171  9.817865E-19
8715.13076259845  9.553074E-19
8716.49844513521  1.055600E-18
8717.86612767195  1.261559E-18
8719.2338102087  1.280305E-18
8720.60149274546  1.346771E-18
8721.9691752822  1.192888E-18
8723.33685781896  1.039049E-18
8724.7045403557  1.112341E-18
8726.07222289245  1.129276E-18
8727.4399054292  9.987586E-19
8728.80758796596  9.950402E-19
8730.1752705027  1.069288E-18
8731.54295303945  1.383546E-18
8732.9106355762  1.194966E-18
8734.27831811295  1.347991E-18
8735.6460006497  1.057161E-18
8737.01368318645  8.708066E-19
8738.3813657232  1.026859E-18
8739.74904825995  1.242200E-18
8741.1167307967  1.028902E-18
8742.48441333345  1.071959E-18
8743.8520958702  1.074409E-18
8745.21977840695  1.038370E-18
8746.5874609437  1.038101E-18
8747.95514348045  9.533927E-19
8749.3228260172  1.129150E-18
8750.69050855395  1.018587E-18
8752.0581910907  5.194451E-19
8753.42587362745  8.134502E-19
8754.7935561642  9.347496E-19
8756.16123870095  1.548160E-18
8757.5289212377  5.260813E-19
8758.89660377445  6.291515E-19
8760.2642863112  1.593079E-19
8761.63196884795  6.804377E-20
8762.9996513847  9.191956E-19
8764.36733392145  1.552492E-18
8765.7350164582  1.109545E-18
8767.10269899495  -6.713821E-19
8768.4703815317  -1.458459E-18
8769.83806406845  -7.226146E-19
8771.2057466052  -1.066373E-19
8772.57342914195  7.524670E-19
8773.9411116787  1.712116E-18
8775.30879421545  1.645764E-18
8776.6764767522  1.498563E-18
8778.04415928895  1.560210E-18
8779.4118418257  1.190792E-18
8780.77952436245  1.033675E-18
8782.1472068992  8.231042E-19
8783.51488943595  1.025968E-18
8784.8825719727  1.484101E-18
8786.25025450945  1.634687E-18
8787.6179370462  1.599870E-18
8788.98561958295  1.376350E-18
8790.3533021197  1.264629E-18
8791.72098465645  1.305891E-18
8793.0886671932  1.227602E-18
8794.45634972995  1.044281E-18
8795.8240322667  1.122063E-18
8797.19171480345  1.013141E-18
8798.5593973402  1.066598E-18
8799.92707987695  1.083163E-18
8801.2947624137  1.017551E-18
8802.66244495045  9.011832E-19
8804.0301274872  9.197760E-19
8805.39781002395  1.014981E-18
8806.7654925607  9.645372E-19
8808.13317509745  9.306634E-19
8809.5008576342  8.916730E-19
8810.86854017095  1.049596E-18
8812.2362227077  5.906144E-19
8813.60390524445  5.812239E-19
8814.9715877812  8.672337E-19
8816.33927031795  -2.361134E-19
8817.7069528547  -1.836717E-19
8819.07463539145  2.389491E-20
8820.4423179282  1.192644E-19
8821.81000046495  8.306029E-20
8823.1776830017  -9.452414E-19
8824.54536553845  -2.283801E-18
8825.9130480752  -1.371868E-18
8827.28073061195  -1.591071E-18
8828.6484131487  5.886845E-19
8830.01609568545  1.813602E-18
8831.3837782222  1.788972E-18
8832.75146075895  1.897530E-18
8834.1191432957  1.893006E-18
8835.48682583245  2.022077E-18
8836.85450836919  1.420491E-18
8838.22219090594  1.015124E-18
8839.58987344269  5.927357E-19
8840.95755597945  7.861223E-19
8842.32523851619  8.627931E-19
8843.69292105295  7.366755E-19
8845.06060358969  5.084421E-19
8846.42828612645  3.112076E-19
8847.7959686632  2.314148E-19
8849.16365119994  2.409878E-19
8850.5313337367  5.226416E-19
8851.89901627344  7.937093E-19
8853.26669881019  9.479205E-19
8854.63438134694  9.552801E-19
8856.0020638837  3.802778E-19
8857.36974642045  2.168143E-19
8858.7374289572  5.102284E-19
8860.10511149394  1.125110E-18
8861.47279403069  1.515902E-18
8862.84047656745  1.936630E-18
8864.20815910419  1.829286E-18
8865.57584164094  1.658074E-18
8866.94352417769  1.721122E-18
8868.31120671444  1.596732E-18
8869.67888925119  1.002091E-18
8871.04657178794  1.174099E-18
8872.41425432469  1.246068E-18
8873.78193686144  1.371627E-18
8875.14961939819  1.428108E-18
8876.51730193494  1.132295E-18
8877.88498447169  4.587376E-19
8879.25266700844  -2.662516E-19
8880.62034954519  -1.172273E-18
8881.98803208194  -1.544518E-18
8883.35571461869  -1.911982E-18
8884.72339715544  -1.633343E-18
8886.09107969219  -1.218489E-18
8887.45876222894  3.830218E-19
8888.82644476569  9.982924E-19
8890.19412730244  7.599706E-19
8891.56180983919  9.733284E-20
8892.92949237594  1.805728E-19
8894.29717491269  5.438238E-19
8895.66485744944  6.624796E-19
8897.03253998619  5.584844E-19
8898.40022252294  7.831554E-19
8899.76790505969  1.687606E-18
8901.13558759644  2.183761E-18
8902.50327013319  1.781477E-18
8903.87095266994  1.219709E-18
8905.23863520669  1.132741E-18
8906.60631774344  1.403132E-18
8907.97400028019  1.645621E-18
8909.34168281694  4.260458E-19
8910.70936535369  1.946557E-19
8912.07704789044  -3.898326E-19
8913.44473042719  3.784147E-19
8914.81241296394  4.423614E-19
8916.18009550069  1.253939E-18
8917.54777803744  5.829131E-19
8918.91546057419  -7.370819E-19
8920.28314311094  -5.400463E-19
8921.65082564769  7.883134E-19
8923.01850818444  8.962820E-19
8924.38619072119  1.188661E-18
8925.75387325794  1.211428E-18
8927.12155579469  1.044448E-18
8928.48923833144  1.077467E-18
8929.85692086819  1.169268E-18
8931.22460340494  1.164862E-18
8932.59228594169  1.481301E-18
8933.95996847844  1.974282E-18
8935.32765101519  1.739800E-18
8936.69533355194  8.630257E-19
8938.06301608869  7.894128E-19
8939.43069862544  5.081797E-19
8940.79838116219  7.178693E-19
8942.16606369894  1.127275E-18
8943.53374623569  1.046980E-18
8944.90142877244  1.087321E-18
8946.26911130919  1.323403E-18
8947.63679384594  -1.559232E-19
8949.00447638269  -1.472293E-18
8950.37215891944  -5.563320E-19
8951.73984145619  -5.781122E-19
8953.10752399294  -7.420125E-20
8954.47520652969  1.201106E-18
8955.84288906644  2.754986E-19
8957.21057160319  5.185605E-19
8958.57825413994  1.073943E-18
8959.94593667669  7.255177E-19
8961.31361921344  1.296197E-18
8962.68130175019  1.462147E-18
8964.04898428694  1.203205E-18
8965.41666682369  1.278070E-18
8966.78434936043  1.359929E-18
8968.15203189719  1.522222E-18
8969.51971443394  1.258881E-18
8970.88739697069  1.304695E-18
8972.25507950743  1.364775E-18
8973.62276204419  1.363298E-18
8974.99044458094  1.375949E-18
8976.35812711768  1.691991E-18
8977.72580965444  1.301021E-18
8979.09349219118  1.035577E-18
8980.46117472793  1.246607E-18
8981.82885726468  1.421130E-18
8983.19653980144  1.276133E-18
8984.56422233819  1.166517E-18
8985.93190487494  1.002535E-18
8987.29958741168  1.135968E-18
8988.66726994844  8.841276E-19
8990.03495248519  6.695810E-19
8991.40263502194  7.260805E-19
8992.77031755869  5.411676E-19
8994.13800009543  8.250420E-19
8995.50568263219  1.185909E-18
8996.87336516893  1.123598E-18
8998.24104770569  1.185026E-18
8999.60873024243  1.256073E-18
9000.97641277919  8.016281E-19
9002.34409531593  6.930757E-19
9003.71177785268  1.192751E-18
9005.07946038943  1.093704E-18
9006.44714292618  1.104118E-18
9007.81482546293  1.028688E-18
9009.18250799968  1.094862E-18
9010.55019053643  1.143172E-18
9011.91787307318  1.290293E-18
9013.28555560993  1.225655E-18
9014.65323814668  1.286895E-18
9016.02092068343  1.231466E-18
9017.38860322018  1.158912E-18
9018.75628575693  1.246090E-18
9020.12396829368  1.150107E-18
9021.49165083043  1.146148E-18
9022.85933336718  9.877202E-19
9024.22701590393  1.176440E-18
9025.59469844068  1.344006E-18
9026.96238097743  2.156989E-18
9028.33006351418  1.811098E-18
9029.69774605093  1.703794E-18
9031.06542858768  1.524206E-18
9032.43311112443  1.019927E-18
9033.80079366118  1.186090E-18
9035.16847619793  1.343398E-18
9036.53615873468  1.163034E-18
9037.90384127143  8.856288E-19
9039.27152380818  1.185587E-18
9040.63920634493  1.427905E-18
9042.00688888168  1.196555E-18
9043.37457141843  1.232559E-18
9044.74225395518  1.288911E-18
9046.10993649193  1.896555E-18
9047.47761902868  1.591751E-18
9048.84530156543  1.263794E-18
9050.21298410218  1.268670E-18
9051.58066663893  1.244150E-18
9052.94834917568  1.283473E-18
9054.31603171243  1.570298E-18
9055.68371424918  1.706377E-18
9057.05139678593  1.589515E-18
9058.41907932268  1.502222E-18
9059.78676185943  1.455259E-18
9061.15444439618  1.180171E-18
9062.52212693293  1.073406E-18
9063.88980946968  1.066782E-18
9065.25749200643  1.136642E-18
9066.62517454318  1.310904E-18
9067.99285707993  1.167549E-18
9069.36053961668  9.211087E-19
9070.72822215343  1.226599E-18
9072.09590469018  1.389173E-18
9073.46358722693  1.344378E-18
9074.83126976368  1.134186E-18
9076.19895230043  1.149915E-18
9077.56663483718  1.192203E-18
9078.93431737393  1.165060E-18
9080.30199991068  1.334963E-18
9081.66968244743  1.270926E-18
9083.03736498418  1.132542E-18
9084.40504752093  1.262040E-18
9085.77273005768  1.431734E-18
9087.14041259443  1.424068E-18
9088.50809513118  1.238096E-18
9089.87577766793  8.608087E-19
9091.24346020468  1.164785E-18
9092.61114274143  1.113710E-18
9093.97882527818  8.323239E-19
9095.34650781493  9.589721E-19
9096.71419035168  9.986821E-19
9098.08187288843  8.718748E-19
9099.44955542518  1.189533E-18
9100.81723796193  8.617155E-19
9102.18492049868  8.335131E-19
9103.55260303543  9.979412E-19
9104.92028557218  1.372072E-18
9106.28796810892  1.209464E-18
9107.65565064568  1.269547E-18
9109.02333318242  1.317322E-18
9110.39101571918  1.225563E-18
9111.75869825593  1.225410E-18
9113.12638079268  1.218451E-18
9114.49406332942  1.314550E-18
9115.86174586618  1.367289E-18
9117.22942840293  1.405674E-18
9118.59711093968  1.178218E-18
9119.96479347643  1.105778E-18
9121.33247601317  1.203665E-18
9122.70015854993  1.125628E-18
9124.06784108667  1.139420E-18
9125.43552362343  1.315859E-18
9126.80320616018  1.252789E-18
9128.17088869693  1.004661E-18
9129.53857123368  7.742545E-19
9130.90625377042  7.895886E-19
9132.27393630718  1.013340E-18
9133.64161884392  9.685439E-19
9135.00930138067  1.186842E-18
9136.37698391742  1.183774E-18
9137.74466645418  1.223632E-18
9139.11234899092  1.222973E-18
9140.48003152767  1.353019E-18
9141.84771406442  1.409762E-18
9143.21539660117  1.486146E-18
9144.58307913792  1.481356E-18
9145.95076167467  1.437461E-18
9147.31844421142  1.229204E-18
9148.68612674817  1.318441E-18
9150.05380928492  1.354935E-18
9151.42149182167  1.566832E-18
9152.78917435842  1.037891E-18
9154.15685689517  1.221019E-18
9155.52453943192  1.755191E-18
9156.89222196867  1.822873E-18
9158.25990450542  1.530832E-18
9159.62758704217  1.480026E-18
9160.99526957892  1.383205E-18
9162.36295211567  1.173758E-18
9163.73063465242  9.335048E-19
9165.09831718917  9.289930E-19
9166.46599972592  1.207911E-18
9167.83368226267  1.403699E-18
9169.20136479942  1.659820E-18
9170.56904733617  1.513161E-18
9171.93672987292  1.394969E-18
9173.30441240967  1.380456E-18
9174.67209494642  1.389099E-18
9176.03977748317  1.461705E-18
9177.40746001992  1.541011E-18
9178.77514255667  1.467723E-18
9180.14282509342  1.139602E-18
9181.51050763017  1.368532E-18
9182.87819016692  1.473295E-18
9184.24587270367  1.383558E-18
9185.61355524042  1.305097E-18
9186.98123777717  1.456574E-18
9188.34892031392  1.398059E-18
9189.71660285067  1.305552E-18
9191.08428538742  1.313760E-18
9192.45196792417  1.210459E-18
9193.81965046092  1.326413E-18
9195.18733299767  1.140389E-18
9196.55501553442  1.220164E-18
9197.92269807117  1.260328E-18
9199.29038060792  1.074941E-18
9200.65806314467  1.190761E-18
9202.02574568142  1.293870E-18
9203.39342821817  1.318449E-18
9204.76111075492  1.299284E-18
9206.12879329167  1.395206E-18
9207.49647582842  1.607102E-18
9208.86415836517  1.521756E-18
9210.23184090192  1.444608E-18
9211.59952343867  1.748663E-18
9212.96720597542  1.366994E-18
9214.33488851217  1.217475E-18
9215.70257104892  1.372050E-18
9217.07025358567  1.264971E-18
9218.43793612242  8.747258E-19
9219.80561865917  8.871549E-19
9221.17330119592  1.197018E-18
9222.54098373267  8.968983E-19
9223.90866626942  1.160936E-18
9225.27634880617  1.454259E-18
9226.64403134292  1.216006E-18
9228.01171387967  1.204407E-18
9229.37939641642  1.348789E-18
9230.74707895317  1.452902E-18
9232.11476148992  1.019420E-18
9233.48244402667  1.121941E-18
9234.85012656342  1.483899E-18
9236.21780910016  1.638905E-18
9237.58549163692  1.398791E-18
9238.95317417367  1.419505E-18
9240.32085671042  1.221730E-18
9241.68853924717  1.014431E-18
9243.05622178392  1.123742E-18
9244.42390432067  1.033571E-18
9245.79158685742  1.051561E-18
9247.15926939417  1.272668E-18
9248.52695193091  1.177449E-18
9249.89463446767  1.421060E-18
9251.26231700442  1.644619E-18
9252.62999954117  1.670833E-18
9253.99768207792  1.731244E-18
9255.36536461467  1.691210E-18
9256.73304715141  1.469294E-18
9258.10072968817  1.442526E-18
9259.46841222492  1.395905E-18
9260.83609476166  1.487569E-18
9262.20377729842  1.439211E-18
9263.57145983517  1.301944E-18
9264.93914237192  1.167450E-18
9266.30682490866  1.210488E-18
9267.67450744542  1.651763E-18
9269.04218998216  1.769739E-18
9270.40987251892  1.651387E-18
9271.77755505567  1.638543E-18
9273.14523759241  1.373529E-18
9274.51292012916  1.212446E-18
9275.88060266591  1.327046E-18
9277.24828520266  1.308371E-18
9278.61596773941  1.509737E-18
9279.98365027617  1.177392E-18
9281.35133281291  1.100026E-18
9282.71901534966  1.049514E-18
9284.08669788641  1.857629E-18
9285.45438042316  1.926238E-18
9286.82206295991  1.421233E-18
9288.18974549666  1.105677E-18
9289.55742803341  1.461655E-18
9290.92511057016  1.524760E-18
9292.29279310691  1.693085E-18
9293.66047564366  2.133018E-18
9295.02815818041  2.334248E-18
9296.39584071716  1.792156E-18
9297.76352325391  2.366080E-18
9299.13120579066  3.026522E-18
9300.49888832741  1.331872E-18
9301.86657086416  -2.590279E-18
9303.23425340091  -1.960885E-18
9304.60193593766  -4.130192E-19
9305.96961847441  -2.627130E-19
9307.33730101116  -4.972922E-19
9308.70498354791  2.862620E-19
9310.07266608466  1.713392E-18
9311.44034862141  1.959128E-18
9312.80803115816  8.437290E-19
9314.17571369491  9.888392E-19
9315.54339623166  5.288832E-19
9316.91107876841  7.190787E-19
9318.27876130516  7.949486E-19
9319.64644384191  5.740567E-19
9321.01412637866  1.142187E-18
9322.38180891541  1.881781E-18
9323.74949145216  2.605502E-18
9325.11717398891  1.127460E-18
9326.48485652566  2.263454E-18
9327.85253906241  2.302972E-18
