4500.  1.369428E-17
4503.54609918595  1.354792E-17
4507.09219837189  1.255905E-17
4510.63829755783  1.143071E-17
4514.18439674378  1.162196E-17
4517.73049592972  1.228975E-17
4521.27659511566  1.284375E-17
4524.82269430161  1.280815E-17
4528.36879348755  1.217276E-17
4531.91489267349  1.114880E-17
4535.46099185944  1.123502E-17
4539.00709104538  1.193206E-17
4542.55319023132  1.169510E-17
4546.09928941727  1.170045E-17
4549.64538860321  1.147140E-17
4553.19148778916  1.105924E-17
4556.7375869751  1.085437E-17
4560.28368616104  1.053712E-17
4563.82978534699  1.001872E-17
4567.37588453293  9.355993E-18
4570.92198371887  9.422633E-18
4574.46808290482  9.913441E-18
4578.01418209076  1.076958E-17
4581.5602812767  1.127458E-17
4585.10638046265  1.086397E-17
4588.65247964859  9.904173E-18
4592.19857883454  9.407936E-18
4595.74467802048  9.318690E-18
4599.29077720642  9.196896E-18
4602.83687639237  9.349169E-18
4606.38297557831  9.991504E-18
4609.92907476425  1.023719E-17
4613.4751739502  9.864122E-18
4617.02127313614  9.600793E-18
4620.56737232208  9.142487E-18
4624.11347150803  8.236529E-18
4627.65957069397  8.535848E-18
4631.20566987991  9.325264E-18
4634.75176906586  1.023522E-17
4638.2978682518  1.040375E-17
4641.84396743775  9.617004E-18
4645.39006662369  8.433428E-18
4648.93616580963  7.686870E-18
4652.48226499558  8.072222E-18
4656.02836418152  9.080541E-18
4659.57446336746  8.908596E-18
4663.12056255341  9.503070E-18
4666.66666173935  1.007963E-17
4670.21276092529  9.081985E-18
4673.75886011124  8.579199E-18
4677.30495929718  8.965631E-18
4680.85105848312  8.802649E-18
4684.39715766907  8.025593E-18
4687.94325685501  7.830021E-18
4691.48935604096  9.015638E-18
4695.0354552269  9.573519E-18
4698.58155441284  9.568574E-18
4702.12765359879  1.005947E-17
4705.67375278473  1.010224E-17
4709.21985197067  9.815059E-18
4712.76595115662  9.783082E-18
4716.31205034256  9.992629E-18
4719.8581495285  9.182842E-18
4723.40424871445  8.780421E-18
4726.95034790039  9.597996E-18
4730.49644708633  1.011001E-17
4734.04254627228  1.020209E-17
4737.58864545822  9.774495E-18
4741.13474464417  9.529269E-18
4744.68084383011  9.381600E-18
4748.22694301605  9.135749E-18
4751.773042202  9.510364E-18
4755.31914138794  9.321214E-18
4758.86524057388  9.126360E-18
4762.41133975983  9.661970E-18
4765.95743894577  8.943637E-18
4769.50353813171  8.237556E-18
4773.04963731766  8.935378E-18
4776.5957365036  9.013468E-18
4780.14183568954  9.155439E-18
4783.68793487549  1.009728E-17
4787.23403406143  1.015555E-17
4790.78013324738  9.883626E-18
4794.32623243332  9.862954E-18
4797.87233161926  9.687478E-18
4801.41843080521  9.669806E-18
4804.96452999115  9.627400E-18
4808.51062917709  9.949183E-18
4812.05672836304  1.056873E-17
4815.60282754898  1.050955E-17
4819.14892673492  1.018509E-17
4822.69502592087  1.007753E-17
4826.24112510681  9.607443E-18
4829.78722429276  9.185306E-18
4833.3333234787  9.645946E-18
4836.87942266464  1.048361E-17
4840.42552185059  1.084613E-17
4843.97162103653  1.047416E-17
4847.51772022247  1.003315E-17
4851.06381940842  1.024470E-17
4854.60991859436  1.012248E-17
4858.1560177803  9.347994E-18
4861.70211696625  9.319770E-18
4865.24821615219  1.010688E-17
4868.79431533813  1.032426E-17
4872.34041452408  1.025153E-17
4875.88651371002  1.037386E-17
4879.43261289597  9.975932E-18
4882.97871208191  9.604191E-18
4886.52481126785  9.798780E-18
4890.0709104538  9.531055E-18
4893.61700963974  9.022791E-18
4897.16310882568  9.042357E-18
4900.70920801163  9.356710E-18
4904.25530719757  9.681519E-18
4907.80140638351  9.571461E-18
4911.34750556946  9.177188E-18
4914.8936047554  8.927921E-18
4918.43970394135  8.889112E-18
4921.98580312729  8.912130E-18
4925.53190231323  8.899386E-18
4929.07800149918  9.221694E-18
4932.62410068512  9.041692E-18
4936.17019987106  8.882198E-18
4939.71629905701  8.864692E-18
4943.26239824295  8.398872E-18
4946.80849742889  8.166633E-18
4950.35459661484  8.500286E-18
4953.90069580078  8.870129E-18
4957.44679498672  9.204353E-18
4960.99289417267  9.269311E-18
4964.53899335861  8.657663E-18
4968.08509254456  8.036423E-18
4971.6311917305  8.163579E-18
4975.17729091644  8.455267E-18
4978.72339010239  8.681900E-18
4982.26948928833  9.146747E-18
4985.81558847427  8.774442E-18
4989.36168766022  8.310980E-18
4992.90778684616  8.950521E-18
4996.4538860321  9.333301E-18
4999.99998521805  9.371842E-18
5003.54608440399  9.401909E-18
5007.09218358994  9.051438E-18
5010.63828277588  8.663057E-18
5014.18438196182  8.787999E-18
5017.73048114777  9.100770E-18
5021.27658033371  9.152620E-18
5024.82267951965  8.624996E-18
5028.3687787056  8.572605E-18
5031.91487789154  8.741652E-18
5035.46097707749  9.172280E-18
5039.00707626343  9.520291E-18
5042.55317544937  9.362017E-18
5046.09927463532  9.081819E-18
5049.64537382126  8.918399E-18
5053.1914730072  9.138224E-18
5056.73757219315  9.390957E-18
5060.28367137909  9.473086E-18
5063.82977056503  9.359150E-18
5067.37586975098  9.203630E-18
5070.92196893692  9.606541E-18
5074.46806812286  1.023422E-17
5078.01416730881  1.037965E-17
5081.56026649475  1.004130E-17
5085.1063656807  9.275809E-18
5088.65246486664  9.038198E-18
5092.19856405258  8.966601E-18
5095.74466323853  8.836210E-18
5099.29076242447  9.286009E-18
5180.85104370117  8.426354E-18
5184.39714288712  8.390938E-18
5187.94324207306  8.193419E-18
5191.489341259  8.676599E-18
5195.03544044495  8.990105E-18
5198.58153963089  8.691006E-18
5202.12763881684  9.098195E-18
5205.67373800278  9.459568E-18
5209.21983718872  8.645673E-18
5212.76593637466  8.427253E-18
5216.31203556061  8.143992E-18
5219.85813474655  8.786544E-18
5223.4042339325  9.014884E-18
5226.95033311844  8.651465E-18
5230.49643230438  8.562799E-18
5234.04253149033  8.499803E-18
5237.58863067627  8.508592E-18
5241.13472986221  8.679939E-18
5244.68082904816  8.648797E-18
5248.2269282341  8.681812E-18
5251.77302742005  8.368339E-18
5255.31912660599  8.512439E-18
5258.86522579193  8.535604E-18
5262.41132497788  8.613866E-18
5265.95742416382  9.091806E-18
5269.50352334976  8.722664E-18
5273.04962253571  8.849197E-18
5276.59572172165  8.736636E-18
5280.14182090759  8.507094E-18
5283.68792009354  8.353339E-18
5287.23401927948  8.398813E-18
5290.78011846543  9.050397E-18
5294.32621765137  9.406684E-18
5297.87231683731  9.167557E-18
5301.41841602326  8.963002E-18
5304.9645152092  8.963062E-18
5308.51061439514  9.465640E-18
5312.05671358109  9.689937E-18
5315.60281276703  9.332481E-18
5319.14891195297  8.741520E-18
5322.69501113892  9.229065E-18
5326.24111032486  9.360803E-18
5329.7872095108  8.989243E-18
5333.33330869675  9.054696E-18
5336.87940788269  9.495091E-18
5340.42550706864  9.825588E-18
5343.97160625458  1.035039E-17
5347.51770544052  1.076713E-17
5351.06380462647  1.066949E-17
5354.60990381241  1.021516E-17
5358.15600299835  9.910377E-18
5361.7021021843  1.002694E-17
5365.24820137024  1.052745E-17
5368.79430055618  1.092268E-17
5372.34039974213  1.119116E-17
5375.88649892807  1.137350E-17
5379.43259811402  1.120259E-17
5382.97869729996  1.108659E-17
5386.5247964859  1.103860E-17
5390.07089567185  1.057646E-17
5393.61699485779  1.068182E-17
5397.16309404373  1.120040E-17
5400.70919322968  1.160717E-17
5404.25529241562  1.177611E-17
5407.80139160156  1.114448E-17
5411.34749078751  1.079363E-17
5414.89358997345  1.119295E-17
5418.43968915939  1.123065E-17
5421.98578834534  1.143154E-17
5425.53188753128  1.187144E-17
5429.07798671723  1.151923E-17
5432.62408590317  1.087763E-17
5436.17018508911  1.108380E-17
5439.71628427506  1.122416E-17
5443.262383461  1.112168E-17
5446.80848264694  1.138322E-17
5450.35458183289  1.107183E-17
5453.90068101883  1.100474E-17
5457.44678020477  1.138835E-17
5460.99287939072  1.110142E-17
5464.53897857666  1.110178E-17
5468.0850777626  1.113967E-17
5471.63117694855  1.082699E-17
5475.17727613449  1.073815E-17
5478.72337532044  1.059733E-17
5482.26947450638  1.019260E-17
5485.81557369232  1.008261E-17
5489.36167287827  1.045536E-17
5492.90777206421  1.039803E-17
5496.45387125015  1.018769E-17
5499.9999704361  1.024787E-17
5503.54606962204  1.004473E-17
5507.09216880798  9.501771E-18
5510.63826799393  1.018690E-17
5514.18436717987  1.021135E-17
5517.73046636581  1.010761E-17
5521.27656555176  1.025253E-17
5524.8226647377  9.548571E-18
5528.36876392365  9.001444E-18
5531.91486310959  9.712124E-18
5535.46096229553  1.035273E-17
5539.00706148148  1.012499E-17
5542.55316066742  9.841894E-18
5546.09925985337  1.009932E-17
5549.64535903931  1.031706E-17
5553.19145822525  1.071124E-17
5556.73755741119  9.821384E-18
5560.28365659714  9.861057E-18
5563.82975578308  1.045425E-17
5567.37585496903  1.016616E-17
5570.92195415497  1.061967E-17
5574.46805334091  1.100011E-17
5578.01415252686  9.778397E-18
5581.5602517128  1.105628E-17
5585.10635089874  1.193328E-17
5588.65245008469  1.174044E-17
5592.19854927063  1.153838E-17
5595.74464845658  1.165495E-17
5599.29074764252  1.180722E-17
5602.83684682846  1.169265E-17
5606.38294601441  1.158706E-17
5609.92904520035  1.162079E-17
5613.47514438629  1.215519E-17
5617.02124357224  1.164284E-17
5620.56734275818  1.176260E-17
5624.11344194412  1.214302E-17
5627.65954113007  1.186872E-17
5631.20564031601  1.236318E-17
5634.75173950196  1.238272E-17
5638.2978386879  1.177403E-17
5641.84393787384  1.167714E-17
5645.39003705979  1.173894E-17
5648.93613624573  1.140306E-17
5652.48223543167  1.120763E-17
5656.02833461762  1.171448E-17
5659.57443380356  1.239821E-17
5663.1205329895  1.322005E-17
5666.66663217545  1.414143E-17
5670.21273136139  1.530302E-17
5673.75883054733  1.616947E-17
5677.30492973328  1.523762E-17
5680.85102891922  1.369531E-17
5684.39712810517  1.219221E-17
5687.94322729111  1.127920E-17
5691.48932647705  1.125243E-17
5695.035425663  1.117836E-17
5698.58152484894  1.113614E-17
5702.12762403488  1.096000E-17
5705.67372322083  1.062572E-17
5709.21982240677  1.078091E-17
5712.76592159271  1.052587E-17
5716.31202077866  1.056890E-17
5719.8581199646  1.065733E-17
5723.40421915055  1.040892E-17
5726.95031833649  1.048313E-17
5730.49641752243  1.093668E-17
5734.04251670838  1.143553E-17
5737.58861589432  1.124862E-17
5741.13471508026  1.099053E-17
5744.68081426621  1.117469E-17
5748.22691345215  1.110838E-17
5751.77301263809  1.080329E-17
5755.31911182404  1.081637E-17
5758.86521100998  1.076019E-17
5762.41131019592  1.054951E-17
5765.95740938187  1.067813E-17
5769.50350856781  1.078802E-17
5773.04960775376  1.038001E-17
5776.5957069397  9.754562E-18
5780.14180612564  9.428803E-18
5783.68790531159  9.510279E-18
5787.23400449753  9.706649E-18
5790.78010368347  1.004903E-17
5794.32620286942  9.800312E-18
5797.87230205536  9.552086E-18
5801.41840124131  1.011388E-17
5804.96450042725  1.076536E-17
5808.51059961319  1.057163E-17
5812.05669879914  1.042603E-17
5815.60279798508  1.070667E-17
5819.14889717102  1.067490E-17
5822.69499635697  1.075027E-17
5826.24109554291  1.029459E-17
5829.78719472885  1.002259E-17
5833.3332939148  1.014409E-17
5836.87939310074  1.005009E-17
5840.42549228668  1.018229E-17
5843.97159147263  1.101354E-17
5847.51769065857  1.106216E-17
5851.06378984452  1.095938E-17
5854.60988903046  1.124545E-17
5858.1559882164  1.149114E-17
5861.70208740235  1.102484E-17
5865.24818658829  1.073214E-17
5868.79428577423  1.204850E-17
5872.34038496018  1.215351E-17
5875.88648414612  1.160088E-17
5879.43258333206  1.168145E-17
5882.97868251801  1.231295E-17
5886.52478170395  1.217636E-17
5890.0708808899  1.277364E-17
5893.61698007584  1.292915E-17
5897.16307926178  1.268631E-17
5900.70917844773  1.225106E-17
5904.25527763367  1.168153E-17
5907.80137681961  1.212070E-17
5911.34747600556  1.273217E-17
5914.8935751915  1.291270E-17
5918.43967437744  1.309148E-17
5921.98577356339  1.316040E-17
5925.53187274933  1.332693E-17
5929.07797193527  1.364119E-17
5932.62407112122  1.369170E-17
5936.17017030716  1.357035E-17
5939.71626949311  1.321151E-17
5943.26236867905  1.286686E-17
5946.80846786499  1.309328E-17
5950.35456705094  1.351067E-17
5953.90066623688  1.307635E-17
5957.44676542282  1.322566E-17
5960.99286460877  1.310608E-17
5964.53896379471  1.364127E-17
5968.08506298065  1.441790E-17
5971.6311621666  1.393993E-17
5975.17726135254  1.356636E-17
5978.72336053849  1.396025E-17
5982.26945972443  1.368246E-17
5985.81555891037  1.333890E-17
5989.36165809632  1.348153E-17
5992.90775728226  1.387084E-17
5996.4538564682  1.424237E-17
5999.99995565415  1.444814E-17
6003.54605484009  1.435168E-17
6007.09215402603  1.446993E-17
6010.63825321198  1.450917E-17
6014.18435239792  1.470462E-17
6017.73045158386  1.491698E-17
6021.27655076981  1.444843E-17
6024.82264995575  1.423556E-17
6028.3687491417  1.444721E-17
6031.91484832764  1.455939E-17
6035.46094751358  1.433060E-17
6039.00704669953  1.422553E-17
6042.55314588547  1.419110E-17
6046.09924507141  1.382237E-17
6049.64534425736  1.366516E-17
6053.1914434433  1.363733E-17
6056.73754262924  1.325050E-17
6060.28364181519  1.327641E-17
6063.82974100113  1.340268E-17
6067.37584018708  1.309975E-17
6070.92193937302  1.314460E-17
6074.46803855896  1.312940E-17
6078.01413774491  1.250748E-17
6081.56023693085  1.247990E-17
6085.10633611679  1.283425E-17
6088.65243530274  1.245212E-17
6092.19853448868  1.213810E-17
6095.74463367462  1.210093E-17
6099.29073286057  1.185309E-17
6102.83683204651  1.171866E-17
6106.38293123245  1.175888E-17
6109.9290304184  1.144835E-17
6113.47512960434  1.119746E-17
6117.02122879029  1.162577E-17
6120.56732797623  1.149047E-17
6124.11342716217  1.111026E-17
6127.65952634812  1.138699E-17
6131.20562553406  1.163334E-17
6134.75172472  1.152710E-17
6138.29782390595  1.122083E-17
6141.84392309189  1.124414E-17
6145.39002227783  1.136217E-17
6148.93612146378  1.137892E-17
6152.48222064972  1.148624E-17
6156.02831983567  1.167243E-17
6159.57441902161  1.160959E-17
6163.12051820755  1.164005E-17
6166.6666173935  1.170107E-17
6170.21271657944  1.163347E-17
6173.75881576538  1.186262E-17
6177.30491495133  1.211202E-17
6180.85101413727  1.213256E-17
6184.39711332321  1.180841E-17
6187.94321250916  1.174740E-17
6191.4893116951  1.187574E-17
6195.03541088104  1.229368E-17
6198.58151006699  1.219180E-17
6202.12760925293  1.231464E-17
6205.67370843887  1.246469E-17
6209.21980762482  1.216087E-17
6212.76590681076  1.233280E-17
6216.31200599671  1.242881E-17
6219.85810518265  1.235725E-17
6223.40420436859  1.206818E-17
6226.95030355454  1.202066E-17
6230.49640274048  1.219701E-17
6234.04250192642  1.236481E-17
6237.58860111237  1.252640E-17
6241.13470029831  1.269824E-17
6244.68079948426  1.244805E-17
6248.2268986702  1.238916E-17
6251.77299785614  1.241652E-17
6255.31909704209  1.165745E-17
6258.86519622803  1.117386E-17
6262.41129541397  1.173114E-17
6265.95739459992  1.193149E-17
6269.50349378586  1.136274E-17
6273.0495929718  1.130310E-17
6276.59569215775  1.093904E-17
6280.14179134369  1.124948E-17
6283.68789052963  1.088607E-17
6287.23398971558  1.158433E-17
6290.78008890152  1.081812E-17
6294.32618808747  1.018358E-17
6297.87228727341  1.143326E-17
6301.41838645935  1.209337E-17
6304.9644856453  1.118880E-17
6308.51058483124  1.098316E-17
6312.05668401718  1.145026E-17
6315.60278320313  1.129397E-17
6319.14888238907  1.140473E-17
6322.69498157501  1.086365E-17
6326.24108076096  1.037997E-17
6329.7871799469  1.040956E-17
6333.33327913285  1.086441E-17
6336.87937831879  1.096477E-17
6340.42547750473  1.093831E-17
6343.97157669068  1.085370E-17
6347.51767587662  1.072983E-17
6351.06377506256  1.128215E-17
6354.60987424851  1.274472E-17
6358.15597343445  1.230783E-17
6361.70207262039  1.184200E-17
6365.24817180634  1.092313E-17
6368.79427099228  1.070796E-17
6372.34037017822  1.114963E-17
6375.88646936417  1.127806E-17
6379.43256855011  1.133924E-17
6382.97866773606  1.138473E-17
6386.524766922  1.151853E-17
6390.07086610794  1.125526E-17
6393.61696529389  1.104111E-17
6397.16306447983  1.094646E-17
6400.70916366577  1.082260E-17
6404.25526285172  1.093779E-17
6407.80136203766  1.137264E-17
6411.3474612236  1.166605E-17
6414.89356040955  1.126838E-17
6418.43965959549  1.098670E-17
6421.98575878143  1.112360E-17
6425.53185796738  1.104338E-17
6429.07795715332  1.114795E-17
6432.62405633927  1.102311E-17
6436.17015552521  1.076993E-17
6439.71625471115  1.079248E-17
6443.2623538971  1.079914E-17
6446.80845308304  1.093640E-17
6450.35455226899  1.105456E-17
6453.90065145493  1.106527E-17
6457.44675064087  1.101858E-17
6460.99284982681  1.071972E-17
6464.53894901276  1.085268E-17
6468.0850481987  1.116401E-17
6471.63114738464  1.134505E-17
6475.17724657059  1.117848E-17
6478.72334575653  1.112775E-17
6482.26944494248  1.103215E-17
6485.81554412842  1.060260E-17
6489.36164331436  1.021214E-17
6492.90774250031  1.041231E-17
6496.45384168625  1.081234E-17
6499.9999408722  1.077920E-17
6503.54604005814  1.097696E-17
6507.09213924408  1.104750E-17
6510.63823843002  1.078376E-17
6514.18433761597  1.080891E-17
6517.73043680191  1.085747E-17
6521.27653598786  1.064102E-17
6524.8226351738  1.017153E-17
6528.36873435974  1.063874E-17
6531.91483354569  1.099722E-17
6535.46093273163  1.054273E-17
6539.00703191758  1.062318E-17
6542.55313110352  1.070274E-17
6546.09923028946  1.064402E-17
6549.64532947541  1.078323E-17
6553.19142866135  1.066679E-17
6556.73752784729  1.039237E-17
6560.28362703323  1.057128E-17
6563.82972621918  1.073113E-17
6567.37582540512  1.044365E-17
6570.92192459107  1.016299E-17
6574.46802377701  1.007811E-17
6578.01412296295  9.835661E-18
6581.5602221489  9.723036E-18
6585.10632133484  9.824978E-18
6588.65242052079  9.729130E-18
6592.19851970673  9.409151E-18
6595.74461889267  9.312071E-18
6599.29071807862  9.435929E-18
6602.83681726456  9.587394E-18
6606.3829164505  9.769302E-18
6609.92901563645  9.762195E-18
6613.47511482239  9.597694E-18
6617.02121400833  9.348448E-18
6620.56731319428  8.868198E-18
6624.11341238022  8.847547E-18
6627.65951156617  9.074893E-18
6631.20561075211  8.946967E-18
6634.75170993805  8.646961E-18
6638.297809124  8.725420E-18
6641.84390830994  8.757033E-18
6645.39000749588  8.624370E-18
6648.93610668183  8.775879E-18
6652.48220586777  8.881322E-18
6656.02830505371  8.799977E-18
6659.57440423966  8.601285E-18
6663.1205034256  8.618812E-18
6666.66660261154  8.955483E-18
6670.21270179749  9.081165E-18
6673.75880098343  8.961082E-18
6677.30490016938  8.690800E-18
6680.85099935532  8.682759E-18
6684.39709854126  8.596232E-18
6687.94319772721  8.377606E-18
6691.48929691315  8.526349E-18
6695.03539609909  8.825985E-18
6698.58149528504  8.912533E-18
6702.12759447098  8.753515E-18
6705.67369365692  8.752020E-18
6709.21979284287  8.615582E-18
6712.76589202881  8.619703E-18
6716.31199121476  8.890062E-18
6719.8580904007  8.817833E-18
6723.40418958664  8.727928E-18
6726.95028877259  9.139165E-18
6730.49638795853  9.180158E-18
6734.04248714447  9.064154E-18
6737.58858633042  9.040378E-18
6741.13468551636  9.169509E-18
6744.6807847023  9.101775E-18
6748.22688388825  9.251741E-18
6751.77298307419  9.474197E-18
6755.31908226013  9.563454E-18
6758.86518144608  9.647241E-18
6762.41128063202  1.007872E-17
6765.95737981797  1.008107E-17
6769.50347900391  1.010203E-17
6773.04957818985  1.012605E-17
6776.5956773758  1.034453E-17
6780.14177656174  1.022884E-17
6783.68787574768  1.040866E-17
6787.23397493363  1.053091E-17
6790.78007411957  1.043727E-17
6794.32617330551  1.067623E-17
6797.87227249146  1.055474E-17
6801.4183716774  1.051600E-17
6804.96447086335  1.044997E-17
6808.51057004929  1.046433E-17
6812.05666923523  1.112942E-17
6815.60276842118  1.084561E-17
6819.14886760712  1.065112E-17
6822.69496679306  1.077821E-17
6826.24106597901  1.081132E-17
6829.78716516495  1.075993E-17
6833.33326435089  1.105523E-17
6836.87936353684  1.153903E-17
6840.42546272278  1.154209E-17
6843.97156190872  1.159466E-17
6847.51766109467  1.156054E-17
6851.06376028061  1.101839E-17
6854.60985946656  1.044869E-17
6858.1559586525  1.014806E-17
6861.70205783844  9.680544E-18
6865.24815702439  9.396393E-18
6868.79425621033  9.369024E-18
6872.34035539627  9.929216E-18
6875.88645458222  1.073352E-17
6879.43255376816  1.054696E-17
6882.9786529541  1.078159E-17
6886.52475214005  1.135256E-17
6890.07085132599  1.106266E-17
6893.61695051194  1.115337E-17
6897.16304969788  1.183407E-17
6900.70914888382  1.170905E-17
6904.25524806977  1.189040E-17
6907.80134725571  1.223682E-17
6911.34744644165  1.221006E-17
6914.8935456276  1.192541E-17
6918.43964481354  1.215081E-17
6921.98574399948  1.231803E-17
6925.53184318543  1.259523E-17
6929.07794237137  1.303230E-17
6932.62404155731  1.298763E-17
6936.17014074326  1.290705E-17
6939.7162399292  1.265823E-17
6943.26233911515  1.260062E-17
6946.80843830109  1.262995E-17
6950.35453748703  1.230226E-17
6953.90063667298  1.271639E-17
6957.44673585892  1.282818E-17
6960.99283504486  1.322709E-17
6964.53893423081  1.332645E-17
6968.08503341675  1.320254E-17
6971.63113260269  1.295319E-17
6975.17723178864  1.305873E-17
6978.72333097458  1.303215E-17
6982.26943016053  1.262125E-17
6985.81552934647  1.250753E-17
6989.36162853241  1.255267E-17
6992.90772771836  1.258419E-17
6996.4538269043  1.273589E-17
6999.99992609024  1.265149E-17
7003.54602527619  1.258622E-17
7007.09212446213  1.267142E-17
7010.63822364807  1.277202E-17
7014.18432283402  1.276932E-17
7017.73042201996  1.254251E-17
7021.2765212059  1.212297E-17
7024.82262039185  1.212003E-17
7028.36871957779  1.231746E-17
7031.91481876374  1.220991E-17
7035.46091794968  1.223785E-17
7039.00701713562  1.248594E-17
7042.55311632157  1.236318E-17
7046.09921550751  1.203772E-17
7049.64531469345  1.181439E-17
7053.1914138794  1.165014E-17
7056.73751306534  1.156617E-17
7060.28361225128  1.162559E-17
7063.82971143723  1.153810E-17
7067.37581062317  1.140435E-17
7070.92190980912  1.135582E-17
7074.46800899506  1.139866E-17
7078.014108181  1.163927E-17
7081.56020736695  1.159567E-17
7085.10630655289  1.107288E-17
7088.65240573883  1.054632E-17
7092.19850492478  1.034265E-17
7095.74460411072  1.036508E-17
7099.29070329666  1.065555E-17
7102.83680248261  1.069269E-17
7106.38290166855  1.070580E-17
7109.92900085449  1.062135E-17
7113.47510004044  1.057443E-17
7117.02119922638  1.059110E-17
7120.56729841233  1.022971E-17
7124.11339759827  9.842543E-18
7127.65949678421  9.682461E-18
7131.20559597016  9.670149E-18
7134.7516951561  9.771248E-18
7138.29779434204  9.677769E-18
7141.84389352799  9.587865E-18
7145.38999271393  9.763359E-18
7148.93609189988  9.849285E-18
7152.48219108582  9.712667E-18
7156.02829027176  9.484724E-18
7159.57438945771  9.304223E-18
7163.12048864365  9.261468E-18
7166.66658782959  9.200244E-18
7170.21268701554  9.052496E-18
7173.75878620148  8.996254E-18
7177.30488538742  8.874947E-18
7180.85098457337  8.739760E-18
7184.39708375931  8.722162E-18
7187.94318294525  8.887716E-18
7191.4892821312  8.938263E-18
7195.03538131714  8.881835E-18
7198.58148050309  8.832067E-18
7202.12757968903  8.800437E-18
7205.67367887497  8.686810E-18
7209.21977806092  8.376571E-18
7212.76587724686  8.302736E-18
7216.3119764328  8.461938E-18
7219.85807561875  8.424630E-18
7223.40417480469  8.213574E-18
7226.95027399063  8.492932E-18
7230.49637317658  8.513842E-18
7234.04247236252  8.030932E-18
7237.58857154846  7.841252E-18
7241.13467073441  7.619018E-18
7244.68076992035  7.622176E-18
7248.2268691063  7.954851E-18
7251.77296829224  7.998690E-18
7255.31906747818  7.990160E-18
7258.86516666413  8.125885E-18
7262.41126585007  8.137295E-18
7265.95736503601  7.954641E-18
7269.50346422196  8.091752E-18
7273.0495634079  8.519984E-18
7276.59566259384  8.678714E-18
7280.14176177979  8.180058E-18
7283.68786096573  7.564012E-18
7287.23396015167  8.074959E-18
7290.78005933762  8.369733E-18
7294.32615852356  8.210752E-18
7297.87225770951  8.277268E-18
7301.41835689545  8.239686E-18
7304.96445608139  8.414353E-18
7308.51055526734  8.524500E-18
7312.05665445328  8.706419E-18
7315.60275363922  8.842989E-18
7319.14885282517  8.519332E-18
7322.69495201111  8.672645E-18
7326.24105119706  8.735270E-18
7329.787150383  8.337371E-18
7333.33324956894  8.558285E-18
7336.87934875489  8.588861E-18
7340.42544794083  8.376530E-18
7343.97154712677  8.282779E-18
7347.51764631272  8.176592E-18
7351.06374549866  8.369267E-18
7354.6098446846  8.298455E-18
7358.15594387055  7.921371E-18
7361.70204305649  7.837110E-18
7365.24814224243  8.022077E-18
7368.79424142838  8.141489E-18
7372.34034061432  7.922626E-18
7375.88643980027  7.763809E-18
7379.43253898621  8.021496E-18
7382.97863817215  8.367599E-18
7386.5247373581  8.288832E-18
7390.07083654404  8.067068E-18
7393.61693572998  8.094071E-18
7397.16303491593  8.502584E-18
7400.70913410187  9.175532E-18
7404.25523328781  9.634286E-18
7407.80133247376  9.502787E-18
7411.3474316597  9.084855E-18
7414.89353084564  8.729038E-18
7418.43963003159  8.340939E-18
7421.98572921753  8.295814E-18
7425.53182840348  8.222357E-18
7429.07792758942  8.204956E-18
7432.62402677536  8.407781E-18
7436.17012596131  8.312273E-18
7439.71622514725  8.374647E-18
7443.26232433319  8.327682E-18
7446.80842351914  8.094245E-18
7450.35452270508  8.378750E-18
7453.90062189102  8.704315E-18
7457.44672107697  8.596403E-18
7460.99282026291  8.332271E-18
7464.53891944885  7.968744E-18
7468.0850186348  8.408283E-18
7471.63111782074  8.338117E-18
7475.17721700669  8.370701E-18
7478.72331619263  8.984399E-18
7482.26941537857  8.656634E-18
7485.81551456452  8.508994E-18
7489.36161375046  8.757973E-18
7492.9077129364  8.713130E-18
7496.45381212235  8.531097E-18
7499.99991130829  8.404900E-18
7503.54601049424  8.731700E-18
7507.09210968018  8.951304E-18
7510.63820886612  9.043605E-18
7514.18430805207  8.728102E-18
7517.73040723801  8.383194E-18
7521.27650642395  8.572005E-18
7524.8226056099  8.713914E-18
7528.36870479584  8.652437E-18
7531.91480398178  8.667213E-18
7535.46090316773  8.638833E-18
7539.00700235367  8.710491E-18
7542.55310153961  9.140577E-18
7546.09920072556  9.578763E-18
7549.6452999115  1.025683E-17
7553.19139909745  1.036655E-17
7556.73749828339  9.475381E-18
7560.28359746933  9.338096E-18
7563.82969665528  8.790638E-18
7567.37579584122  8.117662E-18
7570.92189502716  7.930118E-18
7574.46799421311  7.638757E-18
7578.01409339905  7.613057E-18
7581.56019258499  7.185088E-18
7585.10629177094  6.053552E-18
7588.65239095688  4.670966E-18
7592.19849014283  3.692396E-18
7595.74458932877  3.202506E-18
7599.29068851471  3.103961E-18
7602.83678770066  3.468475E-18
7606.3828868866  4.060566E-18
7609.92898607254  4.755917E-18
7613.47508525849  5.201362E-18
7617.02118444443  6.156672E-18
7620.56728363037  7.588519E-18
7624.11338281632  8.882259E-18
7627.65948200226  8.930306E-18
7631.2055811882  7.682984E-18
7634.75168037415  6.308619E-18
7638.29777956009  5.872782E-18
7641.84387874604  5.995383E-18
7645.38997793198  6.033330E-18
7648.93607711792  6.099397E-18
7652.48217630387  6.266245E-18
7656.02827548981  6.624595E-18
7659.57437467575  6.869088E-18
7663.1204738617  6.844502E-18
7666.66657304764  6.664164E-18
7670.21267223358  6.876601E-18
7673.75877141953  7.028435E-18
7677.30487060547  7.146018E-18
7680.85096979142  7.439028E-18
7684.39706897736  7.417816E-18
7687.9431681633  7.601252E-18
7691.48926734925  7.651868E-18
7695.03536653519  7.634545E-18
7698.58146572113  7.666664E-18
7702.12756490708  7.907559E-18
7705.67366409302  7.479328E-18
7709.21976327896  7.488803E-18
7712.76586246491  7.425610E-18
7716.31196165085  7.538324E-18
7719.85806083679  7.473879E-18
7723.40416002274  7.730723E-18
7726.95025920868  7.650134E-18
7730.49635839463  7.450363E-18
7734.04245758057  7.797318E-18
7737.58855676651  7.785158E-18
7741.13465595246  7.524381E-18
7744.6807551384  7.623043E-18
7748.22685432434  7.003375E-18
7751.77295351029  7.295190E-18
7755.31905269623  7.246450E-18
7758.86515188217  7.299899E-18
7762.41125106812  7.449445E-18
7765.95735025406  7.021897E-18
7769.50344944001  7.099268E-18
7773.04954862595  6.908000E-18
7776.59564781189  7.377767E-18
7780.14174699784  7.600810E-18
7783.68784618378  7.577877E-18
7787.23394536972  7.133549E-18
7790.78004455567  7.790251E-18
7794.32614374161  7.811224E-18
7797.87224292755  7.391618E-18
7801.4183421135  7.514878E-18
7804.96444129944  7.168792E-18
7808.51054048538  7.404253E-18
7812.05663967133  7.014846E-18
7815.60273885727  7.009784E-18
7819.14883804322  7.279965E-18
7822.69493722916  7.853628E-18
7826.2410364151  7.566482E-18
7829.78713560105  7.433858E-18
7833.33323478699  7.727294E-18
7836.87933397293  8.113903E-18
7840.42543315888  8.225281E-18
7843.97153234482  7.793872E-18
7847.51763153076  7.962725E-18
7851.06373071671  8.107602E-18
7854.60982990265  7.957934E-18
7858.1559290886  7.695657E-18
7861.70202827454  7.603806E-18
7865.24812746048  8.000644E-18
7868.79422664643  8.056512E-18
7872.34032583237  8.141708E-18
7875.88642501831  8.180553E-18
7879.43252420426  7.863102E-18
7882.9786233902  7.788137E-18
7886.52472257614  7.815572E-18
7890.07082176209  8.175426E-18
7893.61692094803  8.377000E-18
7897.16302013397  8.326637E-18
7900.70911931992  8.261657E-18
7904.25521850586  7.946167E-18
7907.80131769181  8.032703E-18
7911.34741687775  7.709261E-18
7914.89351606369  8.112419E-18
7918.43961524964  8.611245E-18
7921.98571443558  8.177794E-18
7925.53181362152  8.568284E-18
7929.07791280747  8.842079E-18
7932.62401199341  8.275745E-18
7936.17011117935  8.067746E-18
7939.7162103653  8.358290E-18
7943.26230955124  8.816035E-18
7946.80840873719  8.301873E-18
7950.35450792313  8.566067E-18
7953.90060710907  9.064195E-18
7957.44670629502  8.541120E-18
7960.99280548096  8.507778E-18
7964.5389046669  8.814262E-18
7968.08500385285  8.943746E-18
7971.63110303879  8.463446E-18
7975.17720222473  8.265418E-18
7978.72330141068  9.054078E-18
7982.26940059662  9.037712E-18
7985.81549978256  8.549838E-18
7989.36159896851  8.617471E-18
7992.90769815445  8.540256E-18
7996.4537973404  8.282230E-18
7999.99989652634  8.233773E-18
8003.54599571228  8.245940E-18
8007.09209489823  8.533883E-18
8010.63819408417  8.194455E-18
8014.18429327011  7.963458E-18
8017.73039245606  7.885543E-18
8021.276491642  8.022290E-18
8024.82259082794  8.489679E-18
8028.36869001389  8.573113E-18
8031.91478919983  8.481548E-18
8035.46088838577  8.190125E-18
8039.00698757172  8.189182E-18
8042.55308675766  8.511699E-18
8046.09918594361  8.172481E-18
8049.64528512955  8.333640E-18
8053.19138431549  8.425226E-18
8056.73748350144  8.424951E-18
8060.28358268738  8.711679E-18
8063.82968187332  8.383245E-18
8067.37578105927  7.834789E-18
8070.92188024521  7.704606E-18
8074.46797943115  8.040652E-18
8078.0140786171  8.227535E-18
8081.56017780304  7.876631E-18
8085.10627698898  7.896599E-18
8088.65237617493  8.027138E-18
8092.19847536087  7.629050E-18
8095.74457454682  7.389333E-18
8099.29067373276  7.370652E-18
8102.8367729187  7.451690E-18
8106.38287210465  7.562510E-18
8109.92897129059  7.410495E-18
8113.47507047653  7.396365E-18
8117.02116966248  7.552805E-18
8120.56726884842  7.465366E-18
8124.11336803437  7.206552E-18
8127.65946722031  7.328972E-18
8131.20556640625  7.506866E-18
8134.7516655922  7.533661E-18
8138.29776477814  7.319273E-18
8141.84386396408  7.121118E-18
8145.38996315003  6.996152E-18
8148.93606233597  6.822250E-18
8152.48216152191  7.028276E-18
8156.02826070786  6.978899E-18
8159.5743598938  7.037409E-18
8163.12045907974  7.216338E-18
8166.66655826569  7.102686E-18
8170.21265745163  7.262422E-18
8173.75875663758  7.131343E-18
8177.30485582352  7.047877E-18
8180.85095500946  7.074658E-18
8184.39705419541  7.185120E-18
8187.94315338135  7.434033E-18
8191.48925256729  7.314839E-18
8195.03535175324  7.254725E-18
8198.58145093918  7.307486E-18
8202.12755012512  7.397055E-18
8205.67364931107  7.280889E-18
8209.21974849701  7.235551E-18
8212.76584768296  7.376047E-18
8216.3119468689  7.345528E-18
8219.85804605484  7.330308E-18
8223.40414524079  7.306926E-18
8226.95024442673  7.162690E-18
8230.49634361267  6.923007E-18
8234.04244279862  7.169927E-18
8237.58854198456  7.349815E-18
8241.1346411705  7.326124E-18
8244.68074035645  7.311775E-18
8248.22683954239  7.371265E-18
8251.77293872833  7.393367E-18
8255.31903791428  7.386734E-18
8258.86513710022  7.352089E-18
8262.41123628617  7.163129E-18
8265.95733547211  7.175001E-18
8269.50343465805  7.535331E-18
8273.049533844  7.583914E-18
8276.59563302994  7.202068E-18
8280.14173221588  7.077569E-18
8283.68783140183  7.655013E-18
8287.23393058777  8.200006E-18
8290.78002977371  7.767734E-18
8294.32612895966  7.278403E-18
8297.8722281456  6.652679E-18
8301.41832733155  6.710321E-18
8304.96442651749  7.038994E-18
8308.51052570343  7.124579E-18
8312.05662488938  7.075505E-18
8315.60272407532  7.053889E-18
8319.14882326126  7.115731E-18
8322.69492244721  7.077586E-18
8326.24102163315  7.044648E-18
8329.7871208191  7.158816E-18
8333.33322000504  6.660989E-18
8336.87931919098  6.235461E-18
8340.42541837692  7.041463E-18
8343.97151756287  7.225461E-18
8347.51761674881  7.098879E-18
8351.06371593476  7.606970E-18
8354.6098151207  7.345057E-18
8358.15591430664  6.954088E-18
8361.70201349259  7.028928E-18
8365.24811267853  6.866237E-18
8368.79421186447  6.359796E-18
8372.34031105042  6.036916E-18
8375.88641023636  6.244951E-18
8379.43250942231  6.571675E-18
8382.97860860825  6.638034E-18
8386.52470779419  6.598869E-18
8390.07080698014  6.087554E-18
8393.61690616608  5.598611E-18
8397.16300535202  5.570922E-18
8400.70910453797  6.380801E-18
8404.25520372391  6.331386E-18
8407.80130290985  6.333305E-18
8411.3474020958  6.608135E-18
8414.89350128174  6.307689E-18
8418.43960046768  6.070840E-18
8421.98569965363  5.864364E-18
8425.53179883957  5.764750E-18
8429.07789802552  5.368227E-18
8432.62399721146  5.818797E-18
8436.1700963974  6.517348E-18
8439.71619558335  6.168582E-18
8443.26229476929  6.190248E-18
8446.80839395523  6.553032E-18
8450.35449314118  6.587420E-18
8453.90059232712  6.065176E-18
8457.44669151306  6.099823E-18
8460.99279069901  6.407083E-18
8464.53888988495  6.312090E-18
8468.08498907089  6.180076E-18
8471.63108825684  6.091995E-18
8475.17718744278  6.057522E-18
8478.72328662873  6.240784E-18
8482.26938581467  6.384039E-18
8485.81548500061  6.331970E-18
8489.36158418656  6.199998E-18
8492.9076833725  5.899631E-18
8496.45378255844  5.807568E-18
8499.99988174439  6.075589E-18
8503.54598093033  6.091187E-18
8507.09208011627  5.749275E-18
8510.63817930222  5.620515E-18
8514.18427848816  5.792915E-18
8517.7303776741  5.937936E-18
8521.27647686005  6.056225E-18
8524.82257604599  6.070583E-18
8528.36867523194  6.046840E-18
8531.91477441788  5.997115E-18
8535.46087360382  6.002231E-18
8539.00697278977  6.108319E-18
8542.55307197571  5.819495E-18
8546.09917116165  5.614221E-18
8549.6452703476  5.762308E-18
8553.19136953354  5.766203E-18
8556.73746871948  5.680267E-18
8560.28356790543  5.620262E-18
8563.82966709137  5.746156E-18
8567.37576627732  5.827834E-18
8570.92186546326  5.674562E-18
8574.4679646492  5.452152E-18
8578.01406383515  5.440354E-18
8581.56016302109  5.508725E-18
8585.10626220703  5.252145E-18
8588.65236139298  5.310447E-18
8592.19846057892  5.437315E-18
8595.74455976487  5.311002E-18
8599.29065895081  5.443520E-18
8602.83675813675  5.696840E-18
8606.3828573227  5.631855E-18
8609.92895650864  5.223918E-18
8613.47505569458  5.068620E-18
8617.02115488053  5.171878E-18
8620.56725406647  5.326492E-18
8624.11335325242  5.311915E-18
8627.65945243836  5.244703E-18
8631.2055516243  5.247070E-18
8634.75165081025  5.064242E-18
8638.29774999619  4.792682E-18
8641.84384918213  4.797529E-18
8645.38994836808  4.852973E-18
8648.93604755402  4.873420E-18
8652.48214673996  5.238886E-18
8656.02824592591  5.129718E-18
8659.57434511185  4.706868E-18
8663.12044429779  4.921997E-18
8666.66654348374  5.144758E-18
8670.21264266968  5.116005E-18
8673.75874185563  4.961273E-18
8677.30484104157  4.700574E-18
8680.85094022751  4.680152E-18
8684.39703941346  4.867972E-18
8687.9431385994  4.807501E-18
8691.48923778534  4.900854E-18
8695.03533697129  5.035952E-18
8698.58143615723  4.944408E-18
8702.12753534317  4.807975E-18
8705.67363452912  4.923937E-18
8709.21973371506  4.905141E-18
8712.765832901  4.862201E-18
8716.31193208695  5.054082E-18
8719.85803127289  5.032317E-18
8723.40413045884  4.953457E-18
8726.95022964478  4.874821E-18
8730.49632883072  4.815403E-18
8734.04242801667  4.843427E-18
8737.58852720261  4.711435E-18
8741.13462638855  4.603414E-18
8744.6807255745  4.771054E-18
8748.22682476044  4.850915E-18
8751.77292394639  4.791789E-18
8755.31902313233  4.366641E-18
8758.86512231827  4.705401E-18
8762.41122150421  4.822541E-18
8765.95732069016  5.549370E-18
8769.5034198761  5.145079E-18
8773.04951906205  4.967508E-18
8776.59561824799  4.048305E-18
8780.14171743393  4.259533E-18
8783.68781661988  4.891944E-18
8787.23391580582  4.401592E-18
8861.70199871064  5.076529E-18
8865.24809789658  4.740624E-18
8868.79419708252  4.733583E-18
8872.34029626847  4.384006E-18
8875.88639545441  4.863636E-18
8879.43249464035  4.842604E-18
8882.9785938263  4.269973E-18
8886.52469301224  4.708018E-18
8890.07079219818  4.544779E-18
8893.61689138413  4.418176E-18
8897.16299057007  4.967293E-18
8900.70908975602  4.782795E-18
8904.25518894196  3.985893E-18
8907.8012881279  4.132025E-18
8911.34738731385  4.782834E-18
8914.89348649979  4.844040E-18
8918.43958568573  5.133705E-18
8921.98568487168  6.232487E-18
8925.53178405762  5.860335E-18
8929.07788324357  4.792591E-18
8932.62398242951  4.827974E-18
8936.17008161545  4.921760E-18
8939.71618080139  5.118490E-18
8943.26227998734  4.953954E-18
8946.80837917328  5.411602E-18
8950.35447835923  5.108191E-18
8953.90057754517  4.349667E-18
8957.44667673111  3.543103E-18
8960.99277591706  3.522001E-18
8964.538875103  4.083995E-18
8968.08497428894  4.218366E-18
8971.63107347489  4.034303E-18
8975.17717266083  4.092684E-18
8978.72327184678  4.485333E-18
8982.26937103272  4.180804E-18
8985.81547021866  4.317013E-18
8989.36156940461  4.728750E-18
8992.90766859055  4.827405E-18
8996.45376777649  4.670717E-18
8999.99986696244  4.472649E-18
9003.54596614838  3.905116E-18
9007.09206533432  3.931750E-18
9010.63816452027  4.338257E-18
9014.18426370621  4.413550E-18
9017.73036289216  4.222654E-18
9021.2764620781  3.800034E-18
9024.82256126404  3.925692E-18
9028.36866044999  4.303145E-18
9031.91475963593  4.239910E-18
9035.46085882187  4.297084E-18
9039.00695800782  4.384097E-18
9042.55305719376  4.353575E-18
9046.0991563797  4.264394E-18
9049.64525556565  3.925707E-18
9053.19135475159  3.770666E-18
9056.73745393753  3.788571E-18
9060.28355312348  4.059971E-18
9063.82965230942  4.269093E-18
9067.37575149537  4.068213E-18
9070.92185068131  3.984415E-18
9074.46794986725  4.021359E-18
9078.0140490532  4.032280E-18
9081.56014823914  3.985472E-18
9085.10624742508  3.648317E-18
9088.65234661103  3.514370E-18
9092.19844579697  3.607081E-18
9095.74454498291  3.745006E-18
9099.29064416886  3.725801E-18
9102.8367433548  3.730306E-18
9106.38284254075  3.803623E-18
9109.92894172669  3.871728E-18
9113.47504091263  3.838584E-18
9117.02114009858  3.770622E-18
9120.56723928452  3.948618E-18
9124.11333847046  4.013520E-18
9127.65943765641  3.931923E-18
9131.20553684235  3.717321E-18
9134.75163602829  3.655048E-18
9138.29773521424  3.780155E-18
9141.84383440018  3.915085E-18
9145.38993358612  4.007884E-18
9148.93603277207  3.883606E-18
9152.48213195801  3.609621E-18
9156.02823114396  3.567064E-18
9159.5743303299  3.730343E-18
9163.12042951584  3.752897E-18
9166.66652870179  3.583305E-18
9170.21262788773  3.469261E-18
9173.75872707367  3.462685E-18
9177.30482625962  3.596705E-18
9180.85092544556  3.719775E-18
9184.3970246315  3.842376E-18
9187.94312381745  3.971223E-18
9191.48922300339  3.884966E-18
9195.03532218934  3.760193E-18
9198.58142137528  3.918214E-18
9202.12752056122  4.128746E-18
9205.67361974717  3.915246E-18
9209.21971893311  3.897946E-18
9212.76581811905  3.943223E-18
9216.311917305  4.015704E-18
9219.85801649094  4.107625E-18
9223.40411567688  3.918648E-18
9226.95021486283  3.925268E-18
9230.49631404877  3.846993E-18
9234.04241323471  3.564942E-18
9237.58851242066  3.486681E-18
9241.1346116066  3.380580E-18
9244.68071079255  3.358423E-18
9248.22680997849  3.495013E-18
9251.77290916443  3.611880E-18
9255.31900835038  3.656514E-18
9258.86510753632  3.463731E-18
9262.41120672226  3.641244E-18
9265.95730590821  4.044131E-18
9269.50340509415  4.066217E-18
9273.04950428009  3.936370E-18
9276.59560346604  3.877199E-18
9280.14170265198  3.879671E-18
9283.68780183792  3.617701E-18
9287.23390102387  3.762361E-18
9290.78000020981  4.099060E-18
9294.32609939576  3.637210E-18
9297.8721985817  3.636515E-18
9301.41829776764  3.989238E-18
9304.96439695359  3.640499E-18
9308.51049613953  3.334284E-18
9312.05659532547  3.813874E-18
9315.60269451142  3.171592E-18
9319.14879369736  1.564172E-18
9322.6948928833  1.772582E-18
9326.24099206925  2.627358E-18
9329.78709125519  2.721549E-18
9333.33319044113  2.510128E-18
9336.87928962708  2.434153E-18
9340.42538881302  2.376034E-18
9343.97148799897  2.274766E-18
9347.51758718491  2.289749E-18
9351.06368637085  2.432111E-18
9354.6097855568  2.644774E-18
9358.15588474274  2.368323E-18
9361.70198392868  2.461895E-18
9365.24808311463  3.463161E-18
9368.79418230057  3.378122E-18
9372.34028148652  2.456548E-18
9375.88638067246  2.633037E-18
9379.4324798584  2.119871E-18
9382.97857904434  2.114082E-18
9386.52467823029  2.777277E-18
9390.07077741623  2.618931E-18
9393.61687660218  2.352913E-18
9397.16297578812  2.432527E-18
9400.70907497406  2.721437E-18
9404.25517416001  2.885986E-18
9407.80127334595  3.112844E-18
9411.34737253189  2.924484E-18
9414.89347171784  2.800169E-18
9418.43957090378  2.472987E-18
9421.98567008973  2.404745E-18
9425.53176927567  2.489193E-18
9429.07786846161  2.109347E-18
9432.62396764756  2.374648E-18
9436.1700668335  2.226685E-18
9439.71616601944  2.230663E-18
9443.26226520539  2.917168E-18
9446.80836439133  2.941566E-18
9450.35446357727  2.562110E-18
9453.90056276322  1.844820E-18
9457.44666194916  1.132536E-18
9460.99276113511  1.430108E-18
9464.53886032105  2.141231E-18
9468.08495950699  3.371592E-18
9471.63105869294  3.836182E-18
9475.17715787888  3.244204E-18
9478.72325706482  2.448646E-18
9482.26935625077  2.016064E-18
9485.81545543671  2.195352E-18
9489.36155462265  2.377328E-18
9492.9076538086  1.944703E-18
9496.45375299454  1.921392E-18
9499.99985218048  2.216804E-18
9503.54595136643  2.556305E-18
9507.09205055237  2.917648E-18
9510.63814973832  2.651470E-18
9514.18424892426  2.605972E-18
9517.7303481102  2.761134E-18
9521.27644729615  2.561015E-18
9524.82254648209  2.471223E-18
9528.36864566803  2.483111E-18
9531.91474485398  2.435562E-18
9535.46084403992  2.375794E-18
9539.00694322586  2.395833E-18
9542.55304241181  2.620176E-18
9546.09914159775  2.702645E-18
9549.6452407837  3.054963E-18
9553.19133996964  3.392473E-18
9556.73743915558  3.107422E-18
9560.28353834153  2.996927E-18
9563.82963752747  2.964811E-18
9567.37573671341  2.999270E-18
9570.92183589936  3.107488E-18
9574.4679350853  3.204149E-18
9578.01403427124  3.056130E-18
9581.56013345719  2.848577E-18
9585.10623264313  2.977939E-18
9588.65233182907  3.028558E-18
9592.19843101502  3.063757E-18
9595.74453020096  3.300475E-18
9599.29062938691  3.409092E-18
9602.83672857285  3.513759E-18
9606.38282775879  3.640632E-18
9609.92892694474  3.335366E-18
9613.47502613068  3.148661E-18
9617.02112531662  3.223513E-18
9620.56722450257  3.186081E-18
9624.11332368851  3.349339E-18
9627.65942287446  3.177964E-18
9631.2055220604  3.077265E-18
9634.75162124634  3.010081E-18
9638.29772043229  2.995523E-18
9641.84381961823  3.070105E-18
9645.38991880417  2.889131E-18
9648.93601799012  2.755516E-18
9652.48211717606  3.177008E-18
9656.028216362  2.998454E-18
9659.57431554795  2.517605E-18
9663.12041473389  2.604922E-18
9666.66651391983  3.453195E-18
9670.21261310578  3.228241E-18
9673.75871229172  3.143763E-18
9677.30481147767  3.170779E-18
9680.85091066361  2.594578E-18
9684.39700984955  3.065157E-18
9687.9431090355  4.085521E-18
9691.48920822144  3.568798E-18
9695.03530740738  2.908340E-18
9698.58140659333  3.450055E-18
9702.12750577927  3.529619E-18
9705.67360496521  3.465176E-18
9709.21970415116  3.438856E-18
9712.7658033371  3.313232E-18
9716.31190252304  3.100045E-18
9719.85800170899  3.327986E-18
9723.40410089493  3.226468E-18
9726.95020008088  2.968226E-18
9730.49629926682  2.865593E-18
9734.04239845276  2.761969E-18
9737.58849763871  2.814140E-18
9741.13459682465  3.132891E-18
9744.68069601059  3.376761E-18
9748.22679519654  2.551143E-18
9751.77289438248  2.337628E-18
9755.31899356842  2.548901E-18
9758.86509275437  2.876250E-18
9762.41119194031  2.921884E-18
9765.95729112625  2.711577E-18
9769.5033903122  2.737362E-18
9773.04948949814  2.726767E-18
9776.59558868409  2.543033E-18
9780.14168787003  2.069325E-18
9783.68778705597  2.574015E-18
9787.23388624192  1.874853E-18
9790.77998542786  1.357643E-18
9794.3260846138  1.918320E-18
9797.87218379975  2.018557E-18
9801.41828298569  2.157824E-18
9804.96438217164  2.703846E-18
9808.51048135758  3.098872E-18
9812.05658054352  2.988955E-18
9815.60267972947  2.632577E-18
9819.14877891541  2.418817E-18
9822.69487810135  2.422397E-18
9826.2409772873  2.799664E-18
9829.78707647324  2.835314E-18
9833.33317565918  2.890172E-18
9836.87927484513  3.083267E-18
9840.42537403107  2.661911E-18
9843.97147321701  2.467552E-18
9847.51757240296  2.619898E-18
9851.0636715889  2.718670E-18
9854.60977077485  2.670047E-18
9858.15586996079  3.021892E-18
9861.70196914673  2.558464E-18
9865.24806833268  2.512886E-18
9868.79416751862  1.892954E-18
9872.34026670456  1.451742E-18
9875.88636589051  2.214215E-18
9879.43246507645  2.748665E-18
9882.97856426239  2.579071E-18
9886.52466344834  2.584563E-18
9890.07076263428  2.712643E-18
9893.61686182022  2.378637E-18
9897.16296100617  1.601952E-18
9900.70906019211  1.662672E-18
9904.25515937806  2.801366E-18
9907.801258564  3.648577E-18
9911.34735774994  3.395450E-18
9914.89345693589  3.472859E-18
9918.43955612183  3.367907E-18
9921.98565530777  3.384658E-18
9925.53175449372  3.005419E-18
9929.07785367966  2.205439E-18
9932.6239528656  2.336808E-18
9936.17005205155  2.763626E-18
9939.71615123749  2.853904E-18
9943.26225042343  2.121057E-18
9946.80834960938  1.504186E-18
9950.35444879532  1.754658E-18
9953.90054798127  1.286912E-18
9957.44664716721  1.300591E-18
9960.99274635315  1.022974E-18
9964.5388455391  8.302232E-19
9968.08494472504  1.784971E-18
9971.63104391098  1.919152E-18
9975.17714309693  1.695714E-18
9978.72324228287  1.853472E-18
9982.26934146881  1.558177E-18
9985.81544065476  1.722345E-18
9989.3615398407  1.836372E-18
9992.90763902665  2.481280E-18
9996.45373821259  3.386763E-18
9999.99983739853  2.916842E-18
10003.5459365845  3.079962E-18
10007.0920357704  3.710776E-18
10010.6381349564  3.423691E-18
10014.1842341423  2.423981E-18
10017.7303333282  2.762007E-18
10021.2764325142  2.351133E-18
10024.8225317001  1.662269E-18
10028.3686308861  2.145177E-18
10031.914730072  2.404274E-18
10035.460829258  1.792980E-18
10039.0069284439  1.465035E-18
10042.5530276299  1.646796E-18
10046.0991268158  1.852756E-18
10049.6452260017  1.372131E-18
10053.1913251877  1.151865E-18
10056.7374243736  1.540056E-18
10060.2835235596  2.183932E-18
10063.8296227455  2.324404E-18
10067.3757219315  1.623523E-18
10070.9218211174  1.125205E-18
10074.4679203034  1.359735E-18
10078.0140194893  1.710535E-18
10081.5601186752  1.267929E-18
10085.1062178612  5.839107E-19
10088.6523170471  8.623224E-19
10092.1984162331  1.564120E-18
10095.744515419  1.784036E-18
10099.290614605  1.740088E-18
10102.8367137909  1.421658E-18
10106.3828129768  1.197158E-18
10109.9289121628  1.355982E-18
10113.4750113487  1.457139E-18
10117.0211105347  1.418578E-18
10120.5672097206  1.458880E-18
10124.1133089066  1.910557E-18
10127.6594080925  2.182309E-18
10131.2055072784  1.791914E-18
10134.7516064644  1.333979E-18
10138.2977056503  1.123308E-18
10141.8438048363  9.454795E-19
10145.3899040222  1.027643E-18
10148.9360032082  1.420236E-18
10152.4821023941  1.641371E-18
10156.0282015801  1.408053E-18
10159.574300766  1.042015E-18
10163.1203999519  7.255317E-19
10166.6664991379  1.085725E-18
10170.2125983238  1.381321E-18
10173.7586975098  1.564346E-18
10177.3047966957  1.819474E-18
10180.8508958817  1.512779E-18
10184.3969950676  1.052747E-18
10187.9430942535  9.360860E-19
10191.4891934395  6.634269E-19
10195.0352926254  5.585129E-19
10198.5813918114  9.696204E-19
10202.1274909973  1.462097E-18
10205.6735901833  1.357265E-18
10209.2196893692  1.318505E-18
10212.7657885551  1.270527E-18
10216.3118877411  1.388666E-18
10219.857986927  1.351113E-18
10223.404086113  1.261439E-18
10226.9501852989  1.429410E-18
10230.4962844849  1.305489E-18
10234.0423836708  5.747273E-19
10237.5884828568  1.070381E-18
10241.1345820427  1.527043E-18
10244.6806812286  1.822581E-18
10248.2267804146  1.597517E-18
10251.7728796005  1.374677E-18
10255.3189787865  1.223051E-18
10258.8650779724  1.233634E-18
10262.4111771584  6.411678E-19
10265.9572763443  9.340826E-19
10269.5033755302  1.049026E-18
10273.0494747162  1.163995E-18
10276.5955739021  9.939647E-19
10280.1416730881  9.515227E-19
10283.687772274  1.125314E-18
10287.23387146  2.717561E-19
10290.7799706459  -1.138552E-19
10294.3260698319  8.224159E-20
10297.8721690178  4.550113E-19
10301.4182682037  8.011826E-19
10304.9643673897  1.065723E-18
10308.5104665756  1.447657E-18
10312.0565657616  1.029811E-18
10315.6026649475  6.610052E-19
10319.1487641335  8.591857E-19
10322.6948633194  1.002268E-18
10326.2409625053  9.429560E-19
10329.7870616913  1.058735E-18
10333.3331608772  1.238919E-18
10336.8792600632  8.743126E-19
10340.4253592491  6.082659E-19
10343.9714584351  9.373018E-19
10347.517557621  8.967574E-19
10351.063656807  8.781338E-19
10354.6097559929  1.283930E-18
10358.1558551788  1.458648E-18
10361.7019543648  1.180662E-18
10365.2480535507  7.021903E-19
10368.7941527367  3.573038E-19
10372.3402519226  2.864430E-19
10375.8863511086  2.776294E-19
10379.4324502945  5.038132E-19
10382.9785494804  7.623970E-19
10386.5246486664  9.328118E-19
10390.0707478523  9.329226E-19
10393.6168470383  7.808437E-19
10397.1629462242  8.104868E-19
10400.7090454102  1.008983E-18
10404.2551445961  9.772844E-19
10407.801243782  6.629175E-19
10411.347342968  5.469040E-19
10414.8934421539  7.300590E-19
10418.4395413399  8.604652E-19
10421.9856405258  7.323711E-19
10425.5317397118  9.707133E-19
10429.0778388977  9.075061E-19
10432.6239380837  8.019875E-19
10436.1700372696  6.939706E-19
10439.7161364555  6.026164E-19
10443.2622356415  1.021405E-18
10446.8083348274  1.116281E-18
10450.3544340134  7.745594E-19
10453.9005331993  8.075563E-19
10457.4466323853  8.621114E-19
10460.9927315712  5.855157E-19
10464.5388307571  6.746047E-19
10468.0849299431  7.238133E-19
10471.631029129  3.018888E-19
10475.177128315  3.881279E-19
10478.7232275009  6.847816E-19
10482.2693266869  6.897033E-19
10485.8154258728  7.654899E-19
10489.3615250588  8.353515E-19
10492.9076242447  6.328306E-19
10496.4537234306  4.612452E-19
10499.9998226166  4.195778E-19
