4000.00000000001  7.792692E-18
4003.4653465748  6.662772E-18
4006.93069314958  4.845831E-18
4010.39603972436  2.536949E-18
4013.86138629915  5.942275E-18
4017.32673287393  8.842490E-18
4020.79207944871  3.316373E-18
4024.25742602349  -1.831471E-18
4027.72277259828  -2.170994E-18
4031.18811917306  -1.592603E-18
4034.65346574784  -5.888657E-21
4038.11881232263  2.516584E-18
4041.58415889741  2.098725E-18
4045.04950547219  -5.707752E-20
4048.51485204698  2.174859E-18
4051.98019862176  4.319743E-18
4055.44554519654  4.011795E-18
4058.91089177133  4.554504E-18
4062.37623834611  3.408339E-18
4065.84158492089  2.978976E-18
4069.30693149568  3.202562E-18
4072.77227807046  -2.365760E-18
4076.23762464525  -2.568941E-18
4079.70297122003  2.610153E-18
4083.16831779481  2.519773E-18
4086.6336643696  3.135956E-18
4090.09901094438  4.022168E-18
4093.56435751916  1.319054E-18
4097.02970409395  9.586252E-19
4100.49505066873  2.193391E-18
4103.96039724351  2.156532E-18
4107.42574381829  4.269461E-18
4110.89109039308  3.754281E-18
4114.35643696786  2.249537E-18
4117.82178354265  2.432190E-18
4121.28713011743  2.543254E-18
4124.75247669221  2.006052E-18
4128.217823267  2.173727E-19
4131.68316984178  -4.084005E-19
4135.14851641656  2.234472E-19
4138.61386299134  -1.161142E-19
4142.07920956613  8.559195E-19
4145.54455614091  2.283341E-18
4149.00990271569  2.206633E-18
4152.47524929048  5.901340E-19
4155.94059586526  7.386910E-19
4159.40594244005  1.362159E-18
4162.87128901483  1.949675E-18
4166.33663558961  7.359147E-19
4169.8019821644  -3.273942E-18
4173.26732873918  -1.866997E-18
4176.73267531396  9.146833E-19
4180.19802188874  2.074564E-18
4183.66336846353  3.371836E-18
4187.12871503831  3.753586E-18
4190.59406161309  4.441762E-18
4194.05940818788  4.941674E-18
4197.52475476266  5.810030E-18
4200.99010133744  3.700518E-18
4204.45544791223  1.789752E-18
4207.92079448701  2.712984E-18
4211.3861410618  2.685448E-18
4214.85148763658  4.457477E-18
4218.31683421136  5.234805E-18
4221.78218078614  2.139050E-18
4225.24752736093  3.953853E-19
4228.71287393571  9.879220E-19
4232.17822051049  1.002122E-18
4235.64356708528  1.141230E-18
4239.10891366006  2.475252E-18
4242.57426023484  4.161876E-18
4246.03960680963  3.428570E-18
4249.50495338441  3.111837E-18
4252.97029995919  4.317015E-18
4256.43564653398  3.710942E-18
4259.90099310876  2.557723E-18
4263.36633968355  1.352804E-18
4266.83168625833  1.958293E-18
4270.29703283311  4.750606E-18
4273.76237940789  5.508053E-18
4277.22772598268  4.398222E-18
4280.69307255746  3.162698E-18
4284.15841913224  3.954621E-18
4287.62376570703  5.321653E-18
4291.08911228181  5.591939E-18
4294.55445885659  3.922757E-18
4298.01980543138  2.907790E-18
4301.48515200616  2.848909E-18
4304.95049858094  3.327848E-18
4308.41584515573  3.391924E-18
4311.88119173051  2.828755E-18
4315.3465383053  4.376604E-18
4318.81188488008  5.467987E-18
4322.27723145486  3.567953E-18
4325.74257802965  3.104549E-18
4329.20792460443  5.386834E-18
4332.67327117921  5.925850E-18
4336.138617754  4.861614E-18
4339.60396432878  4.730164E-18
4343.06931090356  4.832108E-18
4346.53465747835  4.343352E-18
4350.00000405313  4.693348E-18
4353.46535062791  4.322301E-18
4356.9306972027  3.066517E-18
4360.39604377748  3.509897E-18
4363.86139035226  4.756263E-18
4367.32673692705  4.152747E-18
4370.79208350183  2.759182E-18
4374.25743007661  2.315317E-18
4377.72277665139  3.684136E-18
4381.18812322618  5.192903E-18
4384.65346980096  4.773977E-18
4388.11881637574  3.547340E-18
4391.58416295053  2.689353E-18
4395.04950952531  3.006009E-18
4398.51485610009  3.899821E-18
4401.98020267488  4.393106E-18
4405.44554924966  4.853351E-18
4408.91089582445  6.699062E-18
4412.37624239923  5.405256E-18
4415.84158897401  2.332471E-18
4419.30693554879  2.805705E-18
4422.77228212358  4.967620E-18
4426.23762869836  4.917775E-18
4429.70297527315  3.589760E-18
4433.16832184793  2.582245E-18
4436.63366842271  1.558631E-18
4440.0990149975  3.396928E-18
4443.56436157228  5.450397E-18
4447.02970814706  5.251773E-18
4450.49505472184  3.865899E-18
4453.96040129663  4.162842E-18
4457.42574787141  5.617912E-18
4460.8910944462  5.396274E-18
4464.35644102098  5.577863E-18
4467.82178759576  5.524752E-18
4471.28713417055  4.179441E-18
4474.75248074533  3.638743E-18
4478.21782732011  4.554195E-18
4481.6831738949  4.877369E-18
4485.14852046968  5.156042E-18
4488.61386704446  6.455902E-18
4492.07921361924  6.050521E-18
4495.54456019403  5.136285E-18
4499.00990676881  5.344176E-18
4502.47525334359  4.983867E-18
4505.94059991838  3.621412E-18
4509.40594649316  4.202462E-18
4512.87129306794  5.631346E-18
4516.33663964273  6.633981E-18
4519.80198621751  6.421126E-18
4523.26733279229  5.052954E-18
4526.73267936708  4.245849E-18
4530.19802594186  4.972542E-18
4533.66337251664  4.478399E-18
4537.12871909143  3.447909E-18
4540.59406566621  4.764752E-18
4544.059412241  6.099175E-18
4547.52475881578  5.206388E-18
4550.99010539056  3.726365E-18
4554.45545196534  3.477045E-18
4557.92079854013  5.334481E-18
4561.38614511491  6.331299E-18
4564.8514916897  4.027286E-18
4568.31683826448  4.040634E-18
4571.78218483926  4.743461E-18
4575.24753141404  3.911673E-18
4578.71287798883  3.672124E-18
4582.17822456361  4.180242E-18
4585.64357113839  3.514795E-18
4589.10891771318  3.916163E-18
4592.57426428796  4.785773E-18
4596.03961086274  4.120489E-18
4599.50495743753  4.561064E-18
4602.97030401231  6.035822E-18
4606.4356505871  4.651624E-18
4609.90099716188  4.056082E-18
4613.36634373666  4.019235E-18
4616.83169031145  3.794075E-18
4620.29703688623  3.268973E-18
4623.76238346101  2.443556E-18
4627.22773003579  2.329783E-18
4630.69307661058  3.058721E-18
4634.15842318536  3.691538E-18
4637.62376976015  4.398922E-18
4641.08911633493  4.165103E-18
4644.55446290971  4.172229E-18
4648.01980948449  4.101603E-18
4651.48515605928  5.013564E-18
4654.95050263406  5.000414E-18
4658.41584920884  4.213970E-18
4661.88119578363  3.625713E-18
4665.34654235841  3.067070E-18
4668.8118889332  4.245994E-18
4672.27723550798  4.725667E-18
4675.74258208276  3.322031E-18
4679.20792865755  2.588109E-18
4682.67327523233  2.439304E-18
4686.13862180711  2.242295E-18
4689.6039683819  3.207890E-18
4693.06931495668  4.209169E-18
4696.53466153146  3.769434E-18
4700.00000810625  2.699013E-18
4703.46535468103  3.052179E-18
4706.93070125581  3.177554E-18
4710.3960478306  2.924355E-18
4713.86139440538  2.626784E-18
4717.32674098016  2.691928E-18
4720.79208755494  3.291579E-18
4724.25743412973  3.201995E-18
4727.72278070451  2.878343E-18
4731.18812727929  3.048178E-18
4734.65347385408  2.871190E-18
4738.11882042886  1.838199E-18
4741.58416700365  1.704600E-18
4745.04951357843  2.837042E-18
4748.51486015321  3.188124E-18
4751.980206728  3.526019E-18
4755.44555330278  3.587820E-18
4758.91089987756  3.348845E-18
4762.37624645235  3.776371E-18
4765.84159302713  4.108752E-18
4769.30693960191  3.604652E-18
4772.77228617669  3.667835E-18
4776.23763275148  3.687876E-18
4779.70297932626  3.704303E-18
4783.16832590105  3.835423E-18
4786.63367247583  3.421827E-18
4790.09901905061  3.645066E-18
4793.56436562539  3.673119E-18
4797.02971220018  3.457037E-18
4800.49505877496  3.206757E-18
4803.96040534975  2.734452E-18
4807.42575192453  3.221892E-18
4810.89109849931  4.395760E-18
4814.3564450741  3.565788E-18
4817.82179164888  2.816895E-18
4821.28713822366  2.809456E-18
4824.75248479845  3.221923E-18
4828.21783137323  4.193531E-18
4831.68317794801  4.358207E-18
4835.1485245228  3.267597E-18
4838.61387109758  3.413480E-18
4842.07921767236  4.253055E-18
4845.54456424714  3.340760E-18
4849.00991082193  3.645608E-18
4852.47525739671  5.200309E-18
4855.9406039715  5.071725E-18
4859.40595054628  4.326844E-18
4862.87129712106  3.333247E-18
4866.33664369584  3.659417E-18
4869.80199027063  3.943376E-18
4873.26733684541  3.422487E-18
4876.73268342019  3.244402E-18
4880.19802999498  3.704546E-18
4883.66337656976  4.020244E-18
4887.12872314455  4.009730E-18
4890.59406971933  3.965058E-18
4894.05941629411  4.083335E-18
4897.5247628689  3.370455E-18
4900.99010944368  2.972399E-18
4904.45545601846  3.447889E-18
4907.92080259325  3.875947E-18
4911.38614916803  4.281474E-18
4914.85149574281  3.749145E-18
4918.31684231759  3.025711E-18
4921.78218889238  3.434902E-18
4925.24753546716  3.470915E-18
4928.71288204194  3.967756E-18
4932.17822861673  4.577406E-18
4935.64357519151  3.495808E-18
4939.1089217663  2.680420E-18
4942.57426834108  3.592003E-18
4946.03961491586  3.300020E-18
4949.50496149065  3.026110E-18
4952.97030806543  3.471219E-18
4956.43565464021  3.237747E-18
4959.901001215  2.957385E-18
4963.36634778978  3.054618E-18
4966.83169436456  3.177882E-18
4970.29704093935  3.307000E-18
4973.76238751413  3.026445E-18
4977.22773408891  2.683210E-18
4980.6930806637  2.565418E-18
4984.15842723848  2.819441E-18
4987.62377381326  3.563915E-18
4991.08912038804  4.157599E-18
4994.55446696283  4.058041E-18
4998.01981353761  3.612189E-18
5001.4851601124  3.027560E-18
5004.95050668718  3.044941E-18
5008.41585326196  3.356439E-18
5011.88119983675  3.625806E-18
5015.34654641153  3.579012E-18
5018.81189298631  3.906554E-18
5022.2772395611  3.744861E-18
5025.74258613588  3.228729E-18
5029.20793271066  3.185800E-18
5032.67327928545  2.920319E-18
5036.13862586023  2.518287E-18
5039.60397243501  3.081728E-18
5043.0693190098  4.049576E-18
5046.53466558458  3.903206E-18
5050.00001215936  3.773438E-18
5053.46535873415  3.968125E-18
5056.93070530893  3.815814E-18
5060.39605188371  3.502810E-18
5063.8613984585  3.191508E-18
5067.32674503328  3.163590E-18
5070.79209160806  3.583078E-18
5074.25743818285  4.077303E-18
5077.72278475763  4.386980E-18
5081.18813133241  4.015399E-18
5084.6534779072  3.429131E-18
5088.11882448198  3.061288E-18
5091.58417105676  3.446814E-18
5095.04951763155  3.928396E-18
5098.51486420633  3.879421E-18
5101.98021078111  3.629061E-18
5105.4455573559  3.508500E-18
5108.91090393068  3.386312E-18
5112.37625050546  3.071485E-18
5202.47526144983  3.029158E-18
5205.94060802461  3.863044E-18
5209.40595459939  4.100716E-18
5212.87130117418  3.805532E-18
5216.33664774896  3.832266E-18
5219.80199432375  3.866956E-18
5223.26734089853  3.626276E-18
5226.73268747331  3.099979E-18
5230.1980340481  3.578980E-18
5233.66338062288  2.987894E-18
5237.12872719766  2.899038E-18
5240.59407377245  3.190814E-18
5244.05942034723  3.759224E-18
5247.52476692201  3.497934E-18
5250.9901134968  3.413936E-18
5254.45546007158  3.922039E-18
5257.92080664636  4.386566E-18
5261.38615322114  4.526704E-18
5264.85149979593  3.978788E-18
5268.31684637071  3.026688E-18
5271.7821929455  2.854963E-18
5275.24753952028  3.099479E-18
5278.71288609506  3.329268E-18
5282.17823266985  3.877726E-18
5285.64357924463  4.312411E-18
5289.10892581941  4.096143E-18
5292.5742723942  4.263228E-18
5296.03961896898  3.845134E-18
5299.50496554376  3.436667E-18
5302.97031211854  3.712554E-18
5306.43565869333  3.416703E-18
5309.90100526811  3.516721E-18
5313.36635184289  3.583409E-18
5316.83169841768  3.497591E-18
5320.29704499246  3.496074E-18
5323.76239156725  3.649166E-18
5327.22773814203  3.798653E-18
5330.69308471681  4.122294E-18
5334.1584312916  4.095977E-18
5337.62377786638  3.986440E-18
5341.08912444116  3.222158E-18
5344.55447101595  2.862378E-18
5348.01981759073  3.861220E-18
5351.48516416551  3.753802E-18
5354.9505107403  4.179694E-18
5358.41585731508  4.098390E-18
5361.88120388986  3.611713E-18
5365.34655046465  3.762352E-18
5368.81189703943  4.127184E-18
5372.27724361421  4.569355E-18
5375.742590189  4.315399E-18
5379.20793676378  4.001640E-18
5382.67328333856  3.746686E-18
5386.13862991335  3.720987E-18
5389.60397648813  3.811504E-18
5393.06932306291  4.069437E-18
5396.5346696377  4.779880E-18
5400.00001621248  5.199532E-18
5403.46536278726  4.904682E-18
5406.93070936205  4.427072E-18
5410.39605593683  4.022514E-18
5413.86140251161  4.089820E-18
5417.3267490864  4.317228E-18
5420.79209566118  4.408910E-18
5424.25744223596  4.026372E-18
5427.72278881075  4.108150E-18
5431.18813538553  4.365339E-18
5434.65348196031  4.086878E-18
5438.1188285351  4.376242E-18
5441.58417510988  4.531540E-18
5445.04952168466  4.238058E-18
5448.51486825945  3.814504E-18
5451.98021483423  3.305751E-18
5455.44556140901  3.632369E-18
5458.9109079838  4.676909E-18
5462.37625455858  4.397210E-18
5465.84160113336  4.313326E-18
5469.30694770815  4.054226E-18
5472.77229428293  3.550738E-18
5476.23764085771  3.926083E-18
5479.70298743249  4.865602E-18
5483.16833400728  5.107911E-18
5486.63368058206  3.868234E-18
5490.09902715685  3.772998E-18
5493.56437373163  4.289324E-18
5497.02972030641  4.051121E-18
5500.4950668812  4.295883E-18
5503.96041345598  5.061113E-18
5507.42576003076  4.263257E-18
5510.89110660555  3.636186E-18
5514.35645318033  3.778621E-18
5517.82179975511  4.064382E-18
5521.2871463299  3.811944E-18
5524.75249290468  3.869451E-18
5528.21783947946  3.895889E-18
5531.68318605425  4.101604E-18
5535.14853262903  4.392068E-18
5538.61387920381  4.842858E-18
5542.0792257786  4.990933E-18
5545.54457235338  4.571407E-18
5549.00991892816  4.023270E-18
5552.47526550295  3.744875E-18
5555.94061207773  3.969923E-18
5559.40595865251  4.223502E-18
5562.8713052273  4.485895E-18
5566.33665180208  3.664485E-18
5569.80199837686  3.297476E-18
5573.26734495165  5.283657E-18
5576.73269152643  3.017027E-18
5580.19803810121  4.379961E-18
5583.663384676  5.886192E-18
5587.12873125078  5.431733E-18
5590.59407782556  4.746574E-18
5594.05942440035  3.968018E-18
5597.52477097513  4.142944E-18
5600.99011754991  5.096960E-18
5604.4554641247  4.902399E-18
5607.92081069948  4.129099E-18
5611.38615727426  4.583731E-18
5614.85150384905  4.913569E-18
5618.31685042383  4.351598E-18
5621.78219699861  4.497054E-18
5625.2475435734  4.781845E-18
5628.71289014818  4.746386E-18
5632.17823672296  4.247775E-18
5635.64358329775  4.280116E-18
5639.10892987253  4.548564E-18
5642.57427644731  4.480640E-18
5646.0396230221  4.872151E-18
5649.50496959688  4.811279E-18
5652.97031617166  4.737968E-18
5656.43566274645  4.900977E-18
5659.90100932123  4.896066E-18
5663.36635589601  4.893229E-18
5666.8317024708  5.392293E-18
5670.29704904558  6.215960E-18
5673.76239562036  8.239018E-18
5677.22774219515  9.887159E-18
5680.69308876993  9.100086E-18
5684.15843534471  7.685025E-18
5687.6237819195  7.180087E-18
5691.08912849428  6.146538E-18
5694.55447506906  5.325244E-18
5698.01982164385  5.352118E-18
5701.48516821863  4.895938E-18
5704.95051479341  4.822824E-18
5708.4158613682  4.560190E-18
5711.88120794298  4.374965E-18
5715.34655451776  5.091608E-18
5718.81190109255  5.193354E-18
5722.27724766733  4.600207E-18
5725.74259424211  4.644100E-18
5729.2079408169  4.248020E-18
5732.67328739168  4.373323E-18
5736.13863396646  4.880430E-18
5739.60398054125  4.237256E-18
5743.06932711603  3.768034E-18
5746.53467369081  3.897563E-18
5750.0000202656  4.145387E-18
5753.46536684038  4.430643E-18
5756.93071341516  4.385516E-18
5760.39605998995  4.108635E-18
5763.86140656473  4.379675E-18
5767.32675313951  4.813507E-18
5770.7920997143  4.695665E-18
5774.25744628908  4.457872E-18
5777.72279286386  4.299541E-18
5781.18813943865  4.334939E-18
5784.65348601343  4.326705E-18
5788.11883258821  4.397831E-18
5791.584179163  4.320558E-18
5795.04952573778  3.714447E-18
5798.51487231256  3.436050E-18
5801.98021888735  4.013463E-18
5805.44556546213  4.454468E-18
5808.91091203691  4.496340E-18
5812.3762586117  4.475750E-18
5815.84160518648  4.271010E-18
5819.30695176126  4.323537E-18
5822.77229833605  4.169956E-18
5826.23764491083  4.511857E-18
5829.70299148561  4.878245E-18
5833.1683380604  4.236760E-18
5836.63368463518  3.769905E-18
5840.09903120996  3.971986E-18
5843.56437778475  4.222962E-18
5847.02972435953  4.484554E-18
5850.49507093431  4.811832E-18
5853.9604175091  5.072595E-18
5857.42576408388  5.002991E-18
5860.89111065866  4.802973E-18
5864.35645723345  4.945899E-18
5867.82180380823  4.860334E-18
5871.28715038301  4.836181E-18
5874.7524969578  5.053405E-18
5878.21784353258  5.232469E-18
5881.68319010736  5.294411E-18
5885.14853668215  5.759224E-18
5888.61388325693  5.959536E-18
5892.07922983171  6.097537E-18
5895.5445764065  6.396207E-18
5899.00992298128  5.868968E-18
5902.47526955606  5.306783E-18
5905.94061613085  5.261834E-18
5909.40596270563  5.757620E-18
5912.87130928041  5.175474E-18
5916.3366558552  4.912461E-18
5919.80200242998  5.118820E-18
5923.26734900476  5.462898E-18
5926.73269557955  5.593781E-18
5930.19804215433  5.889747E-18
5933.66338872911  6.440922E-18
5937.1287353039  6.344229E-18
5940.59408187868  6.402288E-18
5944.05942845346  5.825559E-18
5947.52477502825  5.660938E-18
5950.99012160303  6.625088E-18
5954.45546817781  6.883172E-18
5957.9208147526  7.136467E-18
5961.38616132738  6.822247E-18
5964.85150790216  6.734711E-18
5968.31685447695  6.500611E-18
5971.78220105173  6.293594E-18
5975.24754762651  5.730257E-18
5978.7128942013  5.531092E-18
5982.17824077608  6.558309E-18
5985.64358735086  6.561283E-18
5989.10893392565  5.791979E-18
5992.57428050043  5.862753E-18
5996.03962707521  6.172277E-18
5999.50497365  6.574273E-18
6002.97032022478  6.678250E-18
6006.43566679956  7.497805E-18
6009.90101337435  7.433019E-18
6013.36635994913  6.999226E-18
6016.83170652391  6.982382E-18
6020.2970530987  6.321218E-18
6023.76239967348  5.937186E-18
6027.22774624826  6.426804E-18
6030.69309282305  6.575326E-18
6034.15843939783  7.336335E-18
6037.62378597261  7.318481E-18
6041.0891325474  7.623468E-18
6044.55447912218  7.446638E-18
6048.01982569696  7.455374E-18
6051.48517227175  7.623068E-18
6054.95051884653  7.694951E-18
6058.41586542131  7.519535E-18
6061.8812119961  7.961105E-18
6065.34655857088  7.225169E-18
6068.81190514566  7.145527E-18
6072.27725172045  7.255968E-18
6075.74259829523  7.035664E-18
6079.20794487001  6.912718E-18
6082.6732914448  7.275140E-18
6086.13863801958  6.988911E-18
6089.60398459436  6.639875E-18
6093.06933116915  6.808907E-18
6096.53467774393  7.105690E-18
6100.00002431871  7.066344E-18
6103.4653708935  6.568686E-18
6106.93071746828  6.354322E-18
6110.39606404306  6.326052E-18
6113.86141061785  6.351065E-18
6117.32675719263  6.676135E-18
6120.79210376741  6.566504E-18
6124.2574503422  6.243063E-18
6127.72279691698  6.217992E-18
6131.18814349176  5.751464E-18
6134.65349006655  6.115099E-18
6138.11883664133  5.838120E-18
6141.58418321611  5.394961E-18
6145.0495297909  5.299772E-18
6148.51487636568  6.029672E-18
6151.98022294046  5.927427E-18
6155.44556951525  5.422002E-18
6158.91091609003  5.734286E-18
6162.37626266481  5.768272E-18
6165.8416092396  6.024520E-18
6169.30695581438  5.553307E-18
6172.77230238916  5.500134E-18
6176.23764896395  5.937520E-18
6179.70299553873  5.732700E-18
6183.16834211351  5.662773E-18
6186.6336886883  6.058316E-18
6190.09903526308  6.103954E-18
6193.56438183786  6.190471E-18
6197.02972841265  6.057051E-18
6200.49507498743  5.846757E-18
6203.96042156221  5.863679E-18
6207.425768137  5.854033E-18
6210.89111471178  5.664661E-18
6214.35646128656  6.120709E-18
6217.82180786135  6.597450E-18
6221.28715443613  6.162304E-18
6224.75250101091  5.813171E-18
6228.2178475857  5.796770E-18
6231.68319416048  5.609072E-18
6235.14854073526  5.425702E-18
6238.61388731005  5.867950E-18
6242.07923388483  6.048552E-18
6245.54458045961  5.713709E-18
6249.0099270344  5.883443E-18
6252.47527360918  5.667741E-18
6255.94062018396  5.405242E-18
6259.40596675875  5.565144E-18
6262.87131333353  5.725471E-18
6266.33665990831  5.764074E-18
6269.8020064831  5.428524E-18
6273.26735305788  5.146425E-18
6276.73269963266  5.220479E-18
6280.19804620745  5.486849E-18
6283.66339278223  6.257939E-18
6287.12873935701  6.151741E-18
6290.5940859318  4.798260E-18
6294.05943250658  4.614040E-18
6297.52477908136  3.907199E-18
6300.99012565615  3.994953E-18
6304.45547223093  4.458910E-18
6307.92081880571  4.008683E-18
6311.3861653805  3.946669E-18
6314.85151195528  4.570285E-18
6318.31685853006  5.397440E-18
6321.78220510485  5.308388E-18
6325.24755167963  4.840357E-18
6328.71289825441  4.853929E-18
6332.1782448292  5.376751E-18
6335.64359140398  5.143193E-18
6339.10893797876  5.005664E-18
6342.57428455355  5.280687E-18
6346.03963112833  4.751868E-18
6349.50497770311  4.250742E-18
6352.9703242779  5.877883E-18
6356.43567085268  5.689457E-18
6359.90101742746  4.630336E-18
6363.36636400225  6.426588E-18
6366.83171057703  7.964364E-18
6370.29705715181  6.078549E-18
6373.7624037266  4.532162E-18
6377.22775030138  5.491128E-18
6380.69309687616  4.623125E-18
6384.15844345095  5.060503E-18
6387.62379002573  4.910867E-18
6391.08913660051  5.106557E-18
6394.5544831753  5.436621E-18
6398.01982975008  5.478718E-18
6401.48517632486  5.908926E-18
6404.95052289965  5.303611E-18
6408.41586947443  5.341462E-18
6411.88121604921  5.631177E-18
6415.346562624  4.739134E-18
6418.81190919878  5.215779E-18
6422.27725577356  5.292558E-18
6425.74260234835  5.090252E-18
6429.20794892313  5.396018E-18
6432.67329549791  5.312941E-18
6436.1386420727  5.159772E-18
6439.60398864748  5.337229E-18
6443.06933522226  5.380761E-18
6446.53468179705  4.941017E-18
6450.00002837183  4.694205E-18
6453.46537494661  5.101760E-18
6456.9307215214  5.313263E-18
6460.39606809618  4.960843E-18
6463.86141467096  5.153864E-18
6467.32676124575  5.389031E-18
6470.79210782053  4.989460E-18
6474.25745439531  4.640090E-18
6477.7228009701  4.981389E-18
6481.18814754488  4.747139E-18
6484.65349411966  5.262696E-18
6488.11884069445  5.368588E-18
6491.58418726923  4.855420E-18
6495.04953384401  5.097521E-18
6498.5148804188  5.216285E-18
6501.98022699358  5.124039E-18
6505.44557356836  4.840278E-18
6508.91092014315  4.984011E-18
6512.37626671793  5.174770E-18
6515.84161329271  5.353258E-18
6519.3069598675  5.523966E-18
6522.77230644228  5.391779E-18
6526.23765301706  4.920055E-18
6529.70299959185  4.791324E-18
6533.16834616663  4.919444E-18
6536.63369274141  5.120279E-18
6540.09903931619  5.080531E-18
6543.56438589098  5.070601E-18
6547.02973246576  5.208045E-18
6550.49507904054  5.060198E-18
6553.96042561533  5.181596E-18
6557.42577219011  5.185174E-18
6560.8911187649  5.494070E-18
6564.35646533968  5.238692E-18
6567.82181191446  4.971963E-18
6571.28715848925  4.707696E-18
6574.75250506403  5.020855E-18
6578.21785163881  5.244130E-18
6581.6831982136  5.123608E-18
6585.14854478838  5.200211E-18
6588.61389136316  5.385343E-18
6592.07923793795  5.126622E-18
6595.54458451273  5.063816E-18
6599.00993108751  5.180675E-18
6602.4752776623  5.179422E-18
6605.94062423708  5.517504E-18
6609.40597081186  5.720793E-18
6612.87131738665  5.858908E-18
6616.33666396143  5.683275E-18
6619.80201053621  5.062326E-18
6623.267357111  4.796172E-18
6626.73270368578  5.010750E-18
6630.19805026056  4.549889E-18
6633.66339683535  4.530378E-18
6637.12874341013  4.787632E-18
6640.59408998491  4.322445E-18
6644.0594365597  4.227606E-18
6647.52478313448  4.712318E-18
6650.99012970926  5.095176E-18
6654.45547628404  4.768617E-18
6657.92082285883  4.619661E-18
6661.38616943361  4.547499E-18
6664.8515160084  4.305325E-18
6668.31686258318  4.601934E-18
6671.78220915796  3.989245E-18
6675.24755573275  4.360335E-18
6678.71290230753  4.796921E-18
6682.17824888231  4.726321E-18
6685.6435954571  4.416377E-18
6689.10894203188  4.756673E-18
6692.57428860666  4.676030E-18
6696.03963518145  4.537165E-18
6699.50498175623  4.472141E-18
6702.97032833101  4.186654E-18
6706.4356749058  4.408146E-18
6709.90102148058  4.561701E-18
6713.36636805536  4.221846E-18
6716.83171463015  4.290248E-18
6720.29706120493  4.607012E-18
6723.76240777971  4.455819E-18
6727.2277543545  4.283686E-18
6730.69310092928  4.499291E-18
6734.15844750406  4.266719E-18
6737.62379407885  4.146595E-18
6741.08914065363  4.388581E-18
6744.55448722841  4.470044E-18
6748.0198338032  4.334204E-18
6751.48518037798  4.548759E-18
6754.95052695276  4.639549E-18
6758.41587352755  4.524594E-18
6761.88122010233  4.479712E-18
6765.34656667711  4.686348E-18
6768.8119132519  4.903374E-18
6772.27725982668  5.180379E-18
6775.74260640146  5.361138E-18
6779.20795297625  5.242102E-18
6782.67329955103  4.974051E-18
6786.13864612581  5.011161E-18
6789.6039927006  4.991710E-18
6793.06933927538  4.998600E-18
6796.53468585016  5.183967E-18
6800.00003242495  5.278792E-18
6803.46537899973  5.322381E-18
6806.93072557451  5.343990E-18
6810.3960721493  5.279181E-18
6813.86141872408  5.576544E-18
6817.32676529886  5.723668E-18
6820.79211187365  5.401287E-18
6824.25745844843  4.870274E-18
6827.72280502321  5.066004E-18
6831.188151598  5.629560E-18
6834.65349817278  5.840232E-18
6838.11884474756  6.002114E-18
6841.58419132235  6.353869E-18
6845.04953789713  6.228106E-18
6848.51488447191  5.939787E-18
6851.9802310467  6.140451E-18
6855.44557762148  5.715983E-18
6858.91092419626  6.068096E-18
6862.37627077105  5.252511E-18
6865.84161734583  5.201643E-18
6869.30696392061  4.597589E-18
6872.7723104954  5.211322E-18
6876.23765707018  5.369549E-18
6879.70300364496  5.687964E-18
6883.16835021975  6.052626E-18
6886.63369679453  5.591455E-18
6890.09904336931  5.743341E-18
6893.5643899441  6.255636E-18
6897.02973651888  5.980419E-18
6900.49508309366  6.226221E-18
6903.96042966845  6.169788E-18
6907.42577624323  5.799483E-18
6910.89112281801  6.283735E-18
6914.3564693928  6.532324E-18
6917.82181596758  6.372978E-18
6921.28716254236  6.626007E-18
6924.75250911715  6.718010E-18
6928.21785569193  7.164549E-18
6931.68320226671  7.305478E-18
6935.1485488415  6.990678E-18
6938.61389541628  6.956609E-18
6942.07924199106  7.390621E-18
6945.54458856585  7.614924E-18
6949.00993514063  7.624340E-18
6952.47528171541  7.490942E-18
6955.9406282902  7.398799E-18
6959.40597486498  7.520876E-18
6962.87132143976  7.251725E-18
6966.33666801455  7.121430E-18
6969.80201458933  7.433264E-18
6973.26736116411  7.729928E-18
6976.7327077389  7.458172E-18
6980.19805431368  7.191839E-18
6983.66340088846  7.093293E-18
6987.12874746325  7.251904E-18
6990.59409403803  7.515601E-18
6994.05944061281  7.587600E-18
6997.5247871876  7.270375E-18
7000.99013376238  7.553124E-18
7004.45548033716  7.492850E-18
7007.92082691195  7.284301E-18
7011.38617348673  7.165989E-18
7014.85152006151  6.925956E-18
7018.3168666363  7.327385E-18
7021.78221321108  7.807955E-18
7025.24755978586  7.446212E-18
7028.71290636065  7.058345E-18
7032.17825293543  7.377550E-18
7035.64359951021  7.558187E-18
7039.108946085  7.615345E-18
7042.57429265978  7.417922E-18
7046.03963923456  7.229942E-18
7049.50498580935  7.209663E-18
7052.97033238413  7.049469E-18
7056.43567895891  7.193541E-18
7059.9010255337  7.304142E-18
7063.36637210848  6.879810E-18
7066.83171868326  7.160871E-18
7070.29706525805  6.883754E-18
7073.76241183283  6.631812E-18
7077.22775840761  6.419882E-18
7080.6931049824  6.653446E-18
7084.15845155718  6.809498E-18
7087.62379813196  6.514827E-18
7091.08914470675  6.767709E-18
7094.55449128153  6.509245E-18
7098.01983785631  6.495271E-18
7101.4851844311  6.781268E-18
7104.95053100588  6.478971E-18
7108.41587758066  6.196708E-18
7111.88122415545  6.411764E-18
7115.34657073023  6.515982E-18
7118.81191730501  6.062313E-18
7122.2772638798  5.949994E-18
7125.74261045458  5.739305E-18
7129.20795702936  5.519839E-18
7132.67330360415  5.527256E-18
7136.13865017893  5.348508E-18
7139.60399675371  5.658546E-18
7143.0693433285  5.794935E-18
7146.53468990328  5.539659E-18
7150.00003647806  5.294238E-18
7153.46538305285  5.349292E-18
7156.93072962763  5.400505E-18
7160.39607620241  5.261889E-18
7163.8614227772  5.213582E-18
7167.32676935198  5.131616E-18
7170.79211592676  4.807553E-18
7174.25746250155  4.612470E-18
7177.72280907633  4.677299E-18
7181.18815565111  4.742075E-18
7184.6535022259  4.694188E-18
7188.11884880068  4.848241E-18
7191.58419537546  4.818338E-18
7195.04954195025  4.632623E-18
7198.51488852503  4.840594E-18
7201.98023509981  4.965813E-18
7205.4455816746  4.826622E-18
7208.91092824938  4.837896E-18
7212.37627482416  4.832198E-18
7215.84162139895  4.808938E-18
7219.30696797373  4.683355E-18
7222.77231454851  4.721296E-18
7226.2376611233  5.088725E-18
7229.70300769808  5.006523E-18
7233.16835427286  4.292518E-18
7236.63370084765  4.321384E-18
7240.09904742243  4.154057E-18
7243.56439399721  4.193220E-18
7247.02974057199  4.290417E-18
7250.49508714678  4.806307E-18
7253.96043372156  4.417142E-18
7257.42578029635  4.310656E-18
7260.89112687113  4.269049E-18
7264.35647344591  4.495718E-18
7267.8218200207  4.352655E-18
7271.28716659548  4.610636E-18
7274.75251317026  4.789105E-18
7278.21785974505  4.619775E-18
7281.68320631983  4.881589E-18
7285.14855289461  5.016167E-18
7288.6138994694  4.789458E-18
7292.07924604418  4.969010E-18
7295.54459261896  4.863939E-18
7299.00993919375  4.539544E-18
7302.47528576853  4.514365E-18
7305.94063234331  4.814840E-18
7309.4059789181  5.129140E-18
7312.87132549288  5.436937E-18
7316.33667206766  5.171816E-18
7319.80201864245  5.300756E-18
7323.26736521723  5.387156E-18
7326.73271179201  5.410483E-18
7330.1980583668  6.146384E-18
7333.66340494158  5.783696E-18
7337.12875151636  5.285857E-18
7340.59409809115  5.578365E-18
7344.05944466593  5.591300E-18
7347.52479124071  5.305963E-18
7350.9901378155  5.199649E-18
7354.45548439028  5.472114E-18
7357.92083096506  5.407501E-18
7361.38617753985  5.323305E-18
7364.85152411463  5.060031E-18
7368.31687068941  4.869110E-18
7371.7822172642  4.750512E-18
7375.24756383898  4.640417E-18
7378.71291041376  4.899189E-18
7382.17825698855  4.879363E-18
7385.64360356333  4.690276E-18
7389.10895013811  4.658533E-18
7392.5742967129  4.910006E-18
7396.03964328768  5.037104E-18
7399.50498986246  5.355086E-18
7402.97033643725  6.165073E-18
7406.43568301203  6.624897E-18
7409.90102958681  6.678426E-18
7413.3663761616  6.258705E-18
7416.83172273638  5.958349E-18
7420.29706931116  5.153421E-18
7423.76241588595  5.237955E-18
7427.22776246073  5.334189E-18
7430.69310903551  4.534567E-18
7434.1584556103  5.109430E-18
7437.62380218508  5.053119E-18
7441.08914875986  5.021392E-18
7444.55449533465  4.958930E-18
7448.01984190943  4.773113E-18
7451.48518848421  5.561510E-18
7454.950535059  5.468925E-18
7458.41588163378  5.666914E-18
7461.88122820856  5.246618E-18
7465.34657478335  5.303927E-18
7468.81192135813  5.298444E-18
7472.27726793291  5.730080E-18
7475.7426145077  5.647741E-18
7479.20796108248  5.872711E-18
7482.67330765726  5.695045E-18
7486.13865423205  5.670575E-18
7489.60400080683  5.924935E-18
7493.06934738161  6.080506E-18
7496.5346939564  5.858567E-18
7500.00004053118  5.740033E-18
7503.46538710596  5.792492E-18
7506.93073368075  5.892989E-18
7510.39608025553  6.086901E-18
7513.86142683032  5.936291E-18
7517.3267734051  5.907637E-18
7520.79211997988  5.479836E-18
7524.25746655466  5.279015E-18
7527.72281312945  5.775296E-18
7531.18815970423  6.002556E-18
7534.65350627902  5.624473E-18
7538.1188528538  6.017020E-18
7541.58419942858  6.170513E-18
7545.04954600336  6.565421E-18
7548.51489257815  6.776111E-18
7551.98023915293  7.297337E-18
7555.44558572771  7.842175E-18
7558.9109323025  7.737562E-18
7562.37627887728  7.532541E-18
7565.84162545206  7.416247E-18
7569.30697202685  6.964485E-18
7572.77231860163  5.900447E-18
7576.23766517641  5.330651E-18
7579.7030117512  5.200090E-18
7583.16835832598  4.823069E-18
7586.63370490076  4.900104E-18
7590.09905147555  4.198625E-18
7593.56439805033  3.102020E-18
7597.02974462511  2.618250E-18
7600.4950911999  1.925772E-18
7603.96043777468  1.734132E-18
7607.42578434946  2.045618E-18
7610.89113092425  2.275862E-18
7614.35647749903  2.321480E-18
7617.82182407381  3.219969E-18
7621.2871706486  4.464158E-18
7624.75251722338  5.626978E-18
7628.21786379816  6.491087E-18
7631.68321037295  6.811839E-18
7635.14855694773  6.186376E-18
7638.61390352251  5.032062E-18
7642.0792500973  3.894226E-18
7645.54459667208  3.190414E-18
7649.00994324686  3.119317E-18
7652.47528982165  3.313885E-18
7655.94063639643  3.491248E-18
7659.40598297121  3.705771E-18
7662.871329546  3.760189E-18
7666.33667612078  3.712614E-18
7669.80202269556  3.718159E-18
7673.26736927035  3.951120E-18
7676.73271584513  4.213324E-18
7680.19806241991  4.169345E-18
7683.6634089947  4.132827E-18
7687.12875556948  4.625102E-18
7690.59410214426  4.329394E-18
7694.05944871905  4.205331E-18
7697.52479529383  4.465187E-18
7700.99014186861  4.415941E-18
7704.4554884434  4.375226E-18
7707.92083501818  4.230933E-18
7711.38618159296  3.844271E-18
7714.85152816775  4.852288E-18
7718.31687474253  4.113872E-18
7721.78222131731  4.379287E-18
7725.2475678921  4.568749E-18
7728.71291446688  4.016941E-18
7732.17826104166  4.081954E-18
7735.64360761645  4.621579E-18
7739.10895419123  5.057989E-18
7742.57430076601  4.545698E-18
7746.0396473408  4.718731E-18
7749.50499391558  4.834640E-18
7752.97034049036  4.979464E-18
7756.43568706515  5.110414E-18
7759.90103363993  5.546764E-18
7763.36638021471  4.871418E-18
7766.8317267895  4.088095E-18
7770.29707336428  4.347759E-18
7773.76241993906  4.258946E-18
7777.22776651385  4.820441E-18
7780.69311308863  5.209823E-18
7784.15845966341  4.521275E-18
7787.6238062382  4.184867E-18
7791.08915281298  5.104096E-18
7794.55449938776  5.017427E-18
7798.01984596255  4.412472E-18
7801.48519253733  4.508929E-18
7804.95053911211  4.570316E-18
7808.4158856869  4.838339E-18
7811.88123226168  4.548461E-18
7815.34657883646  4.247815E-18
7818.81192541125  4.142178E-18
7822.27727198603  4.410383E-18
7825.74261856081  4.234002E-18
7829.2079651356  4.229465E-18
7832.67331171038  4.379732E-18
7836.13865828516  4.763290E-18
7839.60400485995  4.937862E-18
7843.06935143473  4.773335E-18
7846.53469800951  4.412628E-18
7850.0000445843  4.545461E-18
7853.46539115908  4.455994E-18
7856.93073773386  5.067705E-18
7860.39608430865  4.047395E-18
7863.86143088343  4.808314E-18
7867.32677745821  4.980391E-18
7870.792124033  4.203944E-18
7874.25747060778  3.738737E-18
7877.72281718256  4.327787E-18
7881.18816375735  4.734534E-18
7884.65351033213  4.199580E-18
7888.11885690691  4.170989E-18
7891.5842034817  4.030655E-18
7895.04955005648  4.715482E-18
7898.51489663126  4.594617E-18
7901.98024320605  4.222247E-18
7905.44558978083  5.051058E-18
7908.91093635561  5.413439E-18
7912.3762829304  5.187445E-18
7915.84162950518  5.324955E-18
7919.30697607996  5.753718E-18
7922.77232265475  5.052389E-18
7926.23766922953  5.064169E-18
7929.70301580431  5.686516E-18
7933.1683623791  5.616544E-18
7936.63370895388  4.590599E-18
7940.09905552866  4.608777E-18
7943.56440210345  5.222139E-18
7947.02974867823  5.612140E-18
7950.49509525301  5.298058E-18
7953.9604418278  4.818910E-18
7957.42578840258  5.491871E-18
7960.89113497736  5.880984E-18
7964.35648155215  5.662109E-18
7967.82182812693  5.385481E-18
7971.28717470171  5.547270E-18
7974.7525212765  5.608302E-18
7978.21786785128  5.772561E-18
7981.68321442607  5.929851E-18
7985.14856100085  5.908061E-18
7988.61390757563  6.283302E-18
7992.07925415041  5.789821E-18
7995.5446007252  5.457420E-18
7999.00994729998  5.658348E-18
8002.47529387476  5.656380E-18
8005.94064044955  5.786228E-18
8009.40598702433  6.120405E-18
8012.87133359911  5.657332E-18
8016.3366801739  5.386852E-18
8019.80202674868  5.625584E-18
8023.26737332346  5.636254E-18
8026.73271989825  5.375853E-18
8030.19806647303  5.062115E-18
8033.66341304781  5.865326E-18
8037.1287596226  5.834487E-18
8040.59410619738  6.088609E-18
8044.05945277216  5.793586E-18
8047.52479934695  5.763145E-18
8050.99014592173  6.051527E-18
8054.45549249651  5.578444E-18
8057.9208390713  5.649671E-18
8061.38618564608  6.030247E-18
8064.85153222086  6.150874E-18
8068.31687879565  5.983521E-18
8071.78222537043  5.860549E-18
8075.24757194521  5.719956E-18
8078.71291852  5.777455E-18
8082.17826509478  5.944491E-18
8085.64361166956  5.891797E-18
8089.10895824435  5.952628E-18
8092.57430481913  5.909658E-18
8096.03965139391  5.783558E-18
8099.5049979687  5.735193E-18
8102.97034454348  5.822727E-18
8106.43569111826  5.837150E-18
8109.90103769305  5.615408E-18
8113.36638426783  5.801458E-18
8116.83173084261  5.829756E-18
8120.2970774174  5.614637E-18
8123.76242399218  5.429314E-18
8127.22777056696  5.581499E-18
8130.69311714175  5.638650E-18
8134.15846371653  5.363839E-18
8137.62381029131  5.324242E-18
8141.0891568661  5.461917E-18
8144.55450344088  5.127884E-18
8148.01985001566  5.027189E-18
8151.48519659045  5.320238E-18
8154.95054316523  4.879493E-18
8158.41588974002  5.037488E-18
8161.8812363148  5.308974E-18
8165.34658288958  4.925189E-18
8168.81192946437  5.173732E-18
8172.27727603915  4.803943E-18
8175.74262261393  4.691720E-18
8179.20796918871  5.125145E-18
8182.6733157635  5.374649E-18
8186.13866233828  4.759831E-18
8189.60400891306  4.679936E-18
8193.06935548785  5.057111E-18
8196.53470206263  5.149196E-18
8200.00004863742  5.352881E-18
8203.4653952122  5.298511E-18
8206.93074178698  5.351738E-18
8210.39608836177  5.414535E-18
8213.86143493655  5.343423E-18
8217.32678151133  5.247418E-18
8220.79212808611  5.156985E-18
8224.2574746609  5.177034E-18
8227.72282123568  5.233446E-18
8231.18816781046  5.136005E-18
8234.65351438525  5.207922E-18
8238.11886096003  5.239498E-18
8241.58420753481  5.279529E-18
8245.0495541096  5.237438E-18
8248.51490068438  5.061854E-18
8251.98024725916  5.038489E-18
8255.44559383395  5.123636E-18
8258.91094040873  5.185929E-18
8262.37628698351  5.472041E-18
8265.8416335583  5.628956E-18
8269.30698013308  5.588463E-18
8272.77232670786  6.004597E-18
8276.23767328265  6.399751E-18
8279.70301985743  5.725331E-18
8283.16836643221  5.940981E-18
8286.633713007  5.804715E-18
8290.09905958178  5.856055E-18
8293.56440615656  5.428395E-18
8297.02975273135  5.656125E-18
8300.49509930613  5.851211E-18
8303.96044588091  6.251915E-18
8307.4257924557  6.569968E-18
8310.89113903048  4.804939E-18
8314.35648560526  5.206320E-18
8317.82183218005  5.048081E-18
8321.28717875483  5.278457E-18
8324.75252532961  5.541204E-18
8328.2178719044  5.072896E-18
8331.68321847918  5.263691E-18
8335.14856505396  5.869554E-18
8338.61391162875  5.669254E-18
8342.07925820353  4.736284E-18
8345.54460477831  4.917117E-18
8349.0099513531  5.351073E-18
8352.47529792788  5.676734E-18
8355.94064450266  5.447825E-18
8359.40599107745  5.239403E-18
8362.87133765223  5.173320E-18
8366.33668422701  5.124268E-18
8369.8020308018  4.716855E-18
8373.26737737658  4.771933E-18
8376.73272395136  5.134092E-18
8380.19807052615  4.773497E-18
8383.66341710093  5.063168E-18
8387.12876367571  5.829729E-18
8390.5941102505  5.597220E-18
8394.05945682528  5.712465E-18
8397.52480340006  5.982163E-18
8400.99014997485  4.946863E-18
8404.45549654963  5.216034E-18
8407.92084312441  5.550066E-18
8411.3861896992  5.121155E-18
8414.85153627398  5.018667E-18
8418.31688284876  4.692510E-18
8421.78222942355  4.738967E-18
8425.24757599833  5.569084E-18
8428.71292257311  5.258656E-18
8432.1782691479  4.203372E-18
8435.64361572268  4.224789E-18
8439.10896229746  4.906709E-18
8442.57430887225  4.780804E-18
8446.03965544703  4.011268E-18
8449.50500202181  3.925762E-18
8452.9703485966  5.037945E-18
8456.43569517138  5.254528E-18
8459.90104174616  5.598524E-18
8463.36638832095  4.701171E-18
8466.83173489573  3.971435E-18
8470.29708147051  4.448793E-18
8473.7624280453  4.570890E-18
8477.22777462008  4.515236E-18
8480.69312119486  4.624630E-18
8484.15846776965  4.631606E-18
8487.62381434443  4.758388E-18
8491.08916091921  5.085794E-18
8494.554507494  4.975364E-18
8498.01985406878  5.087726E-18
8501.48520064356  5.036115E-18
8504.95054721835  4.473096E-18
8508.41589379313  4.663696E-18
8511.88124036791  4.924537E-18
8515.3465869427  4.962596E-18
8518.81193351748  4.701006E-18
8522.27728009226  4.535845E-18
8525.74262666705  4.854682E-18
8529.20797324183  4.736298E-18
8532.67331981661  4.413450E-18
8536.1386663914  4.351863E-18
8539.60401296618  4.584122E-18
8543.06935954096  4.534397E-18
8546.53470611575  3.986000E-18
8550.00005269053  4.505665E-18
8553.46539926531  4.688722E-18
8556.9307458401  5.171950E-18
8560.39609241488  4.452283E-18
8563.86143898966  3.947019E-18
8567.32678556445  4.305280E-18
8570.79213213923  4.576308E-18
8574.25747871401  4.305891E-18
8577.7228252888  4.312101E-18
8581.18817186358  4.391803E-18
8584.65351843836  4.319830E-18
8588.11886501315  4.165596E-18
8591.58421158793  4.016284E-18
8595.04955816271  4.167024E-18
8598.5149047375  3.979414E-18
8601.98025131228  4.029938E-18
8605.44559788706  4.040147E-18
8608.91094446185  4.116213E-18
8612.37629103663  4.464102E-18
8615.84163761141  3.563658E-18
8619.3069841862  3.775452E-18
8622.77233076098  3.148132E-18
8626.23767733576  3.603622E-18
8629.70302391055  3.701742E-18
8633.16837048533  3.996579E-18
8636.63371706011  3.746995E-18
8640.0990636349  3.217590E-18
8643.56441020968  4.104542E-18
8647.02975678446  4.441977E-18
8650.49510335925  4.751176E-18
8653.96044993403  3.964741E-18
8657.42579650881  3.916684E-18
8660.8911430836  3.333405E-18
8664.35648965838  3.216023E-18
8667.82183623316  3.349051E-18
8671.28718280795  3.145243E-18
8674.75252938273  3.784963E-18
8678.21787595751  3.228684E-18
8681.6832225323  3.109240E-18
8685.14856910708  3.474774E-18
8688.61391568187  3.547332E-18
8692.07926225665  3.168369E-18
8695.54460883143  3.620853E-18
8699.00995540622  3.595833E-18
8702.475301981  2.903674E-18
8705.94064855578  3.254581E-18
8709.40599513056  3.263993E-18
8712.87134170535  3.364993E-18
8716.33668828013  3.317938E-18
8719.80203485491  3.743752E-18
8723.2673814297  3.814829E-18
8726.73272800448  3.418867E-18
8730.19807457926  3.419111E-18
8733.66342115405  3.396604E-18
8737.12876772883  2.900543E-18
8740.59411430362  3.045009E-18
8744.0594608784  3.463345E-18
8747.52480745318  3.485940E-18
8750.99015402796  3.122234E-18
8754.45550060275  2.534145E-18
8757.92084717753  3.040444E-18
8761.38619375231  3.975549E-18
8764.8515403271  4.315478E-18
8768.31688690188  4.224897E-18
8771.78223347666  3.367731E-18
8775.24758005145  4.383820E-18
8778.71292662623  3.402629E-18
8782.17827320101  3.758992E-18
8785.6436197758  3.543155E-18
8789.10896635058  3.485764E-18
8792.57431292536  3.300342E-18
8796.03965950015  4.038560E-18
8799.50500607493  3.428065E-18
8872.27728414538  3.639030E-18
8875.74263072017  3.783681E-18
8879.20797729495  3.278210E-18
8882.67332386973  3.038361E-18
8886.13867044451  3.218839E-18
8889.6040170193  3.699092E-18
8893.06936359408  3.728582E-18
8896.53471016887  3.206947E-18
8900.00005674365  3.246577E-18
8903.46540331843  3.409900E-18
8906.93074989322  3.371969E-18
8910.396096468  3.266228E-18
8913.86144304278  3.114842E-18
8917.32678961757  3.353917E-18
8920.79213619235  2.984805E-18
8924.25748276713  2.178199E-18
8927.72282934191  2.085012E-18
8931.1881759167  2.586235E-18
8934.65352249148  2.655376E-18
8938.11886906626  3.109634E-18
8941.58421564105  2.933197E-18
8945.04956221583  3.245528E-18
8948.51490879061  3.142373E-18
8951.9802553654  2.857073E-18
8955.44560194018  2.877115E-18
8958.91094851496  2.880798E-18
8962.37629508975  3.037144E-18
8965.84164166453  3.259567E-18
8969.30698823931  2.877996E-18
8972.7723348141  2.872938E-18
8976.23768138888  2.950143E-18
8979.70302796366  2.479263E-18
8983.16837453845  2.506564E-18
8986.63372111323  2.688944E-18
8990.09906768801  2.742858E-18
8993.5644142628  2.773063E-18
8997.02976083758  2.920573E-18
9000.49510741236  2.609807E-18
9003.96045398715  2.491277E-18
9007.42580056193  2.435080E-18
9010.89114713671  2.472730E-18
9014.3564937115  2.723416E-18
9017.82184028628  2.738987E-18
9021.28718686106  2.561325E-18
9024.75253343585  2.601669E-18
9028.21788001063  2.857468E-18
9031.68322658541  2.643819E-18
9035.1485731602  2.392818E-18
9038.61391973498  2.330210E-18
9042.07926630976  2.581957E-18
9045.54461288455  2.891777E-18
9049.00995945933  2.946028E-18
9052.47530603412  3.392780E-18
9055.9406526089  3.085455E-18
9059.40599918368  3.095511E-18
9062.87134575846  3.018796E-18
9066.33669233325  2.720913E-18
9069.80203890803  2.780981E-18
9073.26738548281  2.621580E-18
9076.7327320576  2.573387E-18
9080.19807863238  2.594819E-18
9083.66342520716  2.422146E-18
9087.12877178195  2.586588E-18
9090.59411835673  3.003669E-18
9094.05946493151  3.267720E-18
9097.5248115063  3.001333E-18
9100.99015808108  2.520930E-18
9104.45550465586  2.429037E-18
9107.92085123065  2.381326E-18
9111.38619780543  2.326009E-18
9114.85154438021  2.404703E-18
9118.316890955  2.325325E-18
9121.78223752978  2.200525E-18
9125.24758410456  2.252784E-18
9128.71293067935  2.303974E-18
9132.17827725413  2.475533E-18
9135.64362382891  2.636242E-18
9139.1089704037  2.604669E-18
9142.57431697848  2.449462E-18
9146.03966355326  2.346243E-18
9149.50501012805  2.312434E-18
9152.97035670283  2.393524E-18
9156.43570327761  2.401592E-18
9159.9010498524  2.283857E-18
9163.36639642718  2.492391E-18
9166.83174300196  2.495289E-18
9170.29708957675  2.372703E-18
9173.76243615153  2.461203E-18
9177.22778272631  2.597469E-18
9180.6931293011  2.426141E-18
9184.15847587588  2.315456E-18
9187.62382245066  2.198345E-18
9191.08916902545  2.329427E-18
9194.55451560023  2.423032E-18
9198.01986217501  2.387668E-18
9201.4852087498  2.390681E-18
9204.95055532458  2.356006E-18
9208.41590189936  2.540478E-18
9211.88124847415  2.506057E-18
9215.34659504893  2.790509E-18
9218.81194162371  2.705649E-18
9222.2772881985  2.381686E-18
9225.74263477328  2.065675E-18
9229.20798134806  2.141686E-18
9232.67332792285  2.360928E-18
9236.13867449763  2.491506E-18
9239.60402107241  2.374252E-18
9243.0693676472  2.178930E-18
9246.53471422198  2.096526E-18
9250.00006079676  2.300373E-18
9253.46540737155  2.223043E-18
9256.93075394633  2.154911E-18
9260.39610052111  2.328535E-18
9263.8614470959  2.454376E-18
9267.32679367068  2.492403E-18
9270.79214024546  2.437291E-18
9274.25748682025  2.284737E-18
9277.72283339503  2.136604E-18
9281.18817996981  2.144080E-18
9284.6535265446  2.216423E-18
9288.11887311938  2.054670E-18
9291.58421969416  2.310235E-18
9295.04956626895  2.762954E-18
9298.51491284373  3.098455E-18
9301.98025941851  2.145827E-18
9305.4456059933  1.190860E-18
9308.91095256808  2.335022E-18
9312.37629914286  2.368907E-18
9315.84164571765  1.794565E-18
9319.30699229243  2.510961E-18
9322.77233886721  2.960294E-18
9326.237685442  2.642559E-18
9329.70303201678  1.780627E-18
9333.16837859157  1.544267E-18
9336.63372516635  1.799904E-18
9340.09907174113  2.111325E-18
9343.56441831592  1.725916E-18
9347.0297648907  1.667555E-18
9350.49511146548  1.692546E-18
9353.96045804027  1.815073E-18
9357.42580461505  1.880828E-18
9360.89115118983  1.966989E-18
9364.35649776461  1.717195E-18
9367.8218443394  1.537771E-18
9371.28719091418  1.275515E-18
9374.75253748896  2.457277E-18
9378.21788406375  3.532101E-18
9381.68323063853  3.060479E-18
9385.14857721331  2.417997E-18
9388.6139237881  1.632883E-18
9392.07927036288  1.334006E-18
9395.54461693766  1.389789E-18
9399.00996351245  1.842242E-18
9402.47531008723  2.206527E-18
9405.94065666202  1.657346E-18
9409.4060032368  9.645193E-19
9412.87134981158  1.167798E-18
9416.33669638636  1.336554E-18
9419.80204296115  1.160972E-18
9423.26738953593  1.102146E-18
9426.73273611071  1.041658E-18
9430.1980826855  6.402180E-19
9433.66342926028  2.155016E-18
9437.12877583507  2.184329E-18
9440.59412240985  2.197810E-18
9444.05946898463  2.902039E-18
9447.52481555942  3.369212E-18
9450.9901621342  2.226785E-18
9454.45550870898  1.934248E-18
9457.92085528376  1.453526E-18
9461.38620185855  1.597200E-18
9464.85154843333  1.785728E-18
9468.31689500811  1.757334E-18
9471.7822415829  1.583954E-18
9475.24758815768  1.314981E-18
9478.71293473246  1.476924E-18
9482.17828130725  1.890434E-18
9485.64362788203  1.854494E-18
9489.10897445682  1.255508E-18
9492.5743210316  8.077306E-19
9496.03966760638  5.972885E-19
9499.50501418116  4.839943E-19
9502.97036075595  9.287039E-19
9506.43570733073  1.272044E-18
9509.90105390551  1.337328E-18
9513.3664004803  1.702481E-18
9516.83174705508  1.726806E-18
9520.29709362986  1.617522E-18
9523.76244020465  1.827291E-18
9527.22778677943  2.073731E-18
9530.69313335421  1.746436E-18
9534.158479929  1.681628E-18
9537.62382650378  1.796373E-18
9541.08917307856  2.033155E-18
9544.55451965335  2.123191E-18
9548.01986622813  2.008897E-18
9551.48521280291  2.012127E-18
9554.9505593777  2.178935E-18
9558.41590595248  2.580851E-18
9561.88125252726  1.186392E-18
9565.34659910205  1.154998E-18
9568.81194567683  2.662072E-18
9572.27729225161  1.615916E-18
9575.7426388264  9.998156E-19
9579.20798540118  1.370605E-18
9582.67333197597  1.701235E-18
9586.13867855075  1.462241E-18
9589.60402512553  1.474107E-18
9593.06937170032  1.597276E-18
9596.5347182751  1.674458E-18
9600.00006484988  1.747500E-18
9603.46541142467  1.923399E-18
9606.93075799945  1.938104E-18
9610.39610457423  1.996764E-18
9613.86145114902  1.873309E-18
9617.3267977238  1.669343E-18
9620.79214429858  1.849462E-18
9624.25749087337  2.227735E-18
9627.72283744815  2.527856E-18
9631.18818402293  2.327441E-18
9634.65353059771  2.016060E-18
9638.1188771725  1.897037E-18
9641.58422374728  1.858149E-18
9645.04957032206  1.902952E-18
9648.51491689685  2.191999E-18
9651.98026347163  2.176896E-18
9655.44561004641  2.015067E-18
9658.9109566212  1.935774E-18
9662.37630319598  2.468306E-18
9665.84164977076  2.426648E-18
9669.30699634555  1.578152E-18
9672.77234292033  1.406653E-18
9676.23768949511  1.898447E-18
9679.7030360699  2.074466E-18
9683.16838264468  1.788475E-18
9686.63372921946  1.754343E-18
9690.09907579425  2.150822E-18
9693.56442236903  1.884167E-18
9697.02976894381  1.903170E-18
9700.4951155186  2.472425E-18
9703.96046209338  3.192508E-18
9707.42580866816  2.192399E-18
9710.89115524295  1.436887E-18
9714.35650181773  1.779802E-18
9717.82184839251  1.889038E-18
9721.2871949673  1.950335E-18
9724.75254154208  1.963272E-18
9728.21788811686  1.858356E-18
9731.68323469165  1.975834E-18
9735.14858126643  2.056003E-18
9738.61392784121  1.879374E-18
9742.079274416  1.661800E-18
9745.54462099078  1.920786E-18
9749.00996756556  2.038740E-18
9752.47531414035  1.881055E-18
9755.94066071513  1.824892E-18
9759.40600728992  1.924601E-18
9762.8713538647  1.953085E-18
9766.33670043948  1.934127E-18
9769.80204701426  1.612064E-18
9773.26739358905  1.477716E-18
9776.73274016383  1.572931E-18
9780.19808673861  1.949450E-18
9783.6634333134  2.506223E-18
9787.12877988818  3.323979E-18
9790.59412646296  2.440644E-18
9794.05947303775  1.817723E-18
9797.52481961253  1.676223E-18
9800.99016618732  1.402842E-18
9804.4555127621  1.693917E-18
9807.92085933688  1.712127E-18
9811.38620591166  1.965233E-18
9814.85155248645  2.158492E-18
9818.31689906123  1.987697E-18
9821.78224563601  1.987552E-18
9825.2475922108  1.965772E-18
9828.71293878558  1.920664E-18
9832.17828536036  1.428002E-18
9835.64363193515  1.197025E-18
9839.10897850993  1.350785E-18
9842.57432508471  1.610360E-18
9846.0396716595  1.729656E-18
9849.50501823428  1.563648E-18
9852.97036480906  1.630652E-18
9856.43571138385  1.284894E-18
9859.90105795863  1.515201E-18
9863.36640453341  1.780199E-18
9866.8317511082  1.305365E-18
9870.29709768298  1.376815E-18
9873.76244425776  1.778792E-18
9877.22779083255  1.720784E-18
9880.69313740733  1.416236E-18
9884.15848398211  1.261063E-18
9887.6238305569  1.416407E-18
9891.08917713168  1.246247E-18
9894.55452370646  1.249087E-18
9898.01987028125  1.298668E-18
9901.48521685603  1.256603E-18
9904.95056343081  8.527791E-19
9908.4159100056  1.021683E-18
9911.88125658038  9.048511E-19
9915.34660315516  5.119185E-19
9918.81194972995  2.449697E-19
9922.27729630473  1.502382E-18
9925.74264287951  1.804006E-18
9929.2079894543  1.508611E-18
9932.67333602908  1.555195E-18
9936.13868260386  1.802553E-18
9939.60402917865  1.583791E-18
9943.06937575343  1.217195E-18
9946.53472232821  1.760911E-18
9950.000068903  1.899271E-18
9953.46541547778  2.049294E-18
9956.93076205256  1.648556E-18
9960.39610862735  1.117875E-18
9963.86145520213  1.348319E-18
9967.32680177692  1.409521E-18
9970.7921483517  1.530679E-18
9974.25749492648  1.117774E-18
9977.72284150127  8.851534E-19
9981.18818807605  1.084673E-18
9984.65353465083  1.003881E-18
9988.11888122562  9.246345E-19
9991.5842278004  1.404303E-18
9995.04957437518  2.176604E-18
9998.51492094997  3.185470E-18
10001.9802675247  3.008510E-18
10005.4456140995  2.349423E-18
10008.9109606743  1.971333E-18
10012.3763072491  1.087351E-18
10015.8416538239  2.757135E-19
10019.3070003987  2.153054E-20
10022.7723469734  2.490638E-19
10026.2376935482  6.246053E-19
10029.703040123  1.098621E-18
10033.1683866978  1.030030E-18
10036.6337332726  7.324954E-19
10040.0990798474  6.979978E-19
10043.5644264221  4.018298E-19
10047.0297729969  4.905903E-19
10050.4951195717  6.267892E-19
10053.9604661465  2.259950E-19
10057.4258127213  4.986003E-19
10060.8911592961  9.102616E-19
10064.3565058708  1.053046E-18
10067.8218524456  1.286517E-18
10071.2871990204  1.354243E-18
10074.7525455952  8.303054E-19
10078.21789217  6.214257E-19
10081.6832387448  8.637586E-19
10085.1485853195  1.359051E-18
10088.6139318943  1.034619E-18
10092.0792784691  4.274128E-19
10095.5446250439  4.696059E-19
10099.0099716187  4.338727E-19
10102.4753181935  7.288967E-19
10105.9406647682  7.775059E-19
10109.406011343  3.752325E-19
10112.8713579178  8.103950E-19
10116.3367044926  9.067825E-19
10119.8020510674  9.505920E-19
10123.2673976422  1.416914E-18
10126.7327442169  1.294244E-18
10130.1980907917  8.073948E-19
10133.6634373665  7.855368E-19
10137.1287839413  8.966661E-19
10140.5941305161  8.937818E-19
10144.0594770909  8.663696E-19
10147.5248236656  9.026538E-19
10150.9901702404  1.127516E-18
10154.4555168152  8.102750E-19
10157.92086339  1.723036E-19
10161.3862099648  1.460178E-19
10164.8515565396  3.895337E-19
10168.3169031143  7.731899E-19
10171.7822496891  4.989212E-19
10175.2475962639  -1.485266E-19
10178.7129428387  -2.436899E-19
10182.1782894135  4.641248E-19
10185.6436359883  1.027569E-18
10189.108982563  1.222901E-18
10192.5743291378  1.592108E-18
10196.0396757126  1.809246E-18
10199.5050222874  7.944451E-19
10202.9703688622  2.480040E-19
10206.435715437  1.144354E-19
10209.9010620117  6.897179E-19
10213.3664085865  9.433172E-19
10216.8317551613  7.235899E-19
10220.2971017361  4.744596E-19
10223.7624483109  3.971774E-19
10227.2277948857  2.679757E-19
10230.6931414604  4.190911E-19
10234.1584880352  5.452488E-19
10237.62383461  3.225976E-19
10241.0891811848  2.162715E-19
10244.5545277596  5.971874E-19
10248.0198743344  6.632154E-19
10251.4852209091  4.687341E-19
10254.9505674839  1.870139E-19
10258.4159140587  1.364768E-20
10261.8812606335  2.120471E-19
10265.3466072083  3.860573E-19
10268.8119537831  5.465508E-19
10272.2773003578  5.354816E-19
10275.7426469326  1.233551E-19
10279.2079935074  2.493380E-19
10282.6733400822  7.336600E-19
10286.138686657  9.309417E-19
10289.6040332318  9.649884E-19
10293.0693798065  7.836092E-19
10296.5347263813  9.450189E-19
10300.0000729561  7.911133E-19
10303.4654195309  2.058788E-19
10306.9307661057  1.507951E-19
10310.3961126805  6.821075E-19
10313.8614592552  3.689822E-19
10317.32680583  -3.631045E-20
10320.7921524048  2.599027E-19
10324.2574989796  2.718883E-19
10327.7228455544  1.025512E-19
10331.1881921292  -2.969383E-19
10334.6535387039  -6.391663E-19
10338.1188852787  -1.964117E-19
10341.5842318535  3.724465E-19
10345.0495784283  7.452478E-19
10348.5149250031  6.123791E-19
10351.9802715779  1.944228E-19
10355.4456181526  -4.833501E-20
10358.9109647274  3.026010E-19
10362.3763113022  6.837227E-19
10365.841657877  5.466534E-19
10369.3070044518  2.812558E-19
10372.7723510266  9.012132E-20
10376.2376976014  -1.340047E-19
10379.7030441761  1.720124E-19
10383.1683907509  7.910160E-19
10386.6337373257  8.346547E-19
10390.0990839005  3.363368E-19
10393.5644304753  -3.046587E-20
10397.02977705  -2.640796E-19
10400.4951236248  -4.784695E-19
10403.9604701996  -8.563454E-20
10407.4258167744  6.727117E-19
10410.8911633492  7.105990E-19
10414.356509924  2.818859E-19
10417.8218564987  -9.084395E-20
10421.2872030735  2.320206E-19
10424.7525496483  5.850891E-19
10428.2178962231  8.743016E-19
10431.6832427979  1.366319E-18
10435.1485893727  1.469676E-18
10438.6139359474  4.279896E-19
10442.0792825222  5.874258E-21
10445.544629097  1.101939E-19
10449.0099756718  7.293244E-21
10452.4753222466  2.005237E-19
10455.9406688214  3.615139E-19
10459.4060153961  -2.013046E-19
10462.8713619709  -6.277342E-19
10466.3367085457  -2.719067E-20
10469.8020551205  2.544913E-19
10473.2674016953  2.380953E-19
10476.7327482701  4.915461E-19
10480.1980948448  6.748737E-19
10483.6634414196  4.172723E-19
10487.1287879944  2.392778E-19
10490.5941345692  1.137315E-19
10494.059481144  3.216162E-20
10497.5248277188  2.677718E-19
10500.9901742935  2.329392E-19
10504.4555208683  2.684772E-19
10507.9208674431  2.887244E-19
10511.3862140179  3.032294E-19
10514.8515605927  3.935958E-19
10518.3169071675  2.691153E-19
10521.7822537422  1.459517E-19
10525.247600317  1.913872E-19
10528.7129468918  3.513629E-19
10532.1782934666  2.598948E-19
10535.6436400414  1.009745E-19
10539.1089866162  9.880130E-20
10542.5743331909  2.444796E-19
10546.0396797657  4.276291E-19
10549.5050263405  2.904197E-19
10552.9703729153  3.722115E-19
10556.4357194901  2.574586E-19
10559.9010660649  2.013113E-19
10563.3664126396  5.061823E-19
10566.8317592144  3.348002E-19
10570.2971057892  1.108005E-19
10573.762452364  1.563525E-19
10577.2277989388  2.462409E-19
10580.6931455136  1.238068E-19
10584.1584920883  2.250251E-19
10587.6238386631  6.417790E-19
10591.0891852379  5.383695E-19
10594.5545318127  3.980301E-19
10598.0198783875  3.287244E-19
10601.4852249623  7.737073E-20
10604.950571537  -1.028474E-19
10608.4159181118  2.885934E-19
10611.8812646866  3.169807E-19
10615.3466112614  1.657711E-19
10618.8119578362  1.004637E-19
10622.277304411  2.424142E-19
10625.7426509857  3.472063E-19
10629.2079975605  3.326559E-19
10632.6733441353  5.448443E-19
10636.1386907101  7.352251E-19
10639.6040372849  4.844404E-19
10643.0693838597  2.622371E-19
10646.5347304344  4.100909E-19
10650.0000770092  4.878902E-19
10653.465423584  3.179538E-19
10656.9307701588  1.871380E-19
10660.3961167336  1.679420E-19
10663.8614633084  2.848157E-19
10667.3268098831  3.579362E-19
10670.7921564579  1.102529E-19
10674.2575030327  -1.675554E-19
10677.7228496075  -1.108020E-20
10681.1881961823  3.789819E-19
10684.6535427571  5.580980E-19
10688.1188893319  1.514433E-19
10691.5842359066  -2.992501E-20
10695.0495824814  4.035424E-19
10698.5149290562  4.295098E-19
10701.980275631  1.754584E-19
10705.4456222058  5.073345E-19
10708.9109687805  5.977728E-19
10712.3763153553  1.302875E-19
10715.8416619301  -1.077161E-19
10719.3070085049  6.851074E-20
10722.7723550797  -8.162247E-20
10726.2377016545  2.987547E-19
10729.7030482292  4.701866E-19
10733.168394804  1.140630E-19
10736.6337413788  -3.525160E-19
10740.0990879536  2.132874E-20
10743.5644345284  2.334047E-19
10747.0297811032  4.140452E-19
10750.4951276779  2.392242E-19
10753.9604742527  -3.375421E-19
10757.4258208275  -4.574959E-19
10760.8911674023  -2.711134E-19
10764.3565139771  -5.404770E-20
10767.8218605519  2.392653E-19
10771.2872071266  3.092442E-19
10774.7525537014  1.665967E-19
10778.2179002762  7.747816E-20
10781.683246851  -6.217636E-20
10785.1485934258  -6.132229E-20
10788.6139400006  3.256368E-20
10792.0792865753  2.359259E-19
10795.5446331501  3.102380E-19
10799.0099797249  3.666326E-19
10802.4753262997  2.996020E-19
10805.9406728745  4.865950E-20
10809.4060194493  1.497166E-19
10812.871366024  1.700543E-19
10816.3367125988  -5.915220E-20
10819.8020591736  -1.134650E-19
10823.2674057484  2.787980E-19
10826.7327523232  3.489880E-19
10830.198098898  4.185006E-19
10833.6634454727  4.639219E-20
10837.1287920475  -3.027636E-19
10840.5941386223  4.147062E-19
10844.0594851971  4.034025E-19
10847.5248317719  -2.814823E-20
10850.9901783467  2.394308E-19
10854.4555249215  1.558161E-19
10857.9208714962  -1.202106E-19
10861.386218071  4.220672E-19
10864.8515646458  1.822140E-19
10868.3169112206  5.948745E-19
10871.7822577954  6.222054E-19
10875.2476043701  -1.291992E-20
10878.7129509449  2.624453E-19
10882.1782975197  4.961362E-19
10885.6436440945  4.424409E-20
10889.1089906693  -1.139277E-19
10892.5743372441  -3.573264E-19
10896.0396838188  -2.587433E-19
10899.5050303936  1.438011E-19
10902.9703769684  1.940009E-19
10906.4357235432  2.191081E-19
10909.901070118  6.445344E-19
10913.3664166928  9.342233E-19
10916.8317632676  4.106816E-19
10920.2971098423  -4.222561E-20
10923.7624564171  -1.629824E-19
10927.2278029919  -1.627747E-21
10930.6931495667  1.662706E-19
10934.1584961415  2.083834E-19
10937.6238427162  -2.916768E-20
10941.089189291  -1.961571E-19
10944.5545358658  1.944317E-19
10948.0198824406  3.869798E-19
10951.4852290154  5.922379E-19
10954.9505755902  5.853383E-19
10958.4159221649  6.455436E-19
10961.8812687397  5.591193E-19
10965.3466153145  4.109784E-19
10968.8119618893  2.653818E-19
10972.2773084641  3.718289E-19
10975.7426550389  4.396794E-19
10979.2080016136  4.121414E-19
10982.6733481884  2.282863E-19
10986.1386947632  1.077528E-19
10989.604041338  4.092019E-19
10993.0693879128  2.674744E-19
10996.5347344876  2.821362E-19
11000.0000810623  5.099064E-19
