4213.6657972137  2.434717E-18
4216.31370660478  2.133206E-18
4218.96161599586  -1.780775E-18
4221.60952538694  -7.289005E-19
4224.25743477802  -1.050003E-18
4226.9053441691  1.300539E-18
4229.55325356018  2.996957E-18
4232.20116295126  3.138048E-18
4234.84907234234  3.394035E-18
4237.49698173342  1.763493E-18
4240.1448911245  1.359594E-18
4242.79280051558  3.431468E-18
4245.44070990666  1.441350E-18
4248.08861929775  1.112346E-18
4250.73652868882  3.180868E-18
4253.3844380799  5.619486E-19
4256.03234747099  1.450611E-18
4258.68025686207  1.153922E-18
4261.32816625315  9.524948E-19
4263.97607564423  1.551974E-19
4266.62398503531  1.721776E-18
4269.27189442639  2.249663E-18
4271.91980381747  1.435481E-18
4274.56771320855  1.596375E-18
4277.21562259963  1.125644E-18
4279.86353199071  2.374761E-18
4282.51144138179  2.430544E-18
4285.15935077287  1.231869E-18
4287.80726016395  1.353803E-18
4290.45516955503  1.218577E-18
4293.10307894611  7.988476E-19
4295.75098833719  9.291490E-19
4298.39889772827  1.023535E-18
4301.04680711935  1.795753E-18
4303.69471651043  7.630358E-19
4306.34262590151  9.204909E-19
4308.99053529259  2.284480E-18
4311.63844468367  1.585374E-18
4314.28635407475  7.478940E-19
4316.93426346583  1.333716E-18
4319.58217285691  9.369298E-19
4322.23008224799  -4.334314E-19
4324.87799163907  1.926897E-19
4327.52590103015  6.587523E-19
4330.17381042123  1.795080E-18
4332.82171981231  8.825840E-19
4335.46962920339  1.061089E-18
4338.11753859447  1.108708E-18
4340.76544798555  1.291797E-18
4343.41335737664  1.355800E-18
4346.06126676771  2.024238E-18
4348.7091761588  1.194120E-18
4351.35708554988  7.806557E-19
4354.00499494096  1.168058E-18
4356.65290433204  9.695314E-19
4359.30081372312  6.772517E-19
4361.9487231142  1.186693E-18
4364.59663250528  1.150349E-18
4367.24454189636  1.017747E-18
4369.89245128744  1.214738E-18
4372.54036067852  1.365839E-18
4375.1882700696  1.165479E-18
4377.83617946068  2.671510E-19
4380.48408885176  5.384853E-19
4383.13199824284  1.241289E-18
4385.77990763392  8.822850E-19
4388.427817025  1.146218E-18
4391.07572641608  1.389858E-18
4393.72363580716  5.765272E-19
4396.37154519824  7.005130E-19
4399.01945458932  1.188501E-18
4401.6673639804  9.142257E-19
4404.31527337148  9.296256E-19
4406.96318276256  9.517477E-19
4409.61109215364  8.469979E-19
4412.25900154472  1.121540E-18
4414.9069109358  1.258714E-18
4417.55482032688  6.498917E-19
4420.20272971796  6.558021E-19
4422.85063910904  9.710188E-19
4425.49854850012  8.754632E-19
4428.1464578912  3.806529E-19
4430.79436728228  8.014817E-19
4433.44227667337  9.182172E-19
4436.09018606445  8.187640E-19
4438.73809545553  1.033671E-18
4441.3860048466  6.983011E-19
4444.03391423769  1.401002E-18
4446.68182362877  8.598211E-19
4449.32973301985  3.955364E-19
4451.97764241093  7.994428E-19
4454.62555180201  5.862191E-19
4457.27346119309  3.766578E-19
4459.92137058417  9.730023E-19
4462.56927997525  1.349228E-18
4465.21718936633  7.748730E-19
4467.86509875741  9.598982E-19
4470.51300814849  9.632779E-19
4473.16091753957  1.022766E-18
4475.80882693065  9.281481E-19
4478.45673632173  4.094066E-19
4481.10464571281  9.394019E-19
4483.75255510389  1.214117E-18
4486.40046449497  1.277988E-18
4489.04837388605  1.243064E-18
4491.69628327713  9.453943E-19
4494.34419266821  8.370257E-19
4496.99210205929  1.139188E-18
4499.64001145037  1.285090E-18
4502.28792084145  1.359562E-18
4504.93583023253  5.600025E-19
4507.58373962361  1.150349E-18
4510.23164901469  1.440731E-18
4512.87955840577  1.363446E-18
4515.52746779685  8.056032E-19
4518.17537718793  7.713740E-19
4520.82328657902  1.171092E-18
4523.4711959701  7.009466E-19
4526.11910536118  5.307035E-19
4528.76701475226  1.081253E-18
4531.41492414334  5.799734E-19
4534.06283353442  5.470642E-19
4536.7107429255  9.892173E-19
4539.35865231658  1.151324E-18
4542.00656170766  1.010486E-18
4544.65447109874  1.137181E-18
4547.30238048982  7.369024E-19
4549.9502898809  9.397679E-19
4552.59819927198  7.669383E-19
4555.24610866306  1.140596E-18
4557.89401805414  1.380757E-18
4560.54192744522  8.175692E-19
4563.1898368363  7.360979E-19
4565.83774622738  8.539103E-19
4568.48565561846  6.942542E-19
4571.13356500954  1.134286E-18
4573.78147440062  1.139818E-18
4576.4293837917  6.333337E-19
4579.07729318278  6.759855E-19
4581.72520257386  9.499374E-19
4584.37311196494  9.733213E-19
4587.02102135602  1.121951E-18
4589.6689307471  1.262651E-18
4592.31684013818  1.119793E-18
4594.96474952926  1.061100E-18
4597.61265892034  1.241279E-18
4600.26056831142  1.178694E-18
4602.9084777025  1.221648E-18
4605.55638709358  1.334928E-18
4608.20429648466  1.122392E-18
4610.85220587575  1.093124E-18
4613.50011526683  8.735713E-19
4616.14802465791  9.782158E-19
4618.79593404899  8.686147E-19
4621.44384344007  9.975390E-19
4624.09175283115  1.576833E-18
4626.73966222223  1.168517E-18
4629.38757161331  1.127957E-18
4632.03548100439  1.153672E-18
4634.68339039547  1.405161E-18
4637.33129978655  1.159878E-18
4639.97920917763  1.142553E-18
4642.62711856871  1.398391E-18
4645.27502795979  1.568791E-18
4647.92293735087  1.362189E-18
4650.57084674195  9.441125E-19
4653.21875613303  8.507730E-19
4655.86666552411  1.201871E-18
4658.51457491519  1.630621E-18
4661.16248430627  1.214237E-18
4663.81039369735  1.378629E-18
4666.45830308843  1.646240E-18
4669.10621247951  1.218994E-18
4671.75412187059  1.210172E-18
4674.40203126167  1.245670E-18
4677.04994065275  1.349681E-18
4679.69785004383  1.521920E-18
4682.34575943491  1.731920E-18
4684.99366882599  1.806543E-18
4687.64157821707  1.310993E-18
4690.28948760815  1.354272E-18
4692.93739699923  1.454080E-18
4695.58530639032  1.641779E-18
4698.2332157814  1.429544E-18
4700.88112517248  9.858634E-19
4703.52903456356  1.355794E-18
4706.17694395464  1.283764E-18
4708.82485334572  1.070776E-18
4711.4727627368  1.615293E-18
4714.12067212788  1.337148E-18
4716.76858151896  1.298712E-18
4719.41649091004  1.689153E-18
4722.06440030112  1.474634E-18
4724.7123096922  1.533842E-18
4727.36021908328  1.227214E-18
4730.00812847436  1.248136E-18
4732.65603786544  1.241706E-18
4735.30394725652  1.625004E-18
4737.9518566476  1.238938E-18
4740.59976603868  1.490483E-18
4743.24767542976  1.965754E-18
4745.89558482084  1.657706E-18
4748.54349421192  1.157175E-18
4751.191403603  1.286933E-18
4753.83931299408  1.515000E-18
4756.48722238516  1.564053E-18
4759.13513177624  1.289603E-18
4761.78304116732  1.621060E-18
4764.4309505584  1.546162E-18
4767.07885994948  1.727460E-18
4769.72676934056  1.468992E-18
4772.37467873164  1.242221E-18
4775.02258812272  1.518695E-18
4777.6704975138  1.138261E-18
4780.31840690488  1.680722E-18
4782.96631629596  1.645826E-18
4785.61422568705  1.289242E-18
4788.26213507813  1.354387E-18
4790.91004446921  1.300708E-18
4793.55795386029  1.401944E-18
4796.20586325137  9.628855E-19
4798.85377264245  1.453953E-18
4801.50168203353  1.364149E-18
4804.14959142461  1.814229E-18
4806.79750081569  2.030373E-18
4809.44541020677  1.667526E-18
4812.09331959785  1.416344E-18
4814.74122898893  1.151245E-18
4817.38913838001  1.182847E-18
4820.03704777109  1.453429E-18
4822.68495716217  1.390609E-18
4825.33286655325  1.563503E-18
4827.98077594433  1.595061E-18
4830.62868533541  1.362129E-18
4833.27659472649  1.467896E-18
4835.92450411757  1.501927E-18
4838.57241350865  1.418704E-18
4841.22032289973  1.471968E-18
4843.86823229081  1.428652E-18
4846.51614168189  1.446177E-18
4849.16405107297  1.658902E-18
4851.81196046405  1.339526E-18
4854.45986985513  1.576728E-18
4857.10777924621  1.685736E-18
4859.75568863729  1.511236E-18
4862.40359802837  1.280159E-18
4865.05150741945  1.536981E-18
4867.69941681053  1.470371E-18
4870.34732620162  1.706095E-18
4872.9952355927  1.607755E-18
4875.64314498377  1.163021E-18
4878.29105437486  1.286831E-18
4880.93896376594  1.110827E-18
4883.58687315702  1.248108E-18
4886.2347825481  1.458451E-18
4888.88269193918  1.534999E-18
4891.53060133026  1.587850E-18
4894.17851072134  1.345030E-18
4896.82642011242  1.469788E-18
4899.4743295035  1.717118E-18
4902.12223889458  1.497417E-18
4904.77014828566  1.123429E-18
4907.41805767674  1.483483E-18
4910.06596706782  1.456287E-18
4912.7138764589  1.400148E-18
4915.36178584998  1.393609E-18
4918.00969524106  1.178072E-18
4920.65760463214  1.060008E-18
4923.30551402322  1.344593E-18
4925.9534234143  1.438272E-18
4928.60133280538  1.241043E-18
4931.24924219646  1.352698E-18
4933.89715158754  1.458618E-18
4936.54506097862  1.576202E-18
4939.1929703697  1.236042E-18
4941.84087976078  9.736652E-19
4944.48878915186  1.135906E-18
4947.13669854294  1.406159E-18
4949.78460793402  1.674270E-18
4952.4325173251  1.301022E-18
4955.08042671618  1.130229E-18
4957.72833610726  8.237622E-19
4960.37624549834  1.122461E-18
4963.02415488943  1.106666E-18
4965.67206428051  1.122465E-18
4968.31997367159  9.511398E-19
4970.96788306267  1.335393E-18
4973.61579245375  1.646432E-18
4976.26370184483  1.412719E-18
4978.91161123591  1.139434E-18
4981.55952062699  1.170901E-18
4984.20743001807  1.149005E-18
4986.85533940915  1.111462E-18
4989.50324880023  1.409185E-18
4992.15115819131  1.399320E-18
4994.79906758239  1.239670E-18
4997.44697697347  7.919619E-19
5000.09488636455  1.014704E-18
5002.74279575563  8.988170E-19
5005.39070514671  8.371644E-19
5008.03861453779  1.286248E-18
5010.68652392887  1.321991E-18
5013.33443331995  8.477471E-19
5015.98234271103  1.174203E-18
5018.63025210211  9.727420E-19
5021.27816149319  9.298836E-19
5023.92607088427  1.294371E-18
5026.57398027535  1.088636E-18
5029.22188966643  8.111084E-19
5031.86979905751  9.842471E-19
5034.51770844859  1.266522E-18
5037.16561783967  9.112536E-19
5039.81352723076  7.158799E-19
5042.46143662183  1.328468E-18
5045.10934601292  1.121272E-18
5047.757255404  9.989364E-19
5050.40516479508  1.177459E-18
5053.05307418615  1.050527E-18
5055.70098357724  1.372514E-18
5058.34889296832  1.320850E-18
5060.9968023594  7.673735E-19
5063.64471175048  6.615695E-19
5066.29262114156  1.025074E-18
5068.94053053264  1.106943E-18
5071.58843992372  1.108895E-18
5074.2363493148  1.215319E-18
5076.88425870588  1.131136E-18
5079.53216809696  1.014516E-18
5082.18007748804  9.934824E-19
5084.82798687912  1.161228E-18
5087.4758962702  9.887414E-19
5090.12380566128  8.162719E-19
5092.77171505236  1.033064E-18
5095.41962444344  1.231507E-18
5098.06753383452  1.044052E-18
5100.7154432256  7.496031E-19
5103.36335261668  1.364363E-18
5106.01126200776  1.118107E-18
5108.65917139884  9.184228E-19
5111.30708078992  1.136509E-18
5113.954990181  1.166282E-18
5116.60289957208  1.150398E-18
5119.25080896316  1.425697E-18
5121.89871835424  1.556816E-18
5124.54662774532  1.260699E-18
5127.1945371364  1.503298E-18
5129.84244652748  1.622357E-18
5132.49035591856  1.096634E-18
5135.13826530965  1.259208E-18
5137.78617470073  1.398865E-18
5140.43408409181  1.380785E-18
5143.08199348289  1.712150E-18
5145.72990287397  1.473180E-18
5148.37781226505  1.029685E-18
5151.02572165613  1.316463E-18
5153.67363104721  1.299535E-18
5156.32154043829  1.053936E-18
5158.96944982937  1.221654E-18
5161.61735922045  1.768773E-18
5164.26526861153  1.582170E-18
5166.91317800261  1.742561E-18
5169.56108739369  1.499260E-18
5172.20899678477  1.743857E-18
5174.85690617585  1.211727E-18
5177.50481556693  1.429719E-18
5180.15272495801  1.635603E-18
5182.80063434909  1.523891E-18
5185.44854374017  1.821381E-18
5188.09645313125  1.817153E-18
5190.74436252233  1.827056E-18
5193.39227191341  1.942183E-18
5196.04018130449  1.777721E-18
5198.68809069557  1.654599E-18
5201.33600008665  1.774341E-18
5203.98390947773  1.384734E-18
5206.63181886881  1.613845E-18
5209.27972825989  1.955046E-18
5211.92763765097  1.654180E-18
5214.57554704205  1.239348E-18
5217.22345643313  1.895455E-18
5219.87136582421  2.143030E-18
5222.51927521529  1.606680E-18
5225.16718460637  1.606290E-18
5227.81509399746  2.175915E-18
5230.46300338854  1.861680E-18
5233.11091277962  1.769263E-18
5235.7588221707  1.746804E-18
5238.40673156178  1.923662E-18
5241.05464095286  2.078503E-18
5243.70255034394  1.762100E-18
5246.35045973502  1.783807E-18
5248.9983691261  1.992703E-18
5251.64627851718  2.074464E-18
5254.29418790826  1.998234E-18
5256.94209729934  2.117456E-18
5259.59000669042  2.305122E-18
5262.2379160815  1.925856E-18
5264.88582547258  2.177791E-18
5267.53373486366  1.863227E-18
5270.18164425474  1.908732E-18
5272.82955364582  1.629377E-18
5275.4774630369  1.922041E-18
5278.12537242798  1.921169E-18
5280.77328181906  2.183136E-18
5283.42119121014  1.794654E-18
5286.06910060122  1.720502E-18
5288.7170099923  1.878344E-18
5291.36491938338  1.679675E-18
5294.01282877446  2.111651E-18
5296.66073816554  2.094395E-18
5299.30864755662  1.818946E-18
5301.9565569477  2.114934E-18
5304.60446633878  1.810308E-18
5307.25237572986  1.598360E-18
5309.90028512094  1.864106E-18
5312.54819451203  1.879573E-18
5315.19610390311  1.811159E-18
5317.84401329419  1.585088E-18
5320.49192268527  1.831714E-18
5323.13983207635  1.856084E-18
5325.78774146743  2.315924E-18
5328.43565085851  2.000517E-18
5331.08356024959  1.932642E-18
5333.73146964067  2.388237E-18
5336.37937903175  1.930006E-18
5339.02728842283  1.604367E-18
5341.67519781391  1.953099E-18
5344.32310720499  1.584038E-18
5346.97101659607  1.775528E-18
5349.61892598715  2.030569E-18
5352.26683537823  1.782035E-18
5354.91474476931  2.037270E-18
5357.56265416039  2.176984E-18
5360.21056355147  2.060555E-18
5362.85847294255  2.047608E-18
5365.50638233363  1.915627E-18
5368.15429172471  1.681470E-18
5370.80220111579  1.783625E-18
5373.45011050687  1.928267E-18
5376.09801989795  1.846851E-18
5378.74592928903  1.677419E-18
5381.39383868011  1.869213E-18
5384.04174807119  2.058891E-18
5386.68965746227  1.970433E-18
5389.33756685335  2.040070E-18
5391.98547624443  2.038540E-18
5394.63338563551  1.662367E-18
5397.28129502659  1.750107E-18
5399.92920441767  1.781547E-18
5402.57711380875  1.789998E-18
5405.22502319983  1.755932E-18
5407.87293259092  1.811370E-18
5410.520841982  1.811565E-18
5413.16875137308  1.981991E-18
5415.81666076416  1.815407E-18
5418.46457015524  1.446193E-18
5421.11247954632  1.797600E-18
5423.7603889374  2.237546E-18
5426.40829832848  2.078565E-18
5429.05620771956  1.523525E-18
5431.70411711064  1.584975E-18
5434.35202650172  1.640155E-18
5436.9999358928  1.742231E-18
5439.64784528388  1.700539E-18
5442.29575467496  1.697748E-18
5444.94366406604  1.166625E-18
5447.59157345712  1.594308E-18
5450.2394828482  1.450684E-18
5452.88739223928  1.691491E-18
5455.53530163036  1.580570E-18
5458.18321102144  1.520459E-18
5460.83112041252  1.496567E-18
5463.4790298036  1.546649E-18
5466.12693919468  1.690847E-18
5468.77484858576  1.519716E-18
5471.42275797684  1.587403E-18
5474.07066736792  1.614710E-18
5476.718576759  1.277424E-18
5479.36648615008  1.089548E-18
5482.01439554116  1.462576E-18
5484.66230493225  1.457342E-18
5487.31021432332  9.862218E-19
5489.9581237144  1.409420E-18
5492.60603310549  1.361472E-18
5495.25394249657  1.426769E-18
5497.90185188765  1.508666E-18
5500.54976127873  1.469660E-18
5503.19767066981  1.097935E-18
5505.84558006089  1.197523E-18
5508.49348945197  9.036530E-19
5511.14139884305  9.106336E-19
5513.78930823413  1.016243E-18
5516.43721762521  9.591995E-19
5519.08512701629  1.092920E-18
5521.73303640737  9.107707E-19
5524.38094579845  1.023211E-18
5527.02885518953  1.133610E-18
5529.67676458061  1.186024E-18
5532.32467397169  8.212803E-19
5534.97258336277  6.899059E-19
5537.62049275385  1.144851E-18
5540.26840214493  1.153544E-18
5542.91631153601  1.021161E-18
5545.56422092709  1.269471E-18
5548.21213031817  9.433184E-19
5550.86003970925  1.008506E-18
5553.50794910033  8.290354E-19
5556.15585849141  8.349017E-19
5558.80376788249  9.412715E-19
5561.45167727357  8.483481E-19
5564.09958666465  9.436292E-19
5566.74749605574  8.875461E-19
5569.39540544681  8.710987E-19
5572.0433148379  1.086082E-18
5574.69122422898  7.845489E-19
5577.33913362006  1.269871E-18
5579.98704301114  7.744389E-19
5582.63495240222  1.291464E-18
5585.2828617933  9.352392E-19
5587.93077118438  1.236592E-18
5590.57868057546  9.267592E-19
5593.22658996654  6.485934E-19
5595.87449935762  7.949755E-19
5598.5224087487  9.026283E-19
5601.17031813978  7.229600E-19
5603.81822753086  9.874554E-19
5606.46613692194  9.197232E-19
5609.11404631302  6.467342E-19
5611.7619557041  8.842377E-19
5614.40986509518  8.574394E-19
5617.05777448626  9.857214E-19
5619.70568387734  8.860768E-19
5622.35359326842  5.086297E-19
5625.0015026595  6.587274E-19
5627.64941205058  1.150882E-18
5630.29732144166  9.917206E-19
5632.94523083274  7.199317E-19
5635.59314022382  5.045447E-19
5638.2410496149  5.147649E-19
5640.88895900598  6.355108E-19
5643.53686839706  4.748733E-19
5646.18477778814  6.260114E-19
5648.83268717922  1.083628E-18
5651.4805965703  1.120471E-18
5654.12850596138  7.596416E-19
5656.77641535246  5.812170E-19
5659.42432474355  5.722863E-19
5662.07223413463  9.061089E-19
5664.7201435257  1.157731E-18
5667.36805291679  1.110484E-18
5670.01596230787  9.563688E-19
5672.66387169895  9.979797E-19
5675.31178109003  1.038384E-18
5677.95969048111  1.155269E-18
5680.60759987219  9.808983E-19
5683.25550926327  8.046597E-19
5685.90341865435  7.810233E-19
5688.55132804543  1.220524E-18
5691.19923743651  1.368341E-18
5693.84714682759  8.946876E-19
5696.49505621867  6.541679E-19
5699.14296560975  6.866703E-19
5701.79087500083  1.263972E-18
5704.43878439191  1.577405E-18
5707.08669378299  1.276479E-18
5709.73460317407  1.430230E-18
5712.38251256515  1.545691E-18
5715.03042195623  1.090876E-18
5717.67833134731  1.282200E-18
5720.32624073839  1.222228E-18
5722.97415012947  1.169823E-18
5725.62205952055  1.067540E-18
5728.26996891163  9.823773E-19
5730.91787830271  1.457214E-18
5733.56578769379  1.413382E-18
5736.21369708487  1.248132E-18
5738.86160647595  1.422230E-18
5741.50951586703  1.428599E-18
5744.15742525811  1.676265E-18
5746.8053346492  1.447241E-18
5749.45324404027  1.230803E-18
5752.10115343136  1.250150E-18
5754.74906282244  1.434175E-18
5757.39697221352  1.408769E-18
5760.0448816046  1.436946E-18
5762.69279099568  1.565414E-18
5765.34070038676  1.609631E-18
5767.98860977784  1.359523E-18
5770.63651916892  1.641419E-18
5773.28442856  1.892886E-18
5775.93233795108  1.525446E-18
5778.58024734216  1.576690E-18
5781.22815673324  1.502638E-18
5783.87606612432  1.506961E-18
5786.5239755154  1.744771E-18
5789.17188490648  1.536810E-18
5791.81979429756  1.498530E-18
5794.46770368864  1.555305E-18
5797.11561307972  1.732025E-18
5799.7635224708  1.775838E-18
5802.41143186188  1.511536E-18
5805.05934125296  1.610208E-18
5807.70725064404  1.599580E-18
5810.35516003512  1.863392E-18
5813.0030694262  1.891544E-18
5815.65097881728  1.852307E-18
5818.29888820836  1.808002E-18
5820.94679759944  1.864175E-18
5823.59470699052  1.950865E-18
5826.2426163816  1.519929E-18
5828.89052577268  1.694268E-18
5831.53843516376  1.932843E-18
5834.18634455484  1.772822E-18
5836.83425394592  1.835175E-18
5839.482163337  1.769375E-18
5842.13007272809  1.691033E-18
5844.77798211917  2.009921E-18
5847.42589151025  1.932600E-18
5850.07380090133  1.849178E-18
5852.72171029241  1.666198E-18
5855.36961968349  1.771306E-18
5858.01752907457  2.037462E-18
5860.66543846565  1.835959E-18
5863.31334785673  1.863157E-18
5865.96125724781  1.850089E-18
5868.60916663889  1.631662E-18
5871.25707602997  2.055909E-18
5873.90498542105  1.773378E-18
5876.55289481213  1.472551E-18
5879.20080420321  1.833934E-18
5881.84871359429  1.766779E-18
5884.49662298537  1.405623E-18
5887.14453237645  1.661857E-18
5889.79244176753  2.310733E-18
5892.44035115861  1.702199E-18
5895.08826054969  1.571566E-18
5897.73616994077  1.447586E-18
5900.38407933185  1.489796E-18
5903.03198872293  1.879817E-18
5905.67989811401  2.010640E-18
5908.32780750509  1.965184E-18
5910.97571689617  2.108501E-18
5913.62362628725  1.990246E-18
5916.27153567833  1.604672E-18
5918.91944506941  1.483916E-18
5921.56735446049  1.907344E-18
5924.21526385157  1.647608E-18
5926.86317324265  1.516975E-18
5929.51108263373  1.711107E-18
5932.15899202481  1.680934E-18
5934.8069014159  1.580885E-18
5937.45481080698  2.057741E-18
5940.10272019806  2.165081E-18
5942.75062958914  1.939155E-18
5945.39853898022  2.035271E-18
5948.0464483713  2.103189E-18
5950.69435776238  1.926619E-18
5953.34226715346  1.916089E-18
5955.99017654454  1.975427E-18
5958.63808593562  1.549082E-18
5961.2859953267  1.780687E-18
5963.93390471778  1.863458E-18
5966.58181410886  1.624221E-18
5969.22972349994  1.563190E-18
5971.87763289102  1.557899E-18
5974.5255422821  1.773080E-18
5977.17345167318  1.894860E-18
5979.82136106426  2.061183E-18
5982.46927045534  1.853810E-18
5985.11717984642  1.862927E-18
5987.7650892375  1.888089E-18
5990.41299862858  1.462678E-18
5993.06090801966  1.601168E-18
5995.70881741074  1.668538E-18
5998.35672680182  1.823643E-18
6001.0046361929  1.745718E-18
6003.65254558398  1.772872E-18
6006.30045497506  1.724419E-18
6008.94836436614  1.783830E-18
6011.59627375722  1.766439E-18
6014.2441831483  1.756690E-18
6016.89209253938  1.926644E-18
6019.54000193046  1.837079E-18
6022.18791132155  1.833490E-18
6024.83582071263  1.671754E-18
6027.48373010371  1.497749E-18
6030.13163949479  1.761301E-18
6032.77954888587  2.175311E-18
6035.42745827695  1.888504E-18
6038.07536766803  1.659538E-18
6040.72327705911  1.559944E-18
6043.37118645019  1.485676E-18
6046.01909584127  1.689539E-18
6048.66700523235  1.708699E-18
6051.31491462343  1.651626E-18
6053.96282401451  1.641750E-18
6056.61073340559  1.574366E-18
6059.25864279667  1.579171E-18
6061.90655218775  1.709847E-18
6064.55446157883  1.527702E-18
6067.20237096991  1.373563E-18
6069.85028036099  1.497367E-18
6072.49818975207  2.061807E-18
6075.14609914315  1.741953E-18
6077.79400853423  1.377573E-18
6080.44191792531  1.940143E-18
6083.08982731639  1.853563E-18
6085.73773670747  1.633282E-18
6088.38564609855  1.764215E-18
6091.03355548963  1.693404E-18
6093.68146488071  1.766921E-18
6096.32937427179  1.839408E-18
6098.97728366287  1.767000E-18
6101.62519305395  1.708544E-18
6104.27310244503  1.633301E-18
6106.92101183611  1.599347E-18
6109.56892122719  1.601074E-18
6112.21683061828  1.540958E-18
6114.86474000935  1.657342E-18
6117.51264940043  1.457474E-18
6120.16055879152  1.555483E-18
6122.8084681826  1.740018E-18
6125.45637757368  1.735445E-18
6128.10428696476  1.319413E-18
6130.75219635584  1.688247E-18
6133.40010574692  1.584613E-18
6136.048015138  1.418153E-18
6138.69592452908  1.461903E-18
6141.34383392016  1.750747E-18
6143.99174331124  2.344448E-18
6146.63965270232  1.874503E-18
6149.2875620934  1.480130E-18
6151.93547148448  1.500708E-18
6154.58338087556  1.778716E-18
6157.23129026664  1.496304E-18
6159.87919965772  1.304987E-18
6162.5271090488  1.415785E-18
6165.17501843988  1.195132E-18
6167.82292783096  1.350228E-18
6170.47083722204  1.323393E-18
6173.11874661312  1.665262E-18
6175.7666560042  1.580854E-18
6178.41456539528  1.359471E-18
6181.06247478636  1.347732E-18
6183.71038417744  1.498236E-18
6186.35829356852  1.435456E-18
6189.0062029596  1.713246E-18
6191.65411235068  1.940478E-18
6194.30202174176  1.839406E-18
6196.94993113284  1.736996E-18
6199.59784052393  1.645034E-18
6202.24574991501  1.564823E-18
6204.89365930609  1.750049E-18
6207.54156869717  1.526906E-18
6210.18947808825  1.523426E-18
6212.83738747933  1.411493E-18
6215.48529687041  1.338388E-18
6218.13320626149  1.559421E-18
6220.78111565257  1.461444E-18
6223.42902504365  1.415355E-18
6226.07693443473  1.553891E-18
6228.72484382581  1.230668E-18
6231.37275321689  1.216583E-18
6234.02066260797  1.453318E-18
6236.66857199905  1.538320E-18
6239.31648139013  1.255847E-18
6241.96439078121  1.247933E-18
6244.61230017229  1.388944E-18
6247.26020956337  1.664231E-18
6249.90811895445  1.761325E-18
6252.55602834553  1.509182E-18
6255.20393773661  1.734839E-18
6257.85184712769  1.720488E-18
6260.49975651877  1.473050E-18
6263.14766590985  1.352067E-18
6265.79557530093  1.352723E-18
6268.44348469201  1.413887E-18
6271.09139408309  1.502761E-18
6273.73930347418  1.378578E-18
6276.38721286525  1.335589E-18
6279.03512225634  1.214251E-18
6281.68303164741  1.202647E-18
6284.3309410385  1.312813E-18
6286.97885042958  1.349331E-18
6289.62675982066  1.927488E-18
6292.27466921174  1.603142E-18
6294.92257860282  1.215518E-18
6297.5704879939  1.307329E-18
6300.21839738498  1.019969E-18
6302.86630677606  8.173267E-19
6305.51421616714  1.245504E-18
6308.16212555822  1.304750E-18
6310.8100349493  1.245008E-18
6313.45794434038  1.133347E-18
6316.10585373146  1.059975E-18
6318.75376312254  1.121498E-18
6321.40167251362  1.371420E-18
6324.0495819047  1.461221E-18
6326.69749129578  8.802786E-19
6329.34540068686  8.914117E-19
6331.99331007794  1.102853E-18
6334.64121946902  1.258600E-18
6337.2891288601  1.246315E-18
6339.93703825118  1.277387E-18
6342.58494764226  1.260072E-18
6345.23285703334  1.329729E-18
6347.88076642442  1.704120E-18
6350.5286758155  1.228910E-18
6353.17658520658  1.312175E-18
6355.82449459766  1.391231E-18
6358.47240398874  1.310821E-18
6361.12031337982  1.352319E-18
6363.7682227709  1.251255E-18
6366.41613216198  1.684783E-18
6369.06404155307  1.618049E-18
6371.71195094414  1.242401E-18
6374.35986033523  1.186151E-18
6377.00776972631  1.389276E-18
6379.65567911739  1.705688E-18
6382.30358850847  1.217296E-18
6384.95149789955  1.270878E-18
6387.59940729063  1.237430E-18
6390.24731668171  1.089863E-18
6392.89522607279  1.496445E-18
6395.54313546387  1.409425E-18
6398.19104485495  1.090564E-18
6400.83895424603  1.384336E-18
6403.48686363711  1.445707E-18
6406.13477302819  1.111462E-18
6408.78268241927  1.583204E-18
6411.43059181035  1.078902E-18
6414.07850120143  1.065523E-18
6416.72641059251  1.391084E-18
6419.37431998359  1.418363E-18
6422.02222937467  1.629156E-18
6424.67013876575  1.385983E-18
6427.31804815683  1.417135E-18
6429.96595754791  1.542203E-18
6432.61386693899  1.185052E-18
6435.26177633007  1.275934E-18
6437.90968572115  1.643949E-18
6440.55759511223  1.704503E-18
6443.20550450331  1.840305E-18
6445.85341389439  1.346098E-18
6448.50132328547  1.328908E-18
6451.14923267655  1.223771E-18
6453.79714206764  1.437302E-18
6456.44505145872  1.674507E-18
6459.0929608498  1.376832E-18
6461.74087024088  1.119506E-18
6464.38877963196  1.449234E-18
6467.03668902304  1.705275E-18
6469.68459841412  1.330738E-18
6472.3325078052  1.482360E-18
6474.98041719628  1.471797E-18
6477.62832658736  1.408360E-18
6480.27623597844  1.641318E-18
6482.92414536952  1.382268E-18
6485.5720547606  1.112583E-18
6488.21996415168  1.202146E-18
6490.86787354276  1.038164E-18
6493.51578293384  9.044523E-19
6496.16369232492  1.247691E-18
6498.811601716  1.320681E-18
6501.45951110708  1.269822E-18
6504.10742049816  1.278844E-18
6506.75532988924  1.289420E-18
6509.40323928032  1.356805E-18
6512.0511486714  1.232981E-18
6514.69905806248  1.178054E-18
6517.34696745356  1.336385E-18
6519.99487684464  1.568468E-18
6522.64278623572  1.525658E-18
6525.2906956268  1.384465E-18
6527.93860501788  1.272266E-18
6530.58651440896  1.265111E-18
6533.23442380004  1.274273E-18
6535.88233319112  1.162193E-18
6538.5302425822  1.419688E-18
6541.17815197328  1.213485E-18
6543.82606136436  1.081897E-18
6546.47397075545  1.248592E-18
6549.12188014653  1.548524E-18
6551.76978953761  1.619894E-18
6554.41769892869  1.378251E-18
6557.06560831977  1.474965E-18
6559.71351771085  1.185036E-18
6562.36142710192  1.218327E-18
6565.00933649301  1.633978E-18
6567.65724588409  1.181273E-18
6570.30515527517  1.448518E-18
6572.95306466625  1.453651E-18
6575.60097405733  1.276204E-18
6578.24888344841  1.452919E-18
6580.89679283949  1.935575E-18
6583.54470223057  1.641301E-18
6586.19261162165  1.527160E-18
6588.84052101273  1.578165E-18
6591.48843040381  1.200346E-18
6594.13633979489  1.209631E-18
6596.78424918597  1.315784E-18
6599.43215857705  1.593796E-18
6602.08006796813  1.239131E-18
6604.72797735921  1.316283E-18
6607.37588675029  1.244837E-18
6610.02379614137  1.212825E-18
6612.67170553245  1.191186E-18
6615.31961492353  1.477704E-18
6617.96752431461  1.736611E-18
6620.61543370569  1.327848E-18
6623.26334309677  1.281597E-18
6625.91125248785  1.445271E-18
6628.55916187893  1.241585E-18
6631.20707127001  1.514693E-18
6633.85498066109  1.482237E-18
6636.50289005218  1.625833E-18
6639.15079944325  1.339922E-18
6641.79870883434  1.306996E-18
6644.44661822542  1.439851E-18
6647.0945276165  1.394194E-18
6649.74243700758  1.264480E-18
6652.39034639866  1.200031E-18
6655.03825578974  1.027697E-18
6657.68616518082  1.219509E-18
6660.3340745719  1.130486E-18
6662.98198396298  1.373473E-18
6665.62989335406  1.209626E-18
6668.27780274514  1.134419E-18
6670.92571213622  1.350391E-18
6673.5736215273  1.330740E-18
6676.22153091838  1.372878E-18
6678.86944030946  1.386337E-18
6681.51734970054  1.360898E-18
6684.16525909162  1.446257E-18
6686.8131684827  1.146175E-18
6689.46107787378  8.136949E-19
6692.10898726486  1.056799E-18
6694.75689665594  1.414372E-18
6697.40480604702  1.491373E-18
6700.0527154381  1.378206E-18
6702.70062482918  1.092384E-18
6705.34853422026  1.075411E-18
6707.99644361134  1.419673E-18
6710.64435300242  1.648477E-18
6713.2922623935  1.436070E-18
6715.94017178458  1.195566E-18
6718.58808117567  1.456603E-18
6721.23599056675  1.237930E-18
6723.88389995782  1.344873E-18
6726.53180934891  1.492375E-18
6729.17971873999  1.003027E-18
6731.82762813107  1.081622E-18
6734.47553752215  8.656185E-19
6737.12344691323  1.061787E-18
6739.77135630431  1.361258E-18
6742.41926569539  1.131634E-18
6745.06717508647  1.210318E-18
6747.71508447755  1.190975E-18
6750.36299386863  1.304239E-18
6753.01090325971  1.185210E-18
6755.65881265079  1.126439E-18
6758.30672204187  1.006670E-18
6760.95463143295  1.255821E-18
6763.60254082403  1.102471E-18
6766.25045021511  8.740463E-19
6768.89835960619  1.203245E-18
6771.54626899727  1.045310E-18
6774.19417838835  1.280865E-18
6776.84208777943  9.993610E-19
6779.48999717051  8.982379E-19
6782.13790656159  1.494598E-18
6784.78581595267  1.570453E-18
6787.43372534375  1.435500E-18
6790.08163473483  1.530135E-18
6792.72954412591  1.598072E-18
6795.37745351699  1.587997E-18
6798.02536290807  1.047675E-18
6800.67327229915  1.404860E-18
6803.32118169023  1.105682E-18
6805.96909108131  1.180254E-18
6808.61700047239  1.241533E-18
6811.26490986348  1.142422E-18
6813.91281925455  1.122147E-18
6816.56072864564  1.107768E-18
6819.20863803672  1.203455E-18
6821.8565474278  1.258390E-18
6824.50445681888  1.219834E-18
6827.15236620996  1.095549E-18
6829.80027560104  6.608521E-19
6832.44818499212  8.782878E-19
6835.0960943832  1.310039E-18
6837.74400377428  1.465891E-18
6840.39191316536  1.245733E-18
6843.03982255644  9.935316E-19
6845.68773194752  1.346169E-18
6848.3356413386  1.236257E-18
6850.98355072968  1.030957E-18
6853.63146012076  1.102414E-18
6856.27936951184  8.788705E-19
6858.92727890292  9.505162E-19
6861.575188294  7.634945E-19
6864.22309768508  8.281092E-19
6866.87100707616  6.939003E-19
6869.51891646724  3.542187E-19
6872.16682585832  9.031803E-19
6874.8147352494  1.065352E-18
6877.46264464048  1.106510E-18
6880.11055403156  9.354244E-19
6882.75846342264  7.487017E-19
6885.40637281372  7.936350E-19
6888.0542822048  8.728633E-19
6890.70219159588  1.054486E-18
6893.35010098696  1.072871E-18
6895.99801037804  1.322476E-18
6898.64591976912  1.104279E-18
6901.29382916021  7.456741E-19
6903.94173855129  7.294617E-19
6906.58964794237  8.090826E-19
6909.23755733345  1.062350E-18
6911.88546672453  8.120115E-19
6914.53337611561  5.078122E-19
6917.18128550669  8.253878E-19
6919.82919489777  9.964649E-19
6922.47710428885  7.614619E-19
6925.12501367993  7.886617E-19
6927.77292307101  8.985507E-19
6930.42083246209  9.075522E-19
6933.06874185317  1.112754E-18
6935.71665124425  4.036107E-19
6938.36456063533  8.009342E-19
6941.01247002641  1.155353E-18
6943.66037941749  8.777476E-19
6946.30828880857  1.329350E-18
6948.95619819965  8.318637E-19
6951.60410759073  6.265760E-19
6954.25201698181  5.211156E-19
6956.89992637289  1.079298E-18
6959.54783576397  1.061933E-18
6962.19574515505  1.096174E-18
6964.84365454613  9.404211E-19
6967.49156393721  1.013297E-18
6970.13947332829  1.183335E-18
6972.78738271937  9.310728E-19
6975.43529211045  7.831085E-19
6978.08320150153  7.776399E-19
6980.73111089262  9.421521E-19
6983.37902028369  9.036106E-19
6986.02692967478  9.810312E-19
6988.67483906585  1.239631E-18
6991.32274845694  1.140818E-18
6993.97065784802  1.232741E-18
6996.61856723909  8.712291E-19
6999.26647663018  9.008144E-19
7001.91438602126  1.031105E-18
7004.56229541234  1.001926E-18
7007.21020480342  1.265866E-18
7009.8581141945  1.290232E-18
7012.50602358558  9.538069E-19
7015.15393297666  7.889859E-19
7017.80184236774  6.925279E-19
7020.44975175882  7.363590E-19
7023.0976611499  1.071292E-18
7025.74557054098  1.174046E-18
7028.39347993206  1.243904E-18
7031.04138932314  1.276947E-18
7033.68929871422  1.014234E-18
7036.3372081053  8.268262E-19
7038.98511749638  9.750781E-19
7041.63302688746  8.877100E-19
7044.28093627854  9.512176E-19
7046.92884566962  7.281449E-19
7049.5767550607  6.584594E-19
7052.22466445178  8.723174E-19
7054.87257384286  6.957485E-19
7057.52048323394  8.505178E-19
7060.16839262502  1.123712E-18
7062.8163020161  1.228601E-18
7065.46421140718  1.258380E-18
7068.11212079826  1.321532E-18
7070.76003018934  1.127509E-18
7073.40793958042  1.022564E-18
7076.05584897151  1.094292E-18
7078.70375836258  1.189217E-18
7081.35166775366  1.406694E-18
7083.99957714475  1.253381E-18
7086.64748653583  1.214571E-18
7089.29539592691  1.051455E-18
7091.94330531799  1.101984E-18
7094.59121470907  1.256244E-18
7097.23912410015  1.064485E-18
7099.88703349123  8.235289E-19
7102.53494288231  7.104315E-19
7105.18285227339  1.044088E-18
7107.83076166447  1.135299E-18
7110.47867105555  1.247393E-18
7113.12658044663  9.814829E-19
7115.77448983771  1.116675E-18
7118.42239922879  1.263521E-18
7121.07030861987  8.280802E-19
7123.71821801095  1.169207E-18
7126.36612740203  8.920222E-19
7129.01403679311  9.652019E-19
7131.66194618419  1.037191E-18
7134.30985557527  7.949854E-19
7136.95776496635  8.864641E-19
7139.60567435743  9.076076E-19
7142.25358374851  8.544089E-19
7144.90149313959  1.012571E-18
7147.54940253067  1.160653E-18
7150.19731192175  1.184740E-18
7152.84522131283  1.164824E-18
7155.49313070391  1.041286E-18
7158.14104009499  1.140085E-18
7160.78894948608  1.421487E-18
7163.43685887715  1.261464E-18
7166.08476826824  1.125672E-18
7168.73267765932  1.368428E-18
7171.3805870504  1.340832E-18
7174.02849644148  1.348916E-18
7176.67640583256  1.448610E-18
7179.32431522364  1.234541E-18
7181.97222461472  1.194382E-18
7184.6201340058  9.810937E-19
7187.26804339688  9.333581E-19
7189.91595278796  1.316944E-18
7192.56386217904  1.357579E-18
7195.21177157012  1.102015E-18
7197.8596809612  9.454001E-19
7200.50759035228  1.066312E-18
7203.15549974336  1.090133E-18
7205.80340913444  1.055230E-18
7208.45131852552  1.465808E-18
7211.0992279166  9.514090E-19
7213.74713730768  1.039565E-18
7216.39504669876  1.046893E-18
7219.04295608984  9.988253E-19
7221.69086548092  8.849158E-19
7224.338774872  9.952729E-19
7226.98668426308  1.233485E-18
7229.63459365416  1.048973E-18
7232.28250304524  5.869450E-19
7234.93041243632  7.583842E-19
7237.5783218274  7.462516E-19
7240.22623121848  6.228426E-19
7242.87414060956  1.085860E-18
7245.52205000064  7.451382E-19
7248.16995939172  7.049717E-19
7250.8178687828  9.164630E-19
7253.46577817389  1.224024E-18
7256.11368756497  6.674465E-19
7258.76159695605  7.316712E-19
7261.40950634713  1.177956E-18
7264.05741573821  1.202189E-18
7266.70532512929  9.028209E-19
7269.35323452037  9.014626E-19
7272.00114391145  1.256452E-18
7274.64905330253  1.476846E-18
7277.29696269361  1.400717E-18
7279.94487208469  1.591455E-18
7282.59278147577  1.684000E-18
7285.24069086685  9.409670E-19
7287.88860025793  9.336708E-19
7290.53650964901  1.160697E-18
7293.18441904009  9.695193E-19
7295.83232843117  1.323556E-18
7298.48023782225  1.197846E-18
7301.12814721333  6.930800E-19
7303.77605660441  8.275058E-19
7306.42396599549  7.712789E-19
7309.07187538657  9.092695E-19
7311.71978477765  1.382636E-18
7314.36769416873  1.042008E-18
7317.01560355981  1.271590E-18
7319.66351295089  1.513115E-18
7322.31142234197  1.492550E-18
7324.95933173305  1.072406E-18
7327.60724112413  1.153097E-18
7330.25515051521  1.130039E-18
7332.90305990629  1.330445E-18
7335.55096929737  1.213245E-18
7338.19887868845  1.645832E-18
7340.84678807953  1.453804E-18
7343.49469747062  1.249332E-18
7346.14260686169  9.132317E-19
7348.79051625278  1.026642E-18
7351.43842564386  1.078402E-18
7354.08633503494  1.280360E-18
7356.73424442602  1.254658E-18
7359.3821538171  9.402036E-19
7362.03006320818  6.483503E-19
7364.67797259926  1.170223E-18
7367.32588199034  1.190189E-18
7369.97379138142  1.294502E-18
7372.6217007725  1.189924E-18
7375.26961016358  6.915137E-19
7377.91751955466  9.127926E-19
7380.56542894574  1.186912E-18
7383.21333833682  1.022157E-18
7385.8612477279  9.793733E-19
7388.50915711898  1.293526E-18
7391.15706651006  1.232090E-18
7393.80497590114  7.742509E-19
7396.45288529222  1.157886E-18
7399.1007946833  1.288937E-18
7401.74870407438  1.066993E-18
7404.39661346546  1.068214E-18
7407.04452285654  1.066769E-18
7409.69243224762  1.115520E-18
7412.3403416387  1.191338E-18
7414.98825102978  1.099381E-18
7417.63616042086  7.271064E-19
7420.28406981194  6.794917E-19
7422.93197920302  1.069784E-18
7425.57988859411  1.223084E-18
7428.22779798518  1.062083E-18
7430.87570737626  8.954990E-19
7433.52361676735  1.064636E-18
7436.17152615843  1.043727E-18
7438.81943554951  8.146573E-19
7441.46734494059  8.286152E-19
7444.11525433167  6.574594E-19
7446.76316372275  9.223320E-19
7449.41107311383  1.129121E-18
7452.05898250491  8.373855E-19
7454.70689189599  5.207304E-19
7457.35480128707  7.264320E-19
7460.00271067815  7.106721E-19
7462.65062006923  9.563693E-19
7465.29852946031  7.356509E-19
7467.94643885139  8.381440E-19
7470.59434824247  7.850212E-19
7473.24225763355  7.000533E-19
7475.89016702463  7.641200E-19
7478.53807641571  7.584257E-19
7481.18598580679  7.106744E-19
7483.83389519787  7.473885E-19
7486.48180458895  7.456089E-19
7489.12971398003  1.136792E-18
7491.77762337111  1.154836E-18
7494.42553276219  9.259642E-19
7497.07344215327  8.463423E-19
7499.72135154435  8.722887E-19
7502.36926093543  7.032492E-19
7505.01717032651  1.016106E-18
7507.66507971759  1.104359E-18
7510.31298910867  6.212228E-19
7512.96089849975  7.028996E-19
7515.60880789083  9.863065E-19
7518.25671728192  4.440873E-19
7520.90462667299  5.390708E-19
7523.55253606408  8.426394E-19
7526.20044545516  1.374929E-18
7528.84835484624  1.360986E-18
7531.49626423732  1.144477E-18
7534.1441736284  9.963085E-19
7536.79208301948  1.063338E-18
7539.43999241056  1.109270E-18
7542.08790180164  7.767074E-19
7544.73581119272  6.632113E-19
7547.3837205838  7.964377E-19
7550.03162997488  7.907955E-19
7552.67953936596  9.174365E-19
7555.32744875704  8.530089E-19
7557.97535814812  7.898952E-19
7560.6232675392  9.832249E-19
7563.27117693028  9.364461E-19
7565.91908632136  9.271572E-19
7568.56699571244  8.197898E-19
7571.21490510352  9.609796E-19
7573.8628144946  1.124865E-18
7576.51072388568  1.289607E-18
7579.15863327676  4.455519E-19
7581.80654266784  6.086246E-19
7584.45445205892  3.493004E-19
7587.10236145  6.878513E-19
7589.75027084108  4.769962E-19
7592.39818023216  5.296327E-19
7595.04608962324  3.776994E-19
7597.69399901432  3.092803E-19
7600.3419084054  2.172213E-19
7602.98981779648  2.880488E-19
7605.63772718757  4.308328E-19
7608.28563657865  6.037940E-19
7610.93354596973  1.817585E-19
7613.58145536081  2.773223E-19
7616.22936475189  8.893764E-19
7618.87727414297  4.514337E-19
7621.52518353405  5.565345E-19
7624.17309292513  5.188973E-19
7626.82100231621  3.926756E-19
7629.46891170729  5.297351E-19
7632.11682109837  6.439290E-19
7634.76473048945  5.539938E-19
7637.41263988053  4.052720E-19
7640.06054927161  9.442289E-19
7642.70845866269  9.167043E-19
7645.35636805377  5.890740E-19
7648.00427744485  6.810061E-19
7650.65218683593  4.534459E-19
7653.30009622701  6.502516E-19
7655.94800561809  4.714468E-19
7658.59591500917  5.934836E-19
7661.24382440025  1.012231E-18
7663.89173379133  5.855188E-19
7666.53964318241  8.792259E-19
7669.18755257349  8.101080E-19
7671.83546196457  8.654039E-19
7674.48337135565  1.297521E-18
7677.13128074673  7.375955E-19
7679.77919013781  8.465133E-19
7682.42709952889  1.095912E-18
7685.07500891997  1.217164E-18
7687.72291831105  9.640016E-19
7690.37082770213  7.658057E-19
7693.01873709322  1.292488E-18
7695.66664648429  1.348569E-18
7698.31455587538  1.151519E-18
7700.96246526645  4.477709E-19
7703.61037465753  1.085970E-18
7706.25828404862  1.481720E-18
7708.9061934397  9.902771E-19
7711.55410283078  7.511807E-19
7714.20201222186  1.111120E-18
7716.84992161294  1.138211E-18
7719.49783100402  1.227950E-18
7722.1457403951  1.330386E-18
7724.79364978618  1.113782E-18
7727.44155917726  1.217321E-18
7730.08946856834  7.523311E-19
7732.73737795942  7.716010E-19
7735.3852873505  9.268051E-19
7738.03319674158  9.971845E-19
7740.68110613266  1.202530E-18
7743.32901552374  2.233569E-19
7745.97692491482  8.538791E-19
7748.6248343059  6.153562E-19
7751.27274369698  4.548470E-19
7753.92065308806  2.571263E-19
7756.56856247914  8.048275E-19
7759.21647187022  1.042472E-18
7761.8643812613  8.591125E-19
7764.51229065238  9.459339E-19
7767.16020004346  8.315877E-19
7769.80810943454  7.792688E-19
7772.45601882562  1.022120E-18
7775.10392821671  1.049226E-18
7777.75183760778  7.757809E-19
7780.39974699887  9.030344E-19
7783.04765638995  8.187957E-19
7785.69556578102  7.183675E-19
7788.34347517211  1.401435E-18
7790.99138456319  1.669360E-18
7793.63929395427  1.101241E-18
7796.28720334535  9.653225E-19
7798.93511273643  1.357166E-18
7801.58302212751  1.623868E-18
7804.23093151859  1.324891E-18
7806.87884090967  7.114691E-19
7809.52675030075  7.882346E-19
7812.17465969183  8.131446E-19
7814.82256908291  6.454589E-19
7817.47047847399  3.723085E-19
7820.11838786507  1.158068E-18
7822.76629725615  1.983631E-18
7825.41420664723  1.309919E-18
7828.06211603831  8.022801E-19
7830.71002542939  8.647222E-19
7833.35793482047  1.581140E-18
7836.00584421155  9.101434E-19
7838.65375360263  5.308950E-19
7841.30166299371  7.540995E-20
7843.94957238479  6.103632E-19
7846.59748177587  2.286860E-19
7849.24539116695  1.222640E-18
7851.89330055803  5.528890E-19
7854.54120994911  -3.164992E-20
7857.18911934019  6.263370E-19
7859.83702873127  8.872595E-19
7862.48493812235  8.349478E-19
7865.13284751343  7.676688E-19
7867.78075690452  5.513520E-19
7870.4286662956  2.740060E-19
7873.07657568668  1.383511E-18
7875.72448507776  9.599532E-19
7878.37239446884  8.624537E-19
7881.02030385992  1.071308E-18
7883.668213251  9.904315E-19
7886.31612264208  9.901682E-19
7888.96403203316  8.712490E-19
7891.61194142424  7.134770E-19
7894.25985081532  8.174520E-19
7896.9077602064  8.054362E-19
7899.55566959748  7.488317E-19
7902.20357898856  8.877526E-19
7904.85148837964  1.052000E-18
7907.49939777072  8.024892E-19
7910.1473071618  6.513165E-19
7912.79521655288  1.115315E-18
7915.44312594396  7.983663E-19
7918.09103533504  3.582796E-19
7920.73894472612  9.808271E-19
7923.3868541172  7.381385E-19
7926.03476350828  1.455665E-19
7928.68267289936  7.935691E-19
7931.33058229044  1.116259E-18
7933.97849168152  9.340472E-19
7936.6264010726  4.469940E-19
7939.27431046368  5.087087E-19
7941.92221985476  9.955487E-19
7944.57012924584  7.467805E-19
7947.21803863692  7.567306E-19
7949.865948028  1.235582E-18
7952.51385741908  7.813030E-19
7955.16176681016  8.346864E-19
7957.80967620125  5.439633E-19
7960.45758559233  1.618556E-18
7963.10549498341  1.029108E-18
7965.75340437449  9.976590E-19
7968.40131376557  1.166436E-18
7971.04922315665  9.830266E-19
7973.69713254773  1.097426E-18
7976.34504193881  5.457099E-19
7978.99295132989  8.605628E-19
7981.64086072097  8.804812E-19
7984.28877011205  9.580617E-19
7986.93667950313  1.202447E-18
7989.58458889421  1.021481E-18
7992.23249828529  9.666361E-19
7994.88040767637  1.014372E-18
7997.52831706745  1.218162E-18
8000.17622645853  1.293478E-18
8002.82413584961  1.106103E-18
8005.47204524069  8.843306E-19
8008.11995463177  6.234486E-19
8010.76786402285  9.249111E-19
8013.41577341393  1.202934E-18
8016.06368280501  1.051204E-18
8018.71159219609  9.491496E-19
8021.35950158717  8.853880E-19
8024.00741097825  1.310862E-18
8026.65532036933  1.236043E-18
8029.30322976041  5.018173E-19
8031.95113915149  5.706530E-19
8034.59904854257  8.132858E-19
8037.24695793365  8.277051E-19
8039.89486732473  7.174266E-19
8042.54277671581  9.667930E-19
8045.19068610689  8.263197E-19
8047.83859549798  7.087189E-19
8050.48650488905  8.571958E-19
8053.13441428014  9.672390E-19
8055.78232367122  5.618983E-19
8058.4302330623  8.478773E-19
8061.07814245338  7.245248E-19
8063.72605184446  6.094173E-19
8066.37396123554  8.068794E-19
8069.02187062662  8.448757E-19
8071.6697800177  7.457999E-19
8074.31768940878  5.600646E-19
8076.96559879986  1.135303E-18
8079.61350819094  7.792085E-19
8082.26141758202  1.252084E-18
8084.9093269731  1.205423E-18
8087.55723636418  6.909025E-19
8090.20514575526  8.318675E-19
8092.85305514634  1.079466E-18
8095.50096453742  1.013197E-18
8098.1488739285  1.021233E-18
8100.79678331958  8.415525E-19
8103.44469271066  6.262665E-19
8106.09260210174  5.731493E-19
8108.74051149282  8.349224E-19
8111.3884208839  5.335474E-19
8114.03633027498  6.296583E-19
8116.68423966606  1.380721E-18
8119.33214905714  1.633841E-18
8121.98005844822  1.551750E-18
8124.6279678393  9.676663E-19
8127.27587723038  8.245257E-19
8129.92378662146  7.607937E-19
8132.57169601254  3.202007E-19
8135.21960540362  4.110597E-19
8137.8675147947  6.650788E-19
8140.51542418578  6.275732E-19
8143.16333357687  4.113595E-19
8145.81124296795  7.945276E-19
8148.45915235903  1.148095E-18
8151.10706175011  1.267605E-18
8153.75497114119  9.032255E-19
8156.40288053227  9.300518E-19
8159.05078992335  8.022433E-19
8161.69869931443  7.997333E-19
8164.34660870551  7.496617E-19
8166.99451809659  7.352166E-19
8169.64242748767  5.980438E-19
8172.29033687875  8.634664E-19
8174.93824626983  7.602013E-19
8177.58615566091  6.789254E-19
8180.23406505199  9.710420E-19
8182.88197444307  7.735568E-19
8185.52988383415  8.368478E-19
8188.17779322523  -1.860304E-19
8190.82570261631  6.778278E-19
8193.47361200739  1.247553E-18
8196.12152139847  7.592057E-19
8198.76943078955  2.507577E-19
8201.41734018063  1.027791E-18
8204.06524957171  4.398772E-19
8206.71315896279  2.597564E-19
8209.36106835388  1.035198E-18
8212.00897774495  1.317141E-18
8214.65688713603  1.005588E-18
8217.30479652711  9.739050E-19
8219.95270591819  1.104978E-18
8222.60061530928  7.582362E-19
8225.24852470036  5.126077E-19
8227.89643409144  5.237897E-19
8230.54434348252  7.338552E-19
8233.1922528736  8.018909E-19
8235.84016226468  6.626514E-19
8238.48807165576  9.146332E-19
8241.13598104684  1.194444E-18
8243.78389043792  7.995620E-19
8246.431799829  6.205203E-19
8249.07970922008  9.827714E-19
8251.72761861116  1.030495E-18
8254.37552800224  9.545857E-19
8257.02343739332  9.469614E-19
8259.6713467844  1.121176E-18
8262.31925617548  8.187798E-19
8264.96716556656  6.069048E-19
8267.61507495764  5.063831E-19
8270.26298434872  8.193106E-19
8272.9108937398  8.302573E-19
8275.55880313088  1.364876E-18
8278.20671252196  1.452684E-18
8280.85462191304  9.599544E-19
8283.50253130412  -2.755900E-20
8286.1504406952  5.923368E-19
8288.79835008628  1.054813E-18
8291.44625947736  -2.565299E-19
8294.09416886844  1.044992E-18
8296.74207825952  8.212799E-19
8299.3899876506  1.038367E-18
8302.03789704168  3.514224E-19
8304.68580643277  1.041077E-18
8307.33371582384  1.134379E-18
8309.98162521493  4.704112E-19
8312.62953460601  4.446582E-19
8315.27744399709  7.271900E-19
8317.92535338817  8.288682E-19
8320.57326277925  5.764885E-19
8323.22117217033  5.789288E-19
8325.86908156141  1.023380E-18
8328.51699095249  9.225589E-19
8331.16490034357  1.102471E-18
8333.81280973465  8.532335E-19
8336.46071912573  1.052629E-18
8339.10862851681  1.660414E-18
8341.75653790789  1.500916E-18
8344.40444729897  8.014839E-19
8347.05235669005  7.869874E-19
8349.70026608113  7.392752E-19
8352.34817547221  4.177160E-19
8354.99608486329  5.635654E-19
8357.64399425437  4.257161E-19
8360.29190364545  1.074169E-18
8362.93981303653  8.065213E-19
8365.58772242761  4.492783E-19
8368.23563181869  7.128119E-19
8370.88354120977  7.087206E-19
8373.53145060085  8.254132E-19
8376.17935999193  7.011475E-19
8378.82726938301  5.586278E-19
8381.47517877409  1.497015E-18
8384.12308816517  9.431278E-19
8386.77099755625  6.258726E-19
8389.41890694733  1.429644E-19
8392.06681633841  1.830344E-19
8394.7147257295  3.248999E-19
8397.36263512058  8.840830E-19
8400.01054451166  1.462351E-19
8402.65845390274  1.600932E-18
8405.30636329381  1.510919E-18
8407.9542726849  6.833335E-19
8410.60218207598  5.828649E-19
8413.25009146706  1.953800E-19
8415.89800085814  1.553501E-19
8418.54591024922  4.249049E-19
8421.1938196403  1.560749E-18
8423.84172903138  1.822493E-18
8426.48963842246  1.633321E-18
8429.13754781354  5.542935E-19
8431.78545720462  3.985738E-19
8434.4333665957  6.938937E-19
8437.08127598678  6.337639E-19
8439.72918537786  1.151351E-18
8442.37709476894  9.490216E-19
8445.02500416002  5.069900E-19
8447.6729135511  3.867108E-19
8450.32082294218  7.832357E-19
8452.96873233326  1.462746E-18
8455.61664172434  1.119952E-18
8458.26455111542  1.406724E-18
8460.9124605065  1.817213E-18
8463.56036989758  7.962000E-19
8466.20827928866  6.186319E-19
8468.85618867974  7.526757E-19
8471.50409807082  3.400472E-19
8474.1520074619  7.757113E-19
8476.79991685298  4.366266E-19
8479.44782624406  3.211771E-19
8482.09573563514  5.399455E-19
8484.74364502622  9.148375E-19
8487.39155441731  1.061529E-18
8490.03946380839  1.172506E-18
8492.68737319947  1.383076E-18
8495.33528259055  5.910135E-19
8497.98319198163  1.732005E-19
8500.63110137271  6.268374E-19
8503.27901076379  7.231358E-19
8505.92692015487  2.314194E-19
8508.57482954595  3.322067E-19
8511.22273893703  4.685814E-19
8513.87064832811  3.539135E-19
8516.51855771919  5.492040E-19
8519.16646711027  6.893437E-19
8521.81437650135  7.196412E-19
8524.46228589243  6.518116E-19
8527.11019528351  9.299334E-19
8529.75810467459  7.733119E-19
8532.40601406567  6.321049E-19
8535.05392345675  7.241497E-19
8537.70183284783  7.259040E-19
8540.34974223891  1.045220E-18
8542.99765162999  9.264118E-19
8545.64556102107  4.730461E-19
8548.29347041215  5.576814E-19
8550.94137980323  5.792444E-19
8553.58928919431  6.070061E-19
8556.23719858539  8.633408E-19
8558.88510797647  8.011226E-19
8561.53301736755  4.807659E-19
8564.18092675863  3.577942E-19
8566.82883614971  6.875062E-19
8569.47674554079  5.034560E-19
8572.12465493187  4.506148E-19
8574.77256432295  1.251454E-18
8577.42047371404  1.010988E-18
8580.06838310511  1.083085E-18
8582.7162924962  5.655620E-19
8585.36420188728  2.996307E-19
8588.01211127836  5.973394E-19
8590.66002066944  7.918974E-19
8593.30793006052  1.588472E-18
8595.9558394516  5.909237E-19
8598.60374884268  4.378185E-19
