3651.46850586  1.204137E-16
3656.98807096544  1.174405E-16
3662.50763607088  1.243204E-16
3668.02720117632  1.125632E-16
3673.54676628176  1.188969E-16
3679.0663313872  1.184040E-16
3684.58589649264  1.102261E-16
3690.10546159808  1.127484E-16
3695.62502670352  1.113339E-16
3701.14459180896  1.074467E-16
3706.6641569144  1.081050E-16
3712.18372201984  1.054150E-16
3717.70328712528  1.061195E-16
3723.22285223072  1.063867E-16
3728.74241733616  1.020135E-16
3734.2619824416  1.076298E-16
3739.78154754704  1.049605E-16
3745.30111265248  9.936282E-17
3750.82067775792  1.068197E-16
3756.34024286336  1.007118E-16
3761.8598079688  9.448477E-17
3767.37937307424  1.011159E-16
3772.89893817968  9.807296E-17
3778.41850328512  1.002778E-16
3783.93806839056  9.752337E-17
3789.457633496  9.603527E-17
3794.97719860144  8.941541E-17
3800.49676370688  9.177996E-17
3806.01632881232  9.689987E-17
3811.53589391776  9.748087E-17
3817.0554590232  9.959184E-17
3822.57502412864  9.235063E-17
3828.09458923408  9.289535E-17
3833.61415433952  9.804998E-17
3839.13371944496  9.015472E-17
3844.6532845504  9.332554E-17
3850.17284965584  9.305990E-17
3855.69241476128  8.926664E-17
3861.21197986672  9.155653E-17
3866.73154497216  9.645077E-17
3872.2511100776  9.659919E-17
3877.77067518304  9.494961E-17
3883.29024028848  9.836584E-17
3888.80980539392  9.950198E-17
3894.32937049936  1.005293E-16
3899.8489356048  1.014546E-16
3905.36850071024  1.022176E-16
3910.88806581568  1.007800E-16
3916.40763092112  9.552919E-17
3921.92719602656  9.458108E-17
3927.446761132  9.034409E-17
3932.96632623744  9.406942E-17
3938.48589134288  9.623314E-17
3944.00545644832  9.207225E-17
3949.52502155376  9.176187E-17
3955.0445866592  9.072031E-17
3960.56415176464  8.643686E-17
3966.08371687008  9.247423E-17
3971.60328197552  9.129118E-17
3977.12284708096  9.434577E-17
3982.6424121864  9.398993E-17
3988.16197729184  8.892781E-17
3993.68154239728  8.939897E-17
3999.20110750272  8.463099E-17
4004.72067260816  8.555338E-17
4010.2402377136  8.803471E-17
4015.75980281904  8.296750E-17
4021.27936792448  8.739964E-17
4026.79893302992  9.113732E-17
4032.31849813536  8.759249E-17
4037.8380632408  8.377878E-17
4043.35762834624  8.672632E-17
4048.87719345168  8.646886E-17
4054.39675855712  8.631470E-17
4059.91632366256  8.506129E-17
4065.435888768  8.811420E-17
4070.95545387344  8.648710E-17
4076.47501897888  8.261206E-17
4081.99458408432  8.817989E-17
4087.51414918976  8.683384E-17
4093.0337142952  8.481521E-17
4098.55327940064  8.414376E-17
4104.07284450608  8.456087E-17
4109.59240961152  8.982847E-17
4115.11197471696  8.768899E-17
4120.6315398224  8.758809E-17
4126.15110492784  8.305588E-17
4131.67067003328  8.566042E-17
4137.19023513872  8.914398E-17
4142.70980024416  8.635684E-17
4148.2293653496  8.252169E-17
4153.74893045504  8.632382E-17
4159.26849556048  8.277948E-17
4164.78806066592  8.471420E-17
4170.30762577136  8.459088E-17
4175.8271908768  8.504192E-17
4181.34675598224  8.281776E-17
4186.86632108768  8.066818E-17
4192.38588619312  8.246024E-17
4197.90545129856  8.795126E-17
4203.425016404  8.670199E-17
4208.94458150944  8.501463E-17
4214.46414661488  8.279098E-17
4219.98371172032  8.407112E-17
4225.50327682576  8.613300E-17
4231.0228419312  8.505649E-17
4236.54240703664  8.404769E-17
4242.06197214208  8.259083E-17
4247.58153724752  8.915765E-17
4253.10110235296  9.820331E-17
4258.6206674584  9.503843E-17
4264.14023256384  9.889284E-17
4269.65979766928  9.176108E-17
4275.17936277472  9.363127E-17
4280.69892788016  9.027160E-17
4286.2184929856  8.994577E-17
4291.73805809104  9.090199E-17
4297.25762319649  9.353680E-17
4302.77718830192  9.842054E-17
4308.29675340736  9.159051E-17
4313.8163185128  9.741666E-17
4319.33588361824  9.821505E-17
4324.85544872368  9.767397E-17
4330.37501382912  9.990329E-17
4335.89457893456  9.762570E-17
4341.41414404  9.849091E-17
4346.93370914544  9.658676E-17
4352.45327425088  9.976402E-17
4357.97283935632  1.067618E-16
4363.49240446176  1.038836E-16
4369.0119695672  1.029802E-16
4374.53153467264  1.000710E-16
4380.05109977808  9.911014E-17
4385.57066488352  1.010937E-16
4391.09022998896  1.070250E-16
4396.6097950944  1.043435E-16
4402.12936019984  1.038327E-16
4407.64892530528  1.073699E-16
4413.16849041072  1.048285E-16
4418.68805551616  1.020770E-16
4424.2076206216  1.034853E-16
4429.72718572704  1.018685E-16
4435.24675083248  1.057582E-16
4440.76631593792  1.068375E-16
4446.28588104336  1.082725E-16
4451.8054461488  1.064113E-16
4457.32501125424  1.068233E-16
4462.84457635968  1.056416E-16
4468.36414146512  1.004473E-16
4473.88370657056  1.032071E-16
4479.403271676  1.079812E-16
4484.92283678144  1.093210E-16
4490.44240188688  1.079669E-16
4495.96196699232  1.055163E-16
4501.48153209776  1.074574E-16
4507.0010972032  1.074036E-16
4512.52066230864  1.078993E-16
4518.04022741408  1.083819E-16
4523.55979251952  1.149121E-16
4529.07935762496  1.137317E-16
4534.5989227304  1.110794E-16
4540.11848783584  1.140713E-16
4545.63805294128  1.146962E-16
4551.15761804672  1.105748E-16
4556.67718315216  1.143092E-16
4562.1967482576  1.116269E-16
4567.71631336304  1.092303E-16
4573.23587846848  1.103370E-16
4578.75544357392  1.094832E-16
4584.27500867936  1.125702E-16
4589.7945737848  1.094142E-16
4595.31413889024  1.068615E-16
4600.83370399568  1.092447E-16
4606.35326910113  1.005916E-16
4611.87283420656  9.980178E-17
4617.392399312  9.996296E-17
4622.91196441745  9.759576E-17
4628.43152952288  9.141483E-17
4633.95109462832  9.017858E-17
4639.47065973377  9.640472E-17
4644.9902248392  1.000450E-16
4650.50978994464  9.376593E-17
4656.02935505008  8.585466E-17
4661.54892015552  9.116123E-17
4667.06848526096  9.147182E-17
4672.5880503664  9.366259E-17
4678.10761547184  9.316309E-17
4683.62718057728  9.496035E-17
4689.14674568272  8.913403E-17
4694.66631078816  9.267610E-17
4700.1858758936  9.146301E-17
4705.70544099904  9.609433E-17
4711.22500610448  9.576926E-17
4716.74457120992  8.965373E-17
4722.26413631536  9.227550E-17
4727.7837014208  9.042909E-17
4733.30326652624  8.889442E-17
4738.82283163168  8.893588E-17
4744.34239673712  8.943122E-17
4749.86196184256  8.943284E-17
4755.381526948  8.637655E-17
4760.90109205344  8.912297E-17
4766.42065715888  9.206660E-17
4771.94022226432  9.117451E-17
4777.45978736976  9.186702E-17
4782.9793524752  9.477905E-17
4788.49891758064  9.434062E-17
4794.01848268608  9.915604E-17
4799.53804779152  1.018796E-16
4805.05761289696  1.016397E-16
4810.5771780024  1.033487E-16
4816.09674310784  1.011157E-16
4821.61630821328  1.016831E-16
4827.13587331872  1.022827E-16
4832.65543842416  1.001503E-16
4838.1750035296  1.022266E-16
4843.69456863505  1.007127E-16
4849.21413374048  1.005104E-16
4854.73369884592  9.966102E-17
4860.25326395137  1.020038E-16
4865.7728290568  9.929121E-17
4871.29239416224  9.714719E-17
4876.81195926769  9.665938E-17
4882.33152437312  9.872062E-17
4887.85108947856  9.765328E-17
4893.370654584  9.751510E-17
4898.89021968944  9.756793E-17
4904.40978479488  9.250308E-17
4909.92934990033  9.202386E-17
4915.44891500576  9.478681E-17
4920.9684801112  9.680891E-17
4926.48804521664  9.152613E-17
4932.00761032208  9.057888E-17
4937.52717542752  9.099392E-17
4943.04674053297  9.405361E-17
4948.5663056384  9.272738E-17
4954.08587074384  9.016545E-17
4959.60543584929  9.033442E-17
4965.12500095472  9.309678E-17
4970.64456606016  9.350083E-17
4976.1641311656  9.117323E-17
4981.68369627104  9.038610E-17
4987.20326137648  9.036350E-17
4992.72282648192  9.088743E-17
4998.24239158736  8.958303E-17
5003.7619566928  8.936300E-17
5009.28152179825  8.972260E-17
5014.80108690368  9.120930E-17
5020.32065200912  9.094157E-17
5025.84021711457  8.946700E-17
5031.35978222  9.431656E-17
5036.87934732545  9.133750E-17
5042.39891243089  8.821214E-17
5047.91847753632  9.430639E-17
5053.43804264176  9.189666E-17
5058.95760774721  9.120352E-17
5064.47717285265  9.108998E-17
5069.99673795808  9.230139E-17
5075.51630306353  9.438665E-17
5081.03586816897  8.893668E-17
5086.55543327441  9.198192E-17
5092.07499837985  8.719190E-17
5097.59456348529  8.749052E-17
5103.11412859072  8.353092E-17
5108.63369369617  8.958103E-17
5114.1532588016  8.862753E-17
5119.67282390704  8.897454E-17
5125.19238901249  8.706578E-17
5130.71195411793  8.958474E-17
5136.23151922336  8.756728E-17
5141.75108432881  8.915768E-17
5147.27064943425  9.018504E-17
5152.79021453968  8.889695E-17
5158.30977964513  9.011729E-17
5163.82934475057  9.079799E-17
5169.34890985601  8.682524E-17
5174.86847496145  8.588362E-17
5180.38804006689  8.789979E-17
5185.90760517232  8.705324E-17
5191.42717027777  8.856849E-17
5196.9467353832  8.949171E-17
5202.46630048864  8.644303E-17
5207.98586559409  8.616286E-17
5213.50543069952  8.720771E-17
5219.02499580496  8.457719E-17
5224.54456091041  8.495122E-17
5230.06412601584  8.494488E-17
5235.58369112129  8.481977E-17
5241.10325622673  8.712875E-17
5246.62282133216  8.665266E-17
5252.1423864376  8.409100E-17
5257.66195154305  8.416578E-17
5263.18151664849  8.521464E-17
5268.70108175392  8.232668E-17
5274.22064685937  8.244239E-17
5279.74021196481  8.134783E-17
5285.25977707024  8.416314E-17
5290.77934217569  7.925440E-17
5296.29890728113  7.920827E-17
5301.81847238656  8.090731E-17
5307.33803749201  7.930917E-17
5312.85760259745  7.604269E-17
5318.37716770289  7.328783E-17
5323.89673280832  7.453376E-17
5329.41629791377  7.185457E-17
5334.9358630192  7.221962E-17
5340.45542812464  7.166484E-17
5345.97499323009  7.397705E-17
5351.49455833552  7.264309E-17
5357.01412344097  7.319952E-17
5362.53368854641  7.131280E-17
5368.05325365184  7.353125E-17
5373.57281875729  7.201867E-17
5379.09238386273  7.135335E-17
5384.61194896817  7.045416E-17
5390.13151407361  7.017716E-17
5395.65107917904  7.040598E-17
5401.17064428449  6.980675E-17
5406.69020938992  7.020395E-17
5412.20977449536  6.926953E-17
5417.7293396008  7.442036E-17
5423.24890470625  7.148212E-17
5428.76846981168  6.826152E-17
5434.28803491712  7.142930E-17
5439.80760002257  7.233878E-17
5445.327165128  7.403900E-17
5450.84673023345  7.326580E-17
5456.36629533889  7.336593E-17
5461.88586044432  7.391777E-17
5467.40542554977  7.547885E-17
5472.92499065521  7.566977E-17
5478.44455576065  7.631648E-17
5483.96412086609  7.515795E-17
5489.48368597153  7.703592E-17
5495.00325107697  8.114167E-17
5500.52281618241  7.795545E-17
5506.04238128785  7.695897E-17
5511.56194639329  7.889739E-17
5517.08151149873  7.931107E-17
5522.60107660417  7.385010E-17
5528.12064170961  8.283165E-17
5533.64020681505  7.796196E-17
5539.15977192049  7.938664E-17
5544.67933702593  8.317346E-17
5550.19890213137  8.522744E-17
5555.7184672368  8.154831E-17
5561.23803234225  8.460496E-17
5566.75759744769  8.498634E-17
5572.27716255313  8.590165E-17
5577.79672765857  8.993458E-17
5583.31629276401  8.617613E-17
5588.83585786945  8.459081E-17
5594.35542297489  8.911999E-17
5599.87498808033  8.926756E-17
5605.39455318577  8.851899E-17
5610.91411829121  8.598321E-17
5616.43368339665  8.807763E-17
5621.95324850209  8.797593E-17
5627.47281360753  9.256588E-17
5632.99237871297  9.069827E-17
5638.51194381841  9.224058E-17
5644.03150892385  9.138455E-17
5649.55107402929  9.108458E-17
5655.07063913473  9.197928E-17
5660.59020424017  9.540166E-17
5666.10976934561  9.500358E-17
5671.62933445105  9.393194E-17
5677.14889955649  9.537566E-17
5682.66846466193  8.775323E-17
5688.18802976737  9.329963E-17
5693.70759487281  9.178159E-17
5699.22715997825  9.095470E-17
5704.74672508369  9.135516E-17
5710.26629018913  8.750247E-17
5715.78585529457  8.777542E-17
5721.30542040001  8.565376E-17
5726.82498550545  8.598059E-17
5732.34455061089  8.352816E-17
5737.86411571633  8.309645E-17
5743.38368082177  8.427370E-17
5748.90324592721  8.609343E-17
5754.42281103265  8.216472E-17
5759.94237613809  8.151356E-17
5765.46194124353  8.303531E-17
5770.98150634897  7.667223E-17
5776.50107145441  8.127715E-17
5782.02063655985  8.107437E-17
5787.54020166529  8.188725E-17
5793.05976677073  8.372780E-17
5798.57933187617  8.383398E-17
5804.09889698161  7.836659E-17
5809.61846208705  7.653242E-17
5815.13802719249  7.890565E-17
5820.65759229793  7.965244E-17
5826.17715740337  7.954395E-17
5831.69672250881  7.698723E-17
5837.21628761424  7.540576E-17
5842.73585271969  7.589809E-17
5848.25541782513  7.677013E-17
5853.77498293057  7.455091E-17
5859.29454803601  7.218838E-17
5864.81411314144  7.340780E-17
5870.33367824689  7.462379E-17
5875.85324335233  7.054151E-17
5881.37280845777  7.178428E-17
5886.89237356321  7.136671E-17
5892.41193866865  6.691887E-17
5897.93150377409  7.322146E-17
5903.45106887953  6.970991E-17
5908.97063398497  6.650534E-17
5914.49019909041  7.033969E-17
5920.00976419585  6.664203E-17
5925.52932930129  6.606095E-17
5931.04889440673  6.955264E-17
5936.56845951217  6.981350E-17
5942.08802461761  6.901252E-17
5947.60758972305  6.710409E-17
5953.12715482849  6.850075E-17
5958.64671993393  6.856738E-17
5964.16628503937  6.526073E-17
5969.68585014481  6.539255E-17
5975.20541525025  6.374781E-17
5980.72498035569  6.627659E-17
5986.24454546113  6.850895E-17
5991.76411056657  6.460679E-17
5997.28367567201  6.706675E-17
6002.80324077745  6.578315E-17
6008.32280588289  6.335912E-17
6013.84237098833  6.463996E-17
6019.36193609377  6.372673E-17
6024.88150119921  5.967752E-17
6030.40106630465  6.439046E-17
6035.92063141009  6.216337E-17
6041.44019651553  6.212404E-17
6046.95976162097  6.287401E-17
6052.47932672641  5.912129E-17
6057.99889183185  5.905900E-17
6063.51845693728  6.022312E-17
6069.03802204273  5.875720E-17
6074.55758714817  5.857852E-17
6080.0771522536  5.706199E-17
6085.59671735905  5.981656E-17
6091.11628246449  5.682657E-17
6096.63584756993  5.779974E-17
6102.15541267537  5.550469E-17
6107.67497778081  5.815644E-17
6113.19454288625  5.746069E-17
6118.71410799169  5.359991E-17
6124.23367309713  5.890472E-17
6129.75323820257  5.524691E-17
6135.27280330801  5.974408E-17
6140.79236841345  5.800233E-17
6146.31193351889  5.814122E-17
6151.83149862433  5.815014E-17
6157.35106372977  5.572487E-17
6162.87062883521  5.409087E-17
6168.39019394065  5.624990E-17
6173.90975904609  5.800164E-17
6179.42932415153  5.450863E-17
6184.94888925697  5.986854E-17
6190.46845436241  5.721508E-17
6195.98801946785  6.054255E-17
6201.50758457329  5.743114E-17
6207.02714967873  5.957798E-17
6212.54671478417  5.553276E-17
6218.06627988961  5.699752E-17
6223.58584499505  5.985833E-17
6229.10541010049  5.734644E-17
6234.62497520593  6.000196E-17
6240.14454031137  5.837711E-17
6245.66410541681  5.817981E-17
6251.18367052225  6.074237E-17
6256.70323562769  6.205902E-17
6262.22280073313  6.143390E-17
6267.74236583857  5.695189E-17
6273.26193094401  6.032876E-17
6278.78149604945  6.197183E-17
6284.30106115489  5.822948E-17
6289.82062626033  6.163816E-17
6295.34019136577  6.070544E-17
6300.85975647121  6.131767E-17
6306.37932157665  6.438661E-17
6311.89888668209  6.414767E-17
6317.41845178753  6.130147E-17
6322.93801689297  6.250279E-17
6328.45758199841  6.164688E-17
6333.97714710385  6.037472E-17
6339.49671220929  6.469085E-17
6345.01627731473  6.107033E-17
6350.53584242017  6.523044E-17
6356.05540752561  6.494707E-17
6361.57497263105  6.611493E-17
6367.09453773649  6.974772E-17
6372.61410284193  6.859183E-17
6378.13366794737  6.563117E-17
6383.65323305281  6.984922E-17
6389.17279815825  6.962933E-17
6394.69236326369  6.818062E-17
6400.21192836913  6.625336E-17
6405.73149347457  6.551086E-17
6411.25105858001  7.008143E-17
6416.77062368545  7.015748E-17
6422.29018879089  7.167959E-17
6427.80975389633  7.115757E-17
6433.32931900177  6.753611E-17
6438.84888410721  6.953001E-17
6444.36844921265  7.133745E-17
6449.88801431809  6.798932E-17
6455.40757942353  6.824793E-17
6460.92714452897  6.847981E-17
6466.44670963441  7.290738E-17
6471.96627473985  7.176166E-17
6477.48583984529  6.653638E-17
6483.00540495073  6.795937E-17
6488.52497005617  6.974579E-17
6494.04453516161  7.088033E-17
6499.56410026705  7.119551E-17
6505.08366537249  6.965579E-17
6510.60323047793  6.844361E-17
6516.12279558337  6.892683E-17
6521.64236068881  7.310729E-17
6527.16192579425  7.501801E-17
6532.68149089969  6.777580E-17
6538.20105600513  6.608357E-17
6543.72062111057  7.188493E-17
6549.24018621601  6.846425E-17
6554.75975132145  7.196456E-17
6560.27931642689  7.210379E-17
6565.79888153233  6.625338E-17
6571.31844663777  6.548099E-17
6576.83801174321  6.806687E-17
6582.35757684865  6.708611E-17
6587.87714195409  6.602817E-17
6593.39670705953  6.906406E-17
6598.91627216497  6.603167E-17
6604.43583727041  6.571463E-17
6609.95540237585  6.544051E-17
6615.47496748129  6.653280E-17
6620.99453258673  6.408545E-17
6626.51409769217  6.477847E-17
6632.03366279761  6.678220E-17
6637.55322790305  6.649552E-17
6643.07279300849  6.389179E-17
6648.59235811393  6.510369E-17
6654.11192321937  6.405143E-17
6659.63148832481  6.569635E-17
6665.15105343025  6.555621E-17
6670.67061853569  6.376192E-17
6676.19018364113  6.437590E-17
6681.70974874657  6.399165E-17
6687.22931385201  6.273268E-17
6692.74887895745  6.463285E-17
6698.26844406289  6.745751E-17
6703.78800916833  6.420516E-17
6709.30757427377  6.152782E-17
6714.82713937921  6.384160E-17
6720.34670448465  6.490377E-17
6725.86626959009  6.493781E-17
6731.38583469553  6.538304E-17
6736.90539980097  6.792460E-17
6742.42496490641  6.766216E-17
6747.94453001185  6.371956E-17
6753.46409511729  6.488426E-17
6758.98366022273  6.257729E-17
6764.50322532817  6.420584E-17
6770.02279043361  6.331309E-17
6775.54235553905  6.284184E-17
6781.06192064449  6.398506E-17
6786.58148574993  5.980939E-17
6792.10105085537  6.483487E-17
6797.62061596081  6.376600E-17
6803.14018106625  6.325671E-17
6808.65974617169  6.282216E-17
6814.17931127713  6.148692E-17
6819.69887638257  6.264443E-17
6825.21844148801  6.102342E-17
6830.73800659345  6.079997E-17
6836.25757169889  6.211298E-17
6841.77713680433  6.074607E-17
6847.29670190977  5.790792E-17
6852.81626701521  5.905835E-17
6858.33583212065  5.975037E-17
6863.85539722609  5.657946E-17
6869.37496233153  6.098824E-17
6874.89452743697  5.912616E-17
6880.41409254241  5.511083E-17
6885.93365764785  6.407208E-17
6891.45322275329  6.189624E-17
6896.97278785873  5.560197E-17
6902.49235296417  5.813606E-17
6908.01191806961  6.012765E-17
6913.53148317505  5.909720E-17
6919.05104828049  5.966728E-17
6924.57061338593  5.963943E-17
6930.09017849137  5.763484E-17
6935.60974359681  6.348674E-17
6941.12930870225  5.952912E-17
6946.64887380769  5.977408E-17
6952.16843891313  6.196621E-17
6957.68800401857  5.853610E-17
6963.20756912401  5.410420E-17
6968.72713422945  5.600351E-17
6974.24669933489  5.527442E-17
6979.76626444033  5.659469E-17
6985.28582954577  5.726863E-17
6990.80539465121  5.397097E-17
6996.32495975665  5.220173E-17
7001.84452486209  5.166160E-17
7007.36408996753  5.650424E-17
7012.88365507297  5.539846E-17
7018.40322017841  5.612671E-17
7023.92278528385  5.593146E-17
7029.44235038929  5.344567E-17
7034.96191549473  5.623797E-17
7040.48148060017  5.483537E-17
7046.00104570561  5.248197E-17
7051.52061081105  5.153812E-17
7057.04017591649  5.096783E-17
7062.55974102193  5.078445E-17
7068.07930612737  5.018408E-17
7073.59887123281  5.328310E-17
7079.11843633825  5.315247E-17
7084.63800144369  5.428487E-17
7090.15756654913  5.294979E-17
7095.67713165457  5.184297E-17
7101.19669676001  4.947178E-17
7106.71626186545  4.961393E-17
7112.23582697089  5.390799E-17
7117.75539207633  5.004180E-17
7123.27495718177  5.277785E-17
7128.79452228721  4.845508E-17
7134.31408739265  4.687242E-17
7139.83365249809  5.103414E-17
7145.35321760353  5.107261E-17
7150.87278270897  5.063399E-17
7156.39234781441  4.918988E-17
7161.91191291985  4.696079E-17
7167.43147802529  4.972023E-17
7172.95104313073  5.493085E-17
7178.47060823617  5.217244E-17
7183.99017334161  4.919327E-17
7189.50973844705  5.231878E-17
7195.02930355249  5.351088E-17
7200.54886865793  4.822552E-17
7206.06843376337  4.526747E-17
7211.58799886881  5.062413E-17
7217.10756397425  4.932444E-17
7222.62712907969  4.435030E-17
7228.14669418513  4.996661E-17
7233.66625929057  4.857438E-17
7239.18582439601  4.777054E-17
7244.70538950145  4.985663E-17
7250.22495460689  4.721192E-17
7255.74451971233  4.933940E-17
7261.26408481777  4.960164E-17
7266.78364992321  5.294314E-17
7272.30321502865  5.330907E-17
7277.82278013409  5.024273E-17
7283.34234523953  4.592859E-17
7288.86191034497  4.182760E-17
7294.38147545041  4.211828E-17
7299.90104055585  4.770333E-17
7305.42060566129  4.605088E-17
7310.94017076673  4.349668E-17
7316.45973587217  4.259369E-17
7321.97930097761  3.976028E-17
7327.49886608305  4.128687E-17
7333.01843118849  4.492139E-17
7338.53799629393  4.461535E-17
7344.05756139937  3.848147E-17
7349.57712650481  4.025689E-17
7355.09669161025  4.663139E-17
7360.61625671569  4.368324E-17
7366.13582182113  4.415062E-17
7371.65538692657  4.223662E-17
7377.17495203201  4.136657E-17
7382.69451713745  4.622088E-17
7388.21408224289  4.465126E-17
7393.73364734833  4.114169E-17
7399.25321245377  3.955869E-17
7404.77277755921  4.109080E-17
7410.29234266465  4.370979E-17
7415.81190777009  4.304882E-17
7421.33147287553  4.436148E-17
7426.85103798097  4.122695E-17
7432.37060308641  4.240040E-17
7437.89016819185  4.283037E-17
7443.40973329729  4.322749E-17
7448.92929840273  4.324314E-17
7454.44886350817  4.551815E-17
7459.96842861361  3.972828E-17
7465.48799371905  3.812199E-17
7471.00755882449  3.942867E-17
7476.52712392993  3.849990E-17
7482.04668903537  4.208745E-17
7487.56625414081  4.603033E-17
7493.08581924625  4.506031E-17
7498.60538435169  4.078177E-17
7504.12494945713  4.054025E-17
7509.64451456257  4.156651E-17
7515.16407966801  4.172880E-17
7520.68364477345  4.257427E-17
7526.20320987889  4.088026E-17
7531.72277498433  3.823516E-17
7537.24234008977  3.732039E-17
7542.76190519521  3.841604E-17
7548.28147030065  4.071961E-17
7553.80103540609  3.812742E-17
7559.32060051153  3.731865E-17
7564.84016561697  3.632885E-17
7570.35973072241  3.328528E-17
7575.87929582785  3.662215E-17
7581.39886093329  4.200076E-17
7586.91842603873  4.484233E-17
7592.43799114417  5.208382E-17
7597.95755624961  4.842170E-17
7603.47712135505  4.099894E-17
7608.99668646049  3.532387E-17
7614.51625156593  3.415962E-17
7620.03581667137  3.952778E-17
7625.55538177681  3.896951E-17
7631.07494688225  4.091209E-17
7636.59451198769  3.605168E-17
7642.11407709313  3.367931E-17
7647.63364219857  3.551371E-17
7653.15320730401  3.445678E-17
7658.67277240945  3.656442E-17
7664.19233751489  3.313309E-17
7669.71190262033  2.954520E-17
7675.23146772577  3.558679E-17
7680.75103283121  3.212796E-17
7686.27059793665  3.301187E-17
7691.79016304209  3.348966E-17
7697.30972814753  3.294730E-17
7702.82929325297  3.122724E-17
7708.34885835841  3.229568E-17
7713.86842346385  3.601214E-17
7719.38798856929  4.344631E-17
7724.90755367473  3.890626E-17
7730.42711878017  3.753329E-17
7735.94668388561  3.359104E-17
7741.46624899105  3.303736E-17
7746.98581409649  3.628038E-17
7752.50537920193  4.298520E-17
7758.02494430737  4.497680E-17
7763.54450941281  4.027842E-17
7769.06407451825  3.673370E-17
7774.58363962369  3.327851E-17
7780.10320472913  3.092021E-17
7785.62276983457  3.588954E-17
7791.14233494001  4.589917E-17
7796.66190004545  4.592189E-17
7802.18146515089  4.487730E-17
7807.70103025633  3.663526E-17
7813.22059536177  3.506317E-17
7818.74016046721  3.467719E-17
7824.25972557265  3.961958E-17
7829.77929067809  3.993174E-17
7835.29885578353  4.193820E-17
7840.81842088897  3.885367E-17
7846.33798599441  3.412684E-17
7851.85755109985  3.811358E-17
7857.37711620529  3.752873E-17
7862.89668131073  4.523006E-17
7868.41624641617  4.161536E-17
7873.93581152161  3.971173E-17
7879.45537662705  3.830490E-17
7884.97494173249  3.761660E-17
7890.49450683793  3.931440E-17
7896.01407194337  4.070106E-17
7901.53363704881  4.020405E-17
7907.05320215425  3.643840E-17
7912.57276725969  3.700740E-17
7918.09233236513  3.966761E-17
7923.61189747057  4.385570E-17
7929.13146257601  3.805476E-17
7934.65102768145  4.443477E-17
7940.17059278689  4.215037E-17
7945.69015789233  3.849337E-17
7951.20972299777  4.165765E-17
7956.72928810321  4.290541E-17
7962.24885320865  4.669895E-17
7967.76841831409  4.728795E-17
7973.28798341953  4.484458E-17
7978.80754852497  4.299693E-17
7984.32711363041  4.177538E-17
7989.84667873585  4.180565E-17
7995.36624384129  4.019951E-17
8000.88580894673  4.425925E-17
8006.40537405217  4.538629E-17
8011.92493915761  4.314363E-17
8017.44450426305  3.973302E-17
8022.96406936849  4.016420E-17
8028.48363447393  4.062624E-17
8034.00319957937  4.310510E-17
8039.52276468481  4.470778E-17
8045.04232979025  4.642653E-17
8050.56189489569  4.193466E-17
8056.08146000113  3.919348E-17
8061.60102510657  4.306779E-17
8067.12059021201  3.786414E-17
8072.64015531745  4.214508E-17
8078.15972042289  4.067070E-17
8083.67928552833  4.592761E-17
8089.19885063377  4.298728E-17
8094.71841573921  3.997911E-17
8100.23798084465  4.377247E-17
8105.75754595009  4.187339E-17
8111.27711105553  4.386858E-17
8116.79667616097  4.193147E-17
8122.31624126641  4.340391E-17
8127.83580637185  4.522301E-17
8133.35537147729  3.590862E-17
8138.87493658273  4.166629E-17
8144.39450168817  4.570096E-17
8149.91406679361  4.700323E-17
8155.43363189905  4.789039E-17
8160.95319700449  4.147483E-17
8166.47276210993  3.688059E-17
8171.99232721537  3.902837E-17
8177.51189232081  3.886672E-17
8183.03145742625  4.218884E-17
8188.55102253169  4.498954E-17
8194.07058763713  4.597906E-17
8199.59015274257  4.262878E-17
8205.10971784801  3.504460E-17
8210.62928295345  3.876329E-17
8216.14884805889  4.445398E-17
8221.66841316433  4.376793E-17
8227.18797826977  4.460540E-17
8232.70754337521  4.002086E-17
8238.22710848065  3.980365E-17
8243.74667358609  3.780131E-17
8249.26623869153  3.999241E-17
8254.78580379697  4.176490E-17
8260.30536890241  4.093215E-17
8265.82493400785  4.129401E-17
8271.34449911329  4.063462E-17
8276.86406421873  3.583716E-17
8282.38362932417  4.322764E-17
8287.90319442961  3.938392E-17
8293.42275953505  4.876109E-17
8298.94232464049  4.614083E-17
8304.46188974593  4.038495E-17
8309.98145485137  3.530429E-17
8315.50101995681  3.460153E-17
8321.02058506225  3.559663E-17
8326.54015016769  3.150265E-17
8332.05971527313  4.004094E-17
8337.57928037857  4.046476E-17
8343.09884548401  2.930033E-17
8348.61841058945  3.410041E-17
8354.13797569489  3.099026E-17
8359.65754080033  3.017260E-17
8365.17710590577  3.566638E-17
8370.69667101121  3.626853E-17
8376.21623611665  4.093569E-17
8381.73580122209  3.634987E-17
8387.25536632753  3.285546E-17
8392.77493143297  2.952438E-17
8398.29449653841  3.608223E-17
8403.81406164385  3.967632E-17
8409.33362674929  3.656700E-17
8414.85319185473  3.224674E-17
8420.37275696017  3.299399E-17
8425.89232206561  3.319119E-17
8431.41188717105  3.194272E-17
8436.93145227649  3.655733E-17
8442.45101738193  4.002620E-17
8447.97058248737  3.963579E-17
8453.49014759281  3.473426E-17
8459.00971269825  3.145776E-17
8464.52927780369  3.261593E-17
8470.04884290913  3.505538E-17
8475.56840801457  3.599461E-17
8481.08797312001  3.499020E-17
8486.60753822545  3.753304E-17
8492.12710333089  3.628514E-17
8497.64666843633  3.297122E-17
8503.16623354177  2.986907E-17
8508.68579864721  2.715948E-17
8514.20536375265  3.090285E-17
8519.72492885809  3.166434E-17
8525.24449396353  3.417581E-17
8530.76405906897  3.171923E-17
8536.28362417441  2.979850E-17
8541.80318927985  2.689427E-17
8547.32275438529  3.360395E-17
8552.84231949073  2.921914E-17
8558.36188459617  3.444905E-17
8563.88144970161  3.337438E-17
8569.40101480705  2.924273E-17
8574.92057991249  3.156883E-17
8580.44014501793  3.192534E-17
8585.95971012337  3.292474E-17
8591.47927522881  3.513204E-17
8596.99884033425  3.463617E-17
8602.51840543969  2.657171E-17
8608.03797054513  2.185945E-17
8613.55753565057  2.550482E-17
8619.07710075601  2.860731E-17
8624.59666586145  3.208507E-17
8630.11623096689  3.420091E-17
8635.63579607233  3.354761E-17
8641.15536117777  3.399029E-17
8646.67492628321  2.913029E-17
8652.19449138865  2.765708E-17
8657.71405649409  2.955765E-17
8663.23362159953  3.008629E-17
8668.75318670497  3.593919E-17
8674.27275181041  3.486940E-17
8679.79231691585  3.607363E-17
8685.31188202129  3.454554E-17
8690.83144712673  3.482700E-17
8696.35101223217  3.606629E-17
8701.87057733761  2.863711E-17
8707.39014244305  2.692150E-17
8712.90970754849  2.627752E-17
8718.42927265393  3.350828E-17
8723.94883775937  2.720544E-17
8729.46840286481  2.901828E-17
8734.98796797025  2.811100E-17
8740.50753307569  3.330563E-17
8746.02709818113  3.389258E-17
8751.54666328657  3.434044E-17
8757.06622839201  3.283455E-17
8762.58579349745  3.442802E-17
8768.10535860289  3.255846E-17
8773.62492370833  2.090248E-17
8779.14448881377  2.814331E-17
8784.66405391921  3.387152E-17
8790.18361902465  3.543461E-17
8795.70318413009  2.935149E-17
8801.22274923553  2.451429E-17
8806.74231434097  2.562554E-17
8812.26187944641  2.889082E-17
8817.78144455185  3.129999E-17
8823.30100965729  3.658977E-17
8828.82057476273  4.812374E-17
8834.34013986817  3.361931E-17
8839.85970497361  2.723253E-17
8845.37927007905  3.427767E-17
8850.89883518449  2.936056E-17
8856.41840028993  3.707499E-17
8861.93796539537  4.076617E-17
8867.45753050081  2.114312E-17
8872.97709560625  2.974372E-17
8878.49666071169  2.106743E-17
8884.01622581713  1.270166E-17
8889.53579092257  2.538969E-17
8895.05535602801  3.192867E-17
8900.57492113345  3.479194E-17
8906.09448623889  2.894802E-17
8911.61405134433  1.483698E-17
8917.13361644977  2.589455E-17
8922.65318155521  3.740042E-17
8928.17274666065  2.281608E-17
8933.69231176609  2.743682E-17
8939.21187687153  3.233750E-17
8944.73144197697  3.471781E-17
8950.25100708241  2.290818E-17
8955.77057218785  1.953250E-17
8961.29013729329  2.870502E-17
8966.80970239873  3.637784E-17
8972.32926750417  3.386575E-17
8977.84883260961  3.047581E-17
8983.36839771505  2.850109E-17
8988.88796282049  2.148402E-17
8994.40752792593  2.851559E-17
8999.92709303137  3.674031E-17
9005.44665813681  2.868353E-17
9010.96622324225  2.048663E-17
9016.48578834769  2.471636E-17
9022.00535345313  3.264454E-17
9027.52491855857  2.761523E-17
9033.04448366401  2.624767E-17
9038.56404876945  3.082330E-17
9044.08361387489  3.154471E-17
9049.60317898033  2.600903E-17
9055.12274408577  2.887979E-17
9060.64230919121  3.299728E-17
9066.16187429665  2.942834E-17
9071.68143940209  2.555484E-17
9077.20100450753  2.655771E-17
9082.72056961297  2.669790E-17
9088.24013471841  2.380397E-17
9093.75969982385  2.857952E-17
9099.27926492929  2.815182E-17
9104.79883003473  3.056227E-17
9110.31839514017  2.755217E-17
9115.83796024561  2.632287E-17
9121.35752535105  2.684375E-17
9126.87709045649  2.890731E-17
9132.39665556193  2.907220E-17
9137.91622066737  2.702783E-17
9143.43578577281  2.284049E-17
9148.95535087825  2.346489E-17
9154.47491598369  2.756052E-17
9159.99448108913  3.013365E-17
9165.51404619457  2.848444E-17
9171.03361130001  2.774484E-17
9176.55317640545  2.789970E-17
9182.07274151089  2.294193E-17
9187.59230661633  2.141611E-17
9193.11187172177  1.908451E-17
9198.63143682721  2.261952E-17
9204.15100193265  2.994073E-17
9209.67056703809  3.035648E-17
9215.19013214353  1.657299E-17
9220.70969724897  1.726246E-17
9226.22926235441  3.178552E-17
9231.74882745985  2.516738E-17
9237.26839256529  1.987619E-17
9242.78795767073  2.892918E-17
9248.30752277617  0.
