6010.99707031001  7.826271E-17
6015.20365380992  7.608870E-17
6019.41023730983  7.648850E-17
6023.61682080974  8.887245E-17
6027.82340430965  9.049675E-17
6032.02998780956  7.526537E-17
6036.23657130947  7.676886E-17
6040.44315480938  7.694165E-17
6044.64973830928  8.056173E-17
6048.8563218092  7.481264E-17
6053.06290530911  7.734321E-17
6057.26948880902  7.932352E-17
6061.47607230893  6.836703E-17
6065.68265580884  7.339513E-17
6069.88923930875  7.100667E-17
6074.09582280866  6.707843E-17
6078.30240630856  7.506096E-17
6082.50898980848  7.553279E-17
6086.71557330839  7.739978E-17
6090.92215680829  6.795686E-17
6095.12874030821  7.236760E-17
6099.33532380812  7.524276E-17
6103.54190730802  7.710146E-17
6107.74849080794  7.108408E-17
6111.95507430785  7.617113E-17
6116.16165780776  7.007832E-17
6120.36824130766  7.970664E-17
6124.57482480758  7.495782E-17
6128.78140830749  6.714370E-17
6132.9879918074  7.980988E-17
6137.19457530731  7.433189E-17
6141.40115880721  8.080871E-17
6145.60774230713  7.832031E-17
6149.81432580704  7.583739E-17
6154.02090930695  6.706813E-17
6158.22749280686  7.485423E-17
6162.43407630676  8.064302E-17
6166.64065980668  6.949064E-17
6170.84724330659  7.297412E-17
6175.0538268065  7.123071E-17
6179.26041030641  6.823760E-17
6183.46699380632  6.521405E-17
6187.67357730623  6.661808E-17
6191.88016080613  7.769884E-17
6196.08674430605  6.989298E-17
6200.29332780596  7.196745E-17
6204.49991130587  7.113015E-17
6208.70649480578  6.928019E-17
6212.91307830569  6.799619E-17
6217.1196618056  6.892364E-17
6221.32624530551  6.845662E-17
6225.53282880542  6.744864E-17
6229.73941230533  7.435952E-17
6233.94599580524  7.840330E-17
6238.15257930515  7.551588E-17
6242.35916280506  7.340041E-17
6246.56574630497  7.729763E-17
6250.77232980487  7.693516E-17
6254.97891330479  7.382837E-17
6259.1854968047  7.045024E-17
6263.3920803046  7.083044E-17
6267.59866380452  7.563130E-17
6271.80524730443  7.361336E-17
6276.01183080434  7.147726E-17
6280.21841430425  7.827452E-17
6284.42499780416  7.974062E-17
6288.63158130407  8.700554E-17
6292.83816480397  8.525495E-17
6297.04474830389  7.245758E-17
6301.2513318038  8.185860E-17
6305.45791530371  7.897239E-17
6309.66449880362  6.970863E-17
6313.87108230353  7.543362E-17
6318.07766580344  7.380338E-17
6322.28424930335  8.232175E-17
6326.49083280325  7.384918E-17
6330.69741630317  7.226745E-17
6334.90399980308  6.777845E-17
6339.11058330299  8.235596E-17
6343.3171668029  8.007077E-17
6347.52375030281  8.410289E-17
6351.73033380272  7.330481E-17
6355.93691730263  7.524098E-17
6360.14350080253  8.181558E-17
6364.35008430245  8.061794E-17
6368.55666780236  7.355158E-17
6372.76325130227  8.121589E-17
6376.96983480218  8.522213E-17
6381.17641830209  7.839500E-17
6385.383001802  8.032062E-17
6389.58958530191  8.856817E-17
6393.79616880182  7.925526E-17
6398.00275230173  7.524785E-17
6402.20933580163  8.060284E-17
6406.41591930155  7.852050E-17
6410.62250280146  7.634196E-17
6414.82908630137  7.652808E-17
6419.03566980128  7.873852E-17
6423.24225330118  7.099563E-17
6427.4488368011  8.129554E-17
6431.65542030101  8.746010E-17
6435.86200380092  7.644636E-17
6440.06858730083  7.942960E-17
6444.27517080074  8.228597E-17
6448.48175430065  8.477114E-17
6452.68833780056  7.855290E-17
6456.89492130047  8.010927E-17
6461.10150480038  8.055610E-17
6465.30808830029  8.269309E-17
6469.5146718002  8.105330E-17
6473.72125530011  7.402583E-17
6477.92783880002  7.965340E-17
6482.13442229993  7.932039E-17
6486.34100579984  8.341749E-17
6490.54758929975  8.227428E-17
6494.75417279966  7.799092E-17
6498.96075629956  8.368510E-17
6503.16733979948  8.328416E-17
6507.37392329939  8.497965E-17
6511.5805067993  7.747247E-17
6515.78709029921  7.455479E-17
6519.99367379912  7.258002E-17
6524.20025729903  6.635368E-17
6528.40684079894  7.483739E-17
6532.61342429884  7.252598E-17
6536.82000779876  7.448589E-17
6541.02659129867  7.681228E-17
6545.23317479858  8.200184E-17
6549.43975829849  6.893658E-17
6553.6463417984  7.436219E-17
6557.8529252983  7.838922E-17
6562.05950879822  7.844009E-17
6566.26609229813  7.889516E-17
6570.47267579804  7.467241E-17
6574.67925929795  7.626180E-17
6578.88584279786  7.816509E-17
6583.09242629777  7.435489E-17
6587.29900979768  7.309798E-17
6591.50559329759  6.990698E-17
6595.7121767975  7.921736E-17
6599.9187602974  7.419916E-17
6604.12534379732  8.039204E-17
6608.33192729723  7.599353E-17
6612.53851079714  7.331275E-17
6616.74509429705  7.296110E-17
6620.95167779696  7.019344E-17
6625.15826129687  6.801997E-17
6629.36484479678  6.706412E-17
6633.57142829669  6.516712E-17
6637.7780117966  6.724274E-17
6641.98459529651  7.222880E-17
6646.19117879642  6.788928E-17
6650.39776229633  6.671472E-17
6654.60434579624  6.748114E-17
6658.81092929615  6.608691E-17
6663.01751279606  6.552356E-17
6667.22409629597  7.163575E-17
6671.43067979588  7.212814E-17
6675.63726329579  7.678428E-17
6679.8438467957  6.846594E-17
6684.05043029561  7.095025E-17
6688.25701379552  7.261312E-17
6692.46359729543  7.511393E-17
6696.67018079534  7.259047E-17
6700.87676429525  6.835056E-17
6705.08334779516  6.821312E-17
6709.28993129507  7.019779E-17
6713.49651479498  6.963021E-17
6717.70309829489  7.633421E-17
6721.9096817948  6.854450E-17
6726.11626529471  6.904275E-17
6730.32284879462  6.544029E-17
6734.52943229453  7.276067E-17
6738.73601579444  7.099054E-17
6742.94259929435  7.379859E-17
6747.14918279426  6.804337E-17
6751.35576629417  7.189111E-17
6755.56234979408  7.535577E-17
6759.76893329399  6.595746E-17
6763.9755167939  6.699010E-17
6768.18210029381  6.198221E-17
6772.38868379372  6.475304E-17
6776.59526729363  6.185491E-17
6780.80185079354  6.460206E-17
6785.00843429345  6.664994E-17
6789.21501779336  6.436029E-17
6793.42160129327  6.382729E-17
6797.62818479318  6.530126E-17
6801.83476829309  6.687412E-17
6806.041351793  6.375147E-17
6810.24793529291  6.368929E-17
6814.45451879282  5.808849E-17
6818.66110229273  5.908526E-17
6822.86768579264  7.030007E-17
6827.07426929255  6.524017E-17
6831.28085279246  6.102948E-17
6835.48743629237  6.149224E-17
6839.69401979228  6.176766E-17
6843.90060329219  6.296852E-17
6848.1071867921  6.056145E-17
6852.31377029201  7.055593E-17
6856.52035379192  6.146438E-17
6860.72693729183  6.137347E-17
6864.93352079174  5.821035E-17
6869.14010429165  6.131927E-17
6873.34668779156  6.546258E-17
6877.55327129147  5.891460E-17
6881.75985479138  6.864654E-17
6885.96643829129  6.731587E-17
6890.1730217912  6.280294E-17
6894.37960529111  6.615785E-17
6898.58618879102  6.238021E-17
6902.79277229093  6.882515E-17
6906.99935579084  6.601496E-17
6911.20593929075  5.542241E-17
6915.41252279066  6.049247E-17
6919.61910629057  5.828648E-17
6923.82568979048  6.672388E-17
6928.03227329039  6.438923E-17
6932.2388567903  6.008213E-17
6936.44544029021  5.665317E-17
6940.65202379012  6.474003E-17
6944.85860729003  6.263095E-17
6949.06519078994  6.375566E-17
6953.27177428985  6.416408E-17
6957.47835778976  6.033707E-17
6961.68494128967  5.837247E-17
6965.89152478957  5.937170E-17
6970.09810828949  6.021843E-17
6974.3046917894  5.856518E-17
6978.51127528931  5.352577E-17
6982.71785878922  5.861206E-17
6986.92444228913  5.718945E-17
6991.13102578904  6.060492E-17
6995.33760928895  5.688454E-17
6999.54419278886  5.421952E-17
7003.75077628877  5.699924E-17
7007.95735978868  5.923198E-17
7012.16394328859  6.043930E-17
7016.3705267885  5.460930E-17
7020.57711028841  5.766839E-17
7024.78369378832  5.309818E-17
7028.99027728823  5.499531E-17
7033.19686078814  5.612459E-17
7037.40344428805  6.073370E-17
7041.61002778796  5.652899E-17
7045.81661128787  5.744107E-17
7050.02319478778  5.373965E-17
7054.22977828769  5.823897E-17
7058.4363617876  5.629493E-17
7062.64294528751  5.766363E-17
7066.84952878742  5.834960E-17
7071.05611228733  5.504409E-17
7075.26269578724  5.902089E-17
7079.46927928715  5.675083E-17
7083.67586278706  4.714832E-17
7087.88244628697  5.210011E-17
7092.08902978688  5.973782E-17
7096.29561328679  5.446187E-17
7100.5021967867  5.697089E-17
7104.70878028661  5.576089E-17
7108.91536378652  5.842931E-17
7113.12194728643  5.947624E-17
7117.32853078634  6.076561E-17
7121.53511428625  5.882810E-17
7125.74169778616  5.995269E-17
7129.94828128607  5.574080E-17
7134.15486478598  5.740638E-17
7138.36144828589  5.800415E-17
7142.5680317858  5.506067E-17
7146.77461528571  5.285355E-17
7150.98119878562  5.361198E-17
7155.18778228553  5.234682E-17
7159.39436578544  5.552476E-17
7163.60094928535  6.072189E-17
7167.80753278526  5.428088E-17
7172.01411628517  5.798620E-17
7176.22069978508  5.744827E-17
7180.42728328499  5.182665E-17
7184.6338667849  5.565936E-17
7188.84045028481  5.798562E-17
7193.04703378472  5.266095E-17
7197.25361728463  5.392617E-17
7201.46020078454  5.686609E-17
7205.66678428445  5.285893E-17
7209.87336778436  5.360704E-17
7214.07995128427  4.998215E-17
7218.28653478418  5.433143E-17
7222.49311828409  5.186703E-17
7226.699701784  4.962295E-17
7230.90628528391  5.212804E-17
7235.11286878382  5.715645E-17
7239.31945228373  5.642308E-17
7243.52603578364  5.708326E-17
7247.73261928355  5.650224E-17
7251.93920278346  5.103804E-17
7256.14578628337  5.171111E-17
7260.35236978328  5.449423E-17
7264.55895328319  5.307564E-17
7268.7655367831  6.501341E-17
7272.97212028301  5.335837E-17
7277.17870378292  5.250155E-17
7281.38528728283  5.496125E-17
7285.59187078274  5.068714E-17
7289.79845428265  5.611482E-17
7294.00503778256  5.265654E-17
7298.21162128247  5.991826E-17
7302.41820478238  5.338525E-17
7306.62478828229  5.784774E-17
7310.8313717822  5.445148E-17
7315.03795528211  4.738087E-17
7319.24453878202  4.302788E-17
7323.45112228193  4.447853E-17
7327.65770578184  5.786796E-17
7331.86428928175  5.700468E-17
7336.07087278166  5.185173E-17
7340.27745628157  5.313226E-17
7344.48403978148  4.762548E-17
7348.69062328139  4.156814E-17
7352.8972067813  4.505631E-17
7357.10379028121  4.218373E-17
7361.31037378112  4.944297E-17
7365.51695728103  5.509975E-17
7369.72354078094  5.505957E-17
7373.93012428085  4.745796E-17
7378.13670778076  4.655198E-17
7382.34329128067  4.603309E-17
7386.54987478058  4.691228E-17
7390.75645828049  4.566102E-17
7394.9630417804  5.484568E-17
7399.16962528031  5.173096E-17
7403.37620878022  4.618071E-17
7407.58279228013  4.619831E-17
7411.78937578004  4.736702E-17
7415.99595927995  4.456334E-17
7420.20254277986  4.858673E-17
7424.40912627977  4.906913E-17
7428.61570977968  4.229633E-17
7432.82229327959  4.953050E-17
7437.0288767795  4.945388E-17
7441.23546027941  4.022591E-17
7445.44204377932  4.598020E-17
7449.64862727923  4.917040E-17
7453.85521077914  3.987933E-17
7458.06179427905  4.066099E-17
7462.26837777896  4.205876E-17
7466.47496127887  4.786462E-17
7470.68154477878  5.196811E-17
7474.88812827869  5.107585E-17
7479.0947117786  4.349301E-17
7483.30129527851  4.243863E-17
7487.50787877842  4.039256E-17
7491.71446227833  3.917588E-17
7495.92104577824  4.347737E-17
7500.12762927815  4.899611E-17
7504.33421277806  4.673384E-17
7508.54079627797  4.488594E-17
7512.74737977788  3.713199E-17
7516.95396327779  3.347244E-17
7521.1605467777  2.772188E-17
7525.36713027761  3.729371E-17
7529.57371377752  4.092090E-17
7533.78029727743  4.631567E-17
7537.98688077734  4.810153E-17
7542.19346427725  4.193512E-17
7546.40004777716  4.952834E-17
7550.60663127707  4.039850E-17
7554.81321477698  3.398018E-17
7559.01979827689  3.865431E-17
7563.2263817768  3.582165E-17
7567.43296527671  3.872129E-17
7571.63954877662  4.075586E-17
7575.84613227653  3.677224E-17
7580.05271577644  3.462345E-17
7584.25929927635  4.170993E-17
7588.46588277626  3.397509E-17
7592.67246627617  3.471522E-17
7596.87904977608  3.630086E-17
7601.08563327599  3.790960E-17
7605.2922167759  4.128378E-17
7609.49880027581  5.339698E-17
7613.70538377572  4.681357E-17
7617.91196727563  3.756421E-17
7622.11855077554  3.828223E-17
7626.32513427545  3.969486E-17
7630.53171777536  3.937020E-17
7634.73830127527  3.492716E-17
7638.94488477518  4.208007E-17
7643.15146827509  3.563654E-17
7647.358051775  4.567412E-17
7651.56463527491  4.456032E-17
7655.77121877482  4.523053E-17
7659.97780227473  5.155534E-17
7664.18438577464  3.774480E-17
7668.39096927455  3.053791E-17
7672.59755277446  3.714718E-17
7676.80413627437  3.442472E-17
7681.01071977428  4.821202E-17
7685.21730327419  3.947326E-17
7689.4238867741  4.642008E-17
7693.63047027401  4.421056E-17
7697.83705377392  3.245140E-17
7702.04363727383  1.427704E-17
7706.25022077374  1.263605E-17
7710.45680427365  2.614119E-17
7714.66338777356  2.420721E-17
7718.86997127347  2.618087E-17
7723.07655477338  4.374400E-17
7727.28313827329  4.155290E-17
7731.4897217732  3.192425E-17
7735.69630527311  2.670188E-17
7739.90288877302  2.065387E-17
7744.10947227293  2.792341E-17
7748.31605577284  3.372932E-17
7752.52263927275  4.701091E-17
7756.72922277266  3.934884E-17
7760.93580627257  4.654725E-17
7765.14238977248  4.372581E-17
7769.34897327239  3.697961E-17
7773.5555567723  3.347985E-17
7777.76214027221  3.400522E-17
7781.96872377212  4.354635E-17
7786.17530727203  5.233506E-17
7790.38189077194  5.786310E-17
7794.58847427185  5.969682E-17
7798.79505777176  4.390349E-17
7803.00164127167  3.933915E-17
7807.20822477158  2.264096E-17
7811.41480827149  2.828284E-17
7815.6213917714  3.501524E-17
7819.82797527131  4.843883E-17
7824.03455877122  5.500717E-17
7828.24114227113  4.235280E-17
7832.44772577104  3.490318E-17
7836.65430927095  2.809924E-17
7840.86089277086  1.836989E-17
7845.06747627077  1.683666E-17
7849.27405977068  3.163775E-17
7853.48064327059  5.313486E-17
7857.6872267705  5.170226E-17
7861.89381027041  5.501435E-17
7866.10039377032  3.116242E-17
7870.30697727023  3.012183E-17
7874.51356077014  2.899559E-17
7878.72014427005  3.762737E-17
7882.92672776996  4.480618E-17
7887.13331126987  5.405311E-17
7891.33989476978  5.668837E-17
7895.54647826969  4.263036E-17
7899.7530617696  2.614316E-17
7903.95964526951  1.820175E-17
7908.16622876942  2.756716E-17
7912.37281226933  3.790173E-17
7916.57939576924  4.719144E-17
7920.78597926915  4.947940E-17
7924.99256276906  4.354226E-17
7929.19914626897  3.624049E-17
7933.40572976888  3.609204E-17
7937.61231326879  4.294929E-17
7941.8188967687  4.843218E-17
7946.02548026861  5.031510E-17
7950.23206376852  4.626356E-17
7954.43864726843  3.490002E-17
7958.64523076834  2.516317E-17
7962.85181426825  2.526503E-17
7967.05839776816  3.280313E-17
7971.26498126807  3.777321E-17
7975.47156476798  4.336965E-17
7979.67814826789  4.624226E-17
7983.8847317678  3.495889E-17
7988.09131526771  3.528606E-17
7992.29789876762  4.180090E-17
7996.50448226753  3.924566E-17
8000.71106576744  3.750236E-17
8004.91764926735  4.073048E-17
8009.12423276726  4.977991E-17
8013.33081626717  4.700191E-17
8017.53739976708  5.362528E-17
8021.74398326699  5.481612E-17
8025.9505667669  4.855009E-17
8030.15715026681  4.867971E-17
8034.36373376672  3.895562E-17
8038.57031726663  3.618317E-17
8042.77690076654  4.491619E-17
8046.98348426645  4.491399E-17
8051.19006776636  5.061775E-17
8055.39665126627  4.946302E-17
8059.60323476618  4.840768E-17
8063.80981826609  4.614229E-17
8068.016401766  4.522538E-17
8072.22298526591  4.291733E-17
8076.42956876582  3.524050E-17
8080.63615226573  3.459315E-17
8084.84273576564  3.918651E-17
8089.04931926555  4.383045E-17
8093.25590276546  4.561343E-17
8097.46248626537  4.604391E-17
8101.66906976528  4.416801E-17
8105.87565326519  4.452820E-17
8110.0822367651  3.986354E-17
8114.28882026501  3.665703E-17
8118.49540376492  3.391274E-17
8122.70198726483  3.326804E-17
8126.90857076474  4.734912E-17
8131.11515426465  3.612162E-17
8135.32173776456  5.057090E-17
8139.52832126447  5.911338E-17
8143.73490476438  4.839865E-17
8147.94148826429  4.701544E-17
8152.1480717642  4.634962E-17
8156.35465526411  3.707248E-17
8160.56123876402  4.413642E-17
8164.76782226393  3.508849E-17
8168.97440576384  3.848860E-17
8173.18098926375  3.953795E-17
8177.38757276366  4.579617E-17
8181.59415626357  4.971327E-17
8185.80073976348  4.383648E-17
8190.00732326339  4.541551E-17
8194.2139067633  4.131665E-17
8198.42049026321  3.949502E-17
8202.62707376312  3.938209E-17
8206.83365726303  3.869030E-17
8211.04024076294  3.636444E-17
8215.24682426285  4.106081E-17
8219.45340776276  4.473438E-17
8223.65999126267  4.659900E-17
8227.86657476258  4.646965E-17
8232.07315826249  3.618941E-17
8236.2797417624  3.508202E-17
8240.48632526231  3.717574E-17
8244.69290876222  4.133711E-17
8248.89949226213  4.095157E-17
8253.10607576204  3.755509E-17
8257.31265926195  4.135490E-17
8261.51924276186  4.103856E-17
8265.72582626177  4.672400E-17
8269.93240976168  4.289375E-17
8274.13899326159  4.425136E-17
8278.3455767615  3.476896E-17
8282.55216026141  3.184539E-17
8286.75874376132  3.990195E-17
8290.96532726123  4.738863E-17
8295.17191076114  4.439618E-17
8299.37849426105  4.065206E-17
8303.58507776096  4.229153E-17
8307.79166126087  3.185313E-17
8311.99824476078  3.560683E-17
8316.20482826069  3.967546E-17
8320.4114117606  3.507645E-17
8324.61799526051  3.412559E-17
8328.82457876042  3.910365E-17
8333.03116226033  2.946775E-17
8337.23774576024  1.863823E-17
8341.44432926015  3.764338E-17
8345.65091276006  4.004455E-17
8349.85749625997  4.547286E-17
8354.06407975988  4.007531E-17
8358.27066325979  3.880267E-17
8362.4772467597  3.907686E-17
8366.68383025961  3.631465E-17
8370.89041375952  3.706805E-17
8375.09699725943  3.575192E-17
8379.30358075934  4.283033E-17
8383.51016425925  3.074563E-17
8387.71674775916  4.130098E-17
8391.92333125907  3.441609E-17
8396.12991475898  2.980576E-17
8400.33649825889  4.696267E-17
8404.5430817588  4.895527E-17
8408.74966525871  3.374732E-17
8412.95624875862  3.386242E-17
8417.16283225853  3.329325E-17
8421.36941575844  3.474873E-17
8425.57599925835  3.165824E-17
8429.78258275826  2.478369E-17
8433.98916625817  3.379454E-17
8438.19574975808  4.136979E-17
8442.40233325799  3.658420E-17
8446.6089167579  3.310217E-17
8450.81550025781  3.198185E-17
8455.02208375772  3.128132E-17
8459.22866725763  3.269309E-17
8463.43525075754  2.364801E-17
8467.64183425745  2.450098E-17
8471.84841775736  3.094787E-17
8476.05500125727  3.527602E-17
8480.26158475718  3.641796E-17
8484.46816825709  3.798764E-17
8488.674751757  3.545497E-17
8492.88133525691  4.159804E-17
8497.08791875682  3.021039E-17
8501.29450225673  4.312841E-17
8505.50108575664  4.213447E-17
8509.70766925655  3.742136E-17
8513.91425275646  4.103309E-17
8518.12083625637  4.064571E-17
8522.32741975628  4.064550E-17
8526.53400325619  4.304107E-17
8530.7405867561  3.979472E-17
8534.94717025601  4.690019E-17
8539.15375375592  3.690213E-17
8543.36033725583  4.590272E-17
8547.56692075574  2.989586E-17
8551.77350425565  2.905556E-17
8555.98008775556  2.766480E-17
8560.18667125547  2.879937E-17
8564.39325475538  2.706528E-17
8568.59983825529  2.561554E-17
8572.8064217552  3.908234E-17
8577.01300525511  4.095485E-17
8581.21958875502  4.231282E-17
8585.42617225493  4.833150E-17
8589.63275575484  3.636512E-17
8593.83933925475  2.891957E-17
8598.04592275466  3.169826E-17
8602.25250625457  2.432536E-17
8606.45908975448  1.609426E-17
8610.66567325439  2.900653E-17
8614.8722567543  5.020079E-17
8619.07884025421  6.582721E-17
8623.28542375412  8.690564E-17
8627.49200725403  7.342051E-17
8631.69859075394  6.060620E-17
8635.90517425385  4.520961E-17
8640.11175775376  1.575733E-17
8644.31834125367  6.788965E-18
8648.52492475358  -2.325165E-18
8652.73150825349  -4.884104E-18
8656.9380917534  2.451594E-17
8661.14467525331  4.157686E-17
8665.35125875322  5.052539E-17
8669.55784225313  6.083763E-17
8673.76442575304  5.751854E-17
8677.97100925295  4.042416E-17
8682.17759275286  4.267339E-17
8686.38417625277  1.665755E-17
8690.59075975268  1.851484E-17
8694.79734325259  2.833989E-17
8699.0039267525  2.126672E-17
8703.21051025241  3.920329E-17
8707.41709375232  3.882042E-17
8711.62367725223  3.488421E-17
8715.83026075214  4.760204E-17
8720.03684425205  3.935204E-17
8724.24342775196  3.532464E-17
8728.45001125187  2.560266E-17
8732.65659475178  2.506472E-17
8736.86317825169  3.567866E-17
8741.0697617516  3.058357E-17
8745.27634525151  5.005922E-17
8749.48292875142  9.553607E-17
8753.68951225133  9.960591E-17
8757.89609575124  7.553371E-17
8762.10267925115  5.031449E-17
8766.30926275106  1.134103E-17
8770.51584625097  -2.018782E-18
8774.72242975088  2.255452E-18
8778.92901325079  1.849486E-17
8783.1355967507  2.736924E-17
8787.34218025061  2.726774E-17
8791.54876375052  3.453134E-17
8795.75534725043  4.189097E-17
8799.96193075034  3.303006E-17
8804.16851425025  2.183683E-17
8808.37509775016  1.758163E-17
8812.58168125007  -1.176893E-17
8816.78826474998  -2.987260E-17
8820.99484824989  -2.665911E-17
8825.2014317498  -2.682180E-17
8829.40801524971  -1.721723E-19
8833.61459874962  1.546488E-17
8837.82118224953  3.424852E-17
8842.02776574944  3.561490E-17
8846.23434924935  2.758960E-17
8850.44093274926  3.704806E-17
8854.64751624917  2.273492E-17
8858.85409974908  2.393168E-17
8863.06068324899  1.349650E-17
8867.2672667489  1.890235E-17
8871.47385024881  3.407584E-17
8875.68043374872  4.345572E-17
8879.88701724863  4.899392E-17
8884.09360074854  4.717401E-17
8888.30018424845  5.807492E-17
8892.50676774836  4.241065E-17
8896.71335124827  3.121428E-17
8900.91993474818  3.549355E-17
8905.12651824809  6.013166E-18
8909.333101748  -1.396060E-17
8913.53968524791  -1.780794E-17
8917.74626874782  -3.008879E-18
8921.95285224773  4.847255E-18
8926.15943574764  2.291656E-17
8930.36601924755  3.584695E-17
8934.57260274746  4.862072E-17
8938.77918624737  4.338068E-17
8942.98576974728  4.564688E-17
8947.19235324719  5.090109E-17
8951.3989367471  3.071102E-17
8955.60552024701  2.594613E-17
8959.81210374692  2.828922E-17
8964.01868724683  2.641047E-17
8968.22527074674  3.362429E-17
8972.43185424665  3.866738E-17
8976.63843774656  2.449959E-17
8980.84502124647  3.357210E-17
8985.05160474638  5.255571E-17
8989.25818824629  6.481788E-17
8993.4647717462  5.848001E-17
8997.67135524611  6.008817E-17
9001.87793874602  5.158845E-17
9006.08452224593  4.603884E-17
9010.29110574584  2.800191E-17
9014.49768924575  1.843102E-17
9018.70427274566  3.823613E-17
9022.91085624557  3.591156E-17
9027.11743974548  1.473197E-17
9031.32402324539  2.308314E-17
9035.5306067453  3.652899E-17
9039.73719024521  3.899081E-17
9043.94377374512  4.668059E-17
9048.15035724503  4.249883E-17
9052.35694074494  3.544059E-17
9056.56352424485  2.650172E-17
9060.77010774476  2.093192E-17
9064.97669124467  2.578010E-17
9069.18327474458  2.701161E-17
9073.38985824449  2.421167E-17
9077.5964417444  1.648515E-17
9081.80302524431  1.861964E-17
9086.00960874422  2.431642E-17
9090.21619224413  2.739766E-17
9094.42277574404  3.420437E-17
9098.62935924395  4.179184E-17
9102.83594274386  2.666049E-17
9107.04252624377  2.255954E-17
9111.24910974368  3.128568E-17
9115.45569324359  2.454866E-17
9119.6622767435  1.882864E-17
9123.86886024341  2.342220E-17
9128.07544374332  2.857010E-17
9132.28202724323  3.069956E-17
9136.48861074314  2.439882E-17
9140.69519424305  2.492130E-17
9144.90177774296  3.754589E-17
9149.10836124287  3.885728E-17
9153.31494474278  3.981281E-17
9157.52152824269  2.879514E-17
9161.7281117426  3.161088E-17
9165.93469524251  2.578230E-17
9170.14127874242  1.870015E-17
9174.34786224233  2.812087E-17
9178.55444574224  1.639578E-17
9182.76102924215  1.114926E-17
9186.96761274206  1.514266E-17
9191.17419624197  1.667349E-17
9195.38077974188  2.883502E-17
9199.58736324179  2.949757E-17
9203.7939467417  3.280182E-17
9208.00053024161  2.834908E-17
9212.20711374152  2.011613E-17
9216.41369724143  1.976958E-17
9220.62028074134  1.666369E-17
9224.82686424125  2.569771E-17
9229.03344774116  2.603678E-17
9233.24003124107  2.788182E-17
9237.44661474098  3.892403E-17
9241.65319824089  1.988803E-17
9245.8597817408  2.253517E-17
9250.06636524071  3.456676E-17
9254.27294874062  4.120642E-17
9258.47953224053  3.430190E-17
9262.68611574044  3.919600E-17
9266.89269924035  2.588773E-17
9271.09928274026  3.247773E-17
9275.30586624017  2.755449E-17
9279.51244974008  1.990063E-17
9283.71903323999  1.035101E-17
9287.9256167399  1.408539E-17
9292.13220023981  2.124816E-17
9296.33878373972  3.242129E-17
9300.54536723963  5.308850E-17
9304.75195073954  6.793437E-17
9308.95853423945  7.845578E-17
9313.16511773936  6.512560E-17
9317.37170123927  4.411351E-17
9321.57828473918  1.225135E-17
9325.78486823909  2.787263E-18
9329.991451739  1.559413E-17
9334.19803523891  2.152833E-17
9338.40461873882  1.702935E-17
9342.61120223873  2.104210E-17
9346.81778573864  3.276364E-17
9351.02436923855  2.955757E-17
9355.23095273846  5.017562E-17
9359.43753623837  6.709924E-17
9363.64411973828  6.504366E-17
9367.85070323819  4.831373E-17
9372.0572867381  5.551464E-17
9376.26387023801  4.456253E-17
9380.47045373792  5.738247E-17
9384.67703723783  2.815612E-17
9388.88362073774  9.402135E-18
9393.09020423765  9.774317E-18
9397.29678773756  2.404343E-17
9401.50337123747  2.221992E-17
9405.70995473738  2.909807E-17
9409.91653823729  3.086900E-17
9414.1231217372  3.168861E-17
9418.32970523711  2.797768E-17
9422.53628873702  2.606367E-17
9426.74287223693  -3.616785E-18
9430.94945573684  9.568179E-18
9435.15603923675  1.345999E-17
9439.36262273666  1.169273E-17
9443.56920623657  7.401964E-18
9447.77578973648  1.031520E-17
9451.98237323639  2.243256E-17
9456.1889567363  2.812372E-17
9460.39554023621  3.737373E-17
9464.60212373612  3.994025E-17
9468.80870723603  3.525282E-17
9473.01529073594  3.658042E-17
9477.22187423585  3.472560E-17
9481.42845773576  3.904624E-17
9485.63504123567  4.691543E-17
9489.84162473558  1.949487E-17
9494.04820823549  1.886179E-17
9498.2547917354  2.301624E-17
9502.46137523531  3.133805E-17
9506.66795873522  3.555090E-17
9510.87454223513  5.923274E-17
9515.08112573504  3.718055E-17
9519.28770923495  4.313192E-17
9523.49429273486  4.291807E-17
9527.70087623477  3.396100E-17
9531.90745973468  3.716573E-17
9536.11404323459  1.555277E-17
9540.3206267345  2.020518E-17
9544.52721023441  2.709470E-17
9548.73379373432  9.834551E-18
9552.94037723423  2.364915E-17
9557.14696073414  3.062050E-17
9561.35354423405  1.724625E-17
9565.56012773396  1.906665E-17
9569.76671123387  3.189138E-17
9573.97329473378  2.596052E-17
9578.17987823369  1.216232E-17
9582.3864617336  2.280590E-17
9586.59304523351  2.816382E-17
9590.79962873342  2.091200E-17
9595.00621223333  3.239989E-17
9599.21279573324  2.950410E-17
9603.41937923315  2.897813E-17
9607.62596273306  4.148214E-17
9611.83254623297  2.860847E-17
9616.03912973288  5.364784E-17
9620.24571323279  4.082333E-17
9624.4522967327  3.910383E-17
9628.65888023261  4.473467E-17
9632.86546373252  2.436369E-17
9637.07204723243  1.985449E-17
9641.27863073234  1.570597E-17
9645.48521423225  1.336382E-17
9649.69179773216  1.433898E-17
9653.89838123207  1.525722E-17
9658.10496473198  2.882662E-17
9662.31154823189  4.022964E-17
9666.5181317318  4.712044E-17
9670.72471523171  4.280336E-17
9674.93129873162  1.932285E-17
9679.13788223153  2.137831E-17
9683.34446573144  3.309863E-17
9687.55104923135  2.002664E-17
9691.75763273126  2.099678E-17
9695.96421623117  3.058653E-17
9700.17079973108  1.950211E-17
9704.37738323099  2.498440E-17
9708.5839667309  3.274598E-17
9712.79055023081  3.404321E-17
9716.99713373072  2.189505E-17
9721.20371723063  1.445167E-17
9725.41030073054  2.013656E-17
9729.61688423045  3.406715E-17
9733.82346773036  2.765210E-17
9738.03005123027  2.578888E-17
9742.23663473018  2.905418E-17
9746.44321823009  1.928786E-17
9750.64980173  3.341401E-17
9754.85638522991  2.438853E-17
9759.06296872982  4.131200E-17
9763.26955222973  2.144953E-17
9767.47613572964  2.816635E-17
9771.68271922955  2.674932E-17
9775.88930272946  1.015631E-17
9780.09588622937  2.936868E-17
9784.30246972928  3.703398E-17
9788.50905322919  -1.471677E-17
9792.7156367291  3.153016E-17
9796.92222022901  3.757705E-17
9801.12880372892  4.250324E-20
9805.33538722883  -3.461425E-18
9809.54197072874  2.239822E-17
9813.74855422865  3.521587E-17
9817.95513772856  2.801556E-17
9822.16172122847  3.367712E-17
9826.36830472838  2.627740E-17
9830.57488822829  -8.851593E-18
9834.7814717282  -1.803449E-17
9838.98805522811  2.271204E-17
9843.19463872802  2.775476E-17
9847.40122222793  1.347461E-17
9851.60780572784  2.652743E-17
9855.81438922775  1.778418E-17
9860.02097272766  7.184793E-18
9864.22755622757  2.867792E-17
9868.43413972748  4.060335E-17
9872.64072322739  3.880885E-17
9876.8473067273  2.997520E-17
9881.05389022721  4.395235E-17
9885.26047372712  2.617015E-17
9889.46705722703  2.988191E-17
9893.67364072694  1.648820E-17
9897.88022422685  8.032278E-18
9902.08680772676  5.975755E-17
9906.29339122667  4.234484E-17
9910.49997472658  2.402958E-17
9914.70655822649  2.121952E-17
9918.9131417264  5.708390E-17
9923.11972522631  3.962048E-17
9927.32630872622  8.251182E-18
9931.53289222613  1.846667E-17
9935.73947572604  -8.890206E-18
9939.94605922595  -2.463903E-17
9944.15264272586  1.039518E-17
9948.35922622577  4.302869E-18
9952.56580972568  4.694461E-17
9956.77239322559  5.730383E-17
9960.9789767255  4.769404E-17
9965.18556022541  3.829066E-17
9969.39214372532  1.629045E-17
9973.59872722523  4.038689E-17
9977.80531072514  3.939425E-17
9982.01189422505  6.566729E-17
9986.21847772496  8.010307E-17
9990.42506122487  5.827836E-17
9994.63164472478  4.169918E-17
9998.83822822469  3.981111E-17
10003.0448117246  4.170415E-17
