3667.22875977  7.082568E-17
3672.74660063227  3.735549E-17
3678.26444149454  5.271908E-17
3683.78228235681  4.185909E-17
3689.30012321908  5.316963E-17
3694.81796408135  5.280368E-17
3700.33580494362  -1.561706E-18
3705.85364580589  6.028551E-17
3711.37148666816  4.625358E-17
3716.88932753043  3.212152E-17
3722.4071683927  2.645705E-17
3727.92500925497  4.891736E-17
3733.44285011724  3.153378E-17
3738.96069097951  3.894785E-17
3744.47853184178  4.136201E-17
3749.99637270405  2.739725E-17
3755.51421356632  2.983989E-17
3761.03205442859  3.035102E-17
3766.54989529086  4.735943E-17
3772.06773615313  4.680522E-17
3777.5855770154  1.042516E-17
3783.10341787767  5.804511E-17
3788.62125873994  7.907954E-18
3794.13909960221  3.414105E-17
3799.65694046448  2.410844E-17
3805.17478132675  2.166120E-17
3810.69262218902  2.447181E-17
3816.21046305129  2.739054E-17
3821.72830391356  4.158853E-17
3827.24614477583  2.998720E-17
3832.7639856381  4.449508E-17
3838.28182650037  3.091031E-17
3843.79966736264  3.111707E-17
3849.31750822491  3.615334E-17
3854.83534908718  4.373653E-17
3860.35318994945  3.653912E-17
3865.87103081172  4.362797E-17
3871.38887167399  3.876532E-17
3876.90671253626  3.791353E-17
3882.42455339853  2.655076E-17
3887.9423942608  3.677143E-17
3893.46023512307  4.385205E-17
3898.97807598534  2.814748E-17
3904.49591684761  3.862091E-17
3910.01375770988  3.368255E-17
3915.53159857215  4.759587E-17
3921.04943943442  4.906198E-17
3926.56728029669  3.154956E-17
3932.08512115896  4.228329E-17
3937.60296202123  2.757526E-17
3943.1208028835  4.638281E-17
3948.63864374577  1.598257E-17
3954.15648460804  3.069765E-17
3959.67432547031  3.668616E-17
3965.19216633258  2.809983E-17
3970.71000719485  3.640892E-17
3976.22784805712  2.587169E-17
3981.74568891939  2.596325E-17
3987.26352978166  1.107008E-17
3992.78137064393  3.164501E-17
3998.2992115062  5.123618E-17
4003.81705236847  3.471359E-17
4009.33489323074  1.972611E-17
4014.85273409301  2.550976E-17
4020.37057495528  4.929549E-17
4025.88841581755  4.819995E-17
4031.40625667982  3.987228E-17
4036.92409754209  3.550295E-17
4042.44193840436  3.337246E-17
4047.95977926663  3.980746E-17
4053.4776201289  4.191668E-17
4058.99546099117  3.940259E-17
4064.51330185344  3.482339E-17
4070.03114271571  4.073254E-17
4075.54898357798  2.464612E-17
4081.06682444025  4.052405E-17
4086.58466530252  5.375584E-17
4092.10250616479  3.822271E-17
4097.62034702706  4.487582E-17
4103.13818788933  3.774471E-17
4108.6560287516  3.845883E-17
4114.17386961387  3.573299E-17
4119.69171047614  4.196761E-17
4125.20955133841  3.702262E-17
4130.72739220068  2.774734E-17
4136.24523306295  3.303733E-17
4141.76307392522  3.740057E-17
4147.28091478749  4.743081E-17
4152.79875564976  3.827398E-17
4158.31659651203  4.003493E-17
4163.8344373743  4.078324E-17
4169.35227823657  5.257835E-17
4174.87011909884  4.853074E-17
4180.38795996111  4.889603E-17
4185.90580082338  4.292758E-17
4191.42364168565  5.279143E-17
4196.94148254792  5.249526E-17
4202.45932341019  3.873699E-17
4207.97716427246  4.746701E-17
4213.49500513473  3.097617E-17
4219.012845997  3.935488E-17
4224.53068685927  3.415028E-17
4230.04852772154  3.146326E-17
4235.56636858381  4.312889E-17
4241.08420944608  4.486009E-17
4246.60205030835  4.788652E-17
4252.11989117062  4.483225E-17
4257.63773203289  4.291143E-17
4263.15557289516  3.957750E-17
4268.67341375743  3.919438E-17
4274.1912546197  3.497620E-17
4279.70909548198  6.111731E-17
4285.22693634424  4.169310E-17
4290.74477720651  4.334746E-17
4296.26261806878  5.404469E-17
4301.78045893105  4.470648E-17
4307.29829979332  4.021367E-17
4312.81614065559  4.216130E-17
4318.33398151786  4.517168E-17
4323.85182238013  4.666621E-17
4329.3696632424  4.363428E-17
4334.88750410467  4.747298E-17
4340.40534496694  4.847021E-17
4345.92318582921  5.150393E-17
4351.44102669148  4.654357E-17
4356.95886755375  5.346691E-17
4362.47670841602  4.357086E-17
4367.99454927829  3.875877E-17
4373.51239014056  4.364280E-17
4379.03023100283  3.373580E-17
4384.5480718651  4.386248E-17
4390.06591272737  5.941139E-17
4395.58375358964  5.598589E-17
4401.10159445191  5.014542E-17
4406.61943531418  3.534702E-17
4412.13727617645  5.546057E-17
4417.65511703872  4.911566E-17
4423.17295790099  4.842361E-17
4428.69079876326  4.311087E-17
4434.20863962553  4.483520E-17
4439.7264804878  5.984220E-17
4445.24432135007  4.908057E-17
4450.76216221234  5.365089E-17
4456.28000307461  5.015497E-17
4461.79784393688  4.120575E-17
4467.31568479915  5.154320E-17
4472.83352566142  4.719882E-17
4478.3513665237  5.410605E-17
4483.86920738596  5.056953E-17
4489.38704824823  4.981232E-17
4494.9048891105  5.655063E-17
4500.42272997277  3.826903E-17
4505.94057083504  4.649101E-17
4511.45841169731  5.504491E-17
4516.97625255958  6.221057E-17
4522.49409342185  5.978654E-17
4528.01193428413  5.277273E-17
4533.52977514639  5.681399E-17
4539.04761600866  5.922648E-17
4544.56545687093  5.644086E-17
4550.0832977332  4.522259E-17
4555.60113859547  5.764985E-17
4561.11897945774  5.458053E-17
4566.63682032002  5.443798E-17
4572.15466118228  4.920486E-17
4577.67250204455  4.976314E-17
4583.19034290683  5.261733E-17
4588.70818376909  4.538070E-17
4594.22602463136  4.848547E-17
4599.74386549363  5.125669E-17
4605.2617063559  5.327147E-17
4610.77954721817  3.649499E-17
4616.29738808044  4.392939E-17
4621.81522894271  5.146293E-17
4627.33306980498  4.857979E-17
4632.85091066725  4.746808E-17
4638.36875152952  4.509580E-17
4643.88659239179  4.132070E-17
4649.40443325406  3.840056E-17
4654.92227411633  4.436958E-17
4660.4401149786  4.029971E-17
4665.95795584087  5.494044E-17
4671.47579670314  4.124532E-17
4676.99363756541  4.156704E-17
4682.51147842769  2.848711E-17
4688.02931928996  3.683432E-17
4693.54716015222  3.388452E-17
4699.06500101449  4.425280E-17
4704.58284187676  3.389673E-17
4710.10068273903  3.872380E-17
4715.6185236013  4.937332E-17
4721.13636446357  4.577826E-17
4726.65420532585  5.167292E-17
4732.17204618811  4.880105E-17
4737.68988705039  5.133315E-17
4743.20772791265  4.498033E-17
4748.72556877492  4.423651E-17
4754.24340963719  4.353168E-17
4759.76125049946  5.413276E-17
4765.27909136173  4.985550E-17
4770.796932224  4.377845E-17
4776.31477308628  5.327559E-17
4781.83261394854  4.597451E-17
4787.35045481081  4.094994E-17
4792.86829567308  5.272399E-17
4798.38613653535  5.099245E-17
4803.90397739762  5.292814E-17
4809.42181825989  5.214597E-17
4814.93965912217  4.078900E-17
4820.45749998443  4.940632E-17
4825.9753408467  5.702753E-17
4831.49318170897  5.614073E-17
4837.01102257125  6.122889E-17
4842.52886343351  4.546186E-17
4848.04670429578  5.741463E-17
4853.56454515805  6.001987E-17
4859.08238602032  5.273538E-17
4864.60022688259  5.229088E-17
4870.11806774486  6.497168E-17
4875.63590860713  5.816648E-17
4881.15374946941  5.217621E-17
4886.67159033168  5.293757E-17
4892.18943119395  4.116999E-17
4897.70727205621  3.313167E-17
4903.22511291848  4.294395E-17
4908.74295378075  5.138347E-17
4914.26079464303  5.416578E-17
4919.77863550529  5.832302E-17
4925.29647636757  5.658972E-17
4930.81431722984  4.514737E-17
4936.33215809211  5.263546E-17
4941.84999895438  6.197592E-17
4947.36783981664  5.902259E-17
4952.88568067891  5.421967E-17
4958.40352154118  4.626954E-17
4963.92136240346  5.714557E-17
4969.43920326572  5.721604E-17
4974.95704412799  5.120717E-17
4980.47488499026  4.927924E-17
4985.99272585254  5.748875E-17
4991.5105667148  4.550514E-17
4997.02840757707  5.567689E-17
5002.54624843935  5.846706E-17
5008.06408930162  5.958754E-17
5013.58193016389  4.931201E-17
5019.09977102616  5.233768E-17
5024.61761188843  4.516211E-17
5030.1354527507  5.538576E-17
5035.65329361297  5.238429E-17
5041.17113447524  4.696736E-17
5046.6889753375  5.463738E-17
5052.20681619978  4.706314E-17
5057.72465706204  5.323152E-17
5063.24249792432  5.361354E-17
5068.76033878659  4.016357E-17
5074.27817964885  5.616619E-17
5079.79602051113  4.516784E-17
5085.3138613734  4.924089E-17
5090.83170223567  5.469340E-17
5096.34954309793  4.927774E-17
5101.86738396021  4.067824E-17
5107.38522482248  5.041825E-17
5112.90306568474  4.187214E-17
5118.42090654702  4.668273E-17
5123.93874740929  4.865686E-17
5129.45658827156  5.705646E-17
5134.97442913382  4.638219E-17
5140.4922699961  4.902107E-17
5146.01011085837  4.527661E-17
5151.52795172063  3.456655E-17
5157.04579258291  3.978633E-17
5162.56363344518  4.905599E-17
5168.08147430745  4.961314E-17
5173.59931516972  4.638992E-17
5179.11715603199  4.951234E-17
5184.63499689426  4.699286E-17
5190.15283775653  4.797160E-17
5195.6706786188  4.767906E-17
5201.18851948106  4.177690E-17
5206.70636034333  4.233790E-17
5212.22420120561  5.262653E-17
5217.74204206788  4.603451E-17
5223.25988293014  4.966719E-17
5228.77772379242  5.171369E-17
5234.29556465469  4.279761E-17
5239.81340551696  4.218266E-17
5245.33124637923  4.287058E-17
5250.8490872415  4.442998E-17
5256.36692810377  3.804309E-17
5261.88476896604  4.733448E-17
5267.40260982831  4.816899E-17
5272.92045069058  4.197617E-17
5278.43829155285  4.967479E-17
5283.95613241512  4.527500E-17
5289.47397327739  4.482284E-17
5294.99181413966  4.837455E-17
5300.50965500193  4.846603E-17
5306.02749586419  3.932277E-17
5311.54533672647  4.741967E-17
5317.06317758874  4.836088E-17
5322.58101845101  4.490510E-17
5328.09885931328  4.354738E-17
5333.61670017555  4.580771E-17
5339.13454103782  4.561654E-17
5344.65238190009  3.802984E-17
5350.17022276236  3.052426E-17
5355.68806362462  4.734075E-17
5361.20590448689  4.621775E-17
5366.72374534917  4.218147E-17
5372.24158621144  3.868003E-17
5377.75942707371  3.216818E-17
5383.27726793598  2.995996E-17
5388.79510879825  3.640477E-17
5394.31294966052  3.795368E-17
5399.83079052279  4.360633E-17
5405.34863138506  2.986341E-17
5410.86647224733  4.927495E-17
5416.3843131096  3.739298E-17
5421.90215397187  2.974678E-17
5427.41999483414  4.144076E-17
5432.93783569641  4.504979E-17
5438.45567655868  4.046520E-17
5443.97351742095  2.807452E-17
5449.49135828322  3.887950E-17
5455.00919914548  3.702519E-17
5460.52704000776  4.797508E-17
5466.04488087003  3.505189E-17
5471.5627217323  3.624307E-17
5477.08056259457  4.539938E-17
5482.59840345684  4.826140E-17
5488.11624431911  4.999005E-17
5493.63408518138  4.469729E-17
5499.15192604365  3.581722E-17
5504.66976690592  4.934433E-17
5510.18760776819  4.232553E-17
5515.70544863046  4.694557E-17
5521.22328949273  4.722215E-17
5526.741130355  4.620382E-17
5532.25897121726  6.055548E-17
5537.77681207954  5.271377E-17
5543.29465294181  5.616069E-17
5548.81249380408  4.716457E-17
5554.33033466634  4.988684E-17
5559.84817552862  5.096217E-17
5565.36601639089  5.172740E-17
5570.88385725316  5.664513E-17
5576.40169811543  5.526529E-17
5581.9195389777  4.995121E-17
5587.43737983997  6.085251E-17
5592.95522070224  6.337504E-17
5598.47306156451  6.471804E-17
5603.99090242677  5.619746E-17
5609.50874328905  5.914893E-17
5615.02658415132  6.339028E-17
5620.54442501359  6.790870E-17
5626.06226587586  6.133699E-17
5631.58010673813  5.988952E-17
5637.0979476004  6.153647E-17
5642.61578846267  7.108999E-17
5648.13362932494  6.353085E-17
5653.65147018721  6.567992E-17
5659.16931104947  6.627382E-17
5664.68715191175  6.112842E-17
5670.20499277402  6.356396E-17
5675.72283363629  6.346809E-17
5681.24067449856  6.975515E-17
5686.75851536083  7.001633E-17
5692.2763562231  6.973454E-17
5697.79419708537  6.837572E-17
5703.31203794764  8.406515E-17
5708.82987880991  7.325159E-17
5714.34771967218  6.769060E-17
5719.86556053445  6.754402E-17
5725.38340139672  7.452332E-17
5730.90124225899  6.387143E-17
5736.41908312126  7.135875E-17
5741.93692398353  6.530740E-17
5747.4547648458  6.866340E-17
5752.97260570807  8.242709E-17
5758.49044657034  6.729401E-17
5764.00828743261  6.427951E-17
5769.52612829488  7.026834E-17
5775.04396915715  6.354452E-17
5780.56181001942  5.132071E-17
5786.07965088169  5.610351E-17
5791.59749174396  5.920318E-17
5797.11533260623  5.538913E-17
5802.6331734685  5.558891E-17
5808.15101433077  5.373873E-17
5813.66885519304  5.898653E-17
5819.18669605531  5.013627E-17
5824.70453691758  4.702180E-17
5830.22237777985  5.243958E-17
5835.74021864212  5.782033E-17
5841.25805950439  5.230609E-17
5846.77590036666  4.880016E-17
5852.29374122893  4.944218E-17
5857.8115820912  5.072589E-17
5863.32942295347  5.367395E-17
5868.84726381574  4.969907E-17
5874.36510467801  6.242616E-17
5879.88294554028  6.188550E-17
5885.40078640255  6.221869E-17
5890.91862726482  5.256220E-17
5896.43646812709  5.354595E-17
5901.95430898936  5.066157E-17
5907.47214985163  3.886120E-17
5912.9899907139  5.076731E-17
5918.50783157617  5.760228E-17
5924.02567243844  5.286748E-17
5929.54351330071  4.592426E-17
5935.06135416298  4.603656E-17
5940.57919502525  4.965765E-17
5946.09703588752  4.722482E-17
5951.61487674979  5.289402E-17
5957.13271761206  4.431747E-17
5962.65055847433  4.088795E-17
5968.1683993366  4.700913E-17
5973.68624019887  4.615620E-17
5979.20408106114  4.427032E-17
5984.72192192341  4.889139E-17
5990.23976278568  5.022081E-17
5995.75760364795  4.711549E-17
6001.27544451022  4.486160E-17
6006.79328537249  4.063918E-17
6012.31112623476  4.660078E-17
6017.82896709703  4.334753E-17
6023.3468079593  4.273292E-17
6028.86464882157  4.393344E-17
6034.38248968384  3.903835E-17
6039.90033054611  4.441281E-17
6045.41817140838  3.893114E-17
6050.93601227065  5.109185E-17
6056.45385313292  4.407861E-17
6061.97169399519  4.754254E-17
6067.48953485746  4.007844E-17
6073.00737571973  4.353231E-17
6078.525216582  4.277366E-17
6084.04305744427  3.711944E-17
6089.56089830654  2.552121E-17
6095.07873916881  4.175302E-17
6100.59658003108  3.690325E-17
6106.11442089335  4.803903E-17
6111.63226175562  3.954499E-17
6117.15010261789  3.921434E-17
6122.66794348016  4.877584E-17
6128.18578434243  4.359031E-17
6133.7036252047  4.120545E-17
6139.22146606697  4.497862E-17
6144.73930692924  4.122823E-17
6150.25714779151  3.735745E-17
6155.77498865378  5.115291E-17
6161.29282951605  2.992742E-17
6166.81067037832  4.454397E-17
6172.32851124059  4.079685E-17
6177.84635210286  3.692367E-17
6183.36419296513  4.187953E-17
6188.8820338274  3.482679E-17
6194.39987468967  3.583014E-17
6199.91771555194  3.985879E-17
6205.43555641421  4.015148E-17
6210.95339727648  4.409696E-17
6216.47123813875  3.006545E-17
6221.98907900102  3.649936E-17
6227.50691986329  4.267856E-17
6233.02476072556  3.164390E-17
6238.54260158783  3.436648E-17
6244.0604424501  3.804704E-17
6249.57828331237  4.176757E-17
6255.09612417464  4.348057E-17
6260.61396503691  3.627363E-17
6266.13180589918  2.673631E-17
6271.64964676145  2.989406E-17
6277.16748762372  4.944091E-17
6282.68532848599  4.859511E-17
6288.20316934826  3.963136E-17
6293.72101021053  4.920489E-17
6299.2388510728  5.092522E-17
6304.75669193507  4.380400E-17
6310.27453279734  2.967454E-17
6315.79237365961  4.597606E-17
6321.31021452188  4.346083E-17
6326.82805538415  4.380941E-17
6332.34589624642  4.292787E-17
6337.86373710869  4.585687E-17
6343.38157797096  4.449151E-17
6348.89941883323  4.975337E-17
6354.4172596955  5.288580E-17
6359.93510055777  5.062417E-17
6365.45294142004  3.872543E-17
6370.97078228231  4.169916E-17
6376.48862314458  5.234506E-17
6382.00646400685  5.087010E-17
6387.52430486912  4.531567E-17
6393.04214573139  4.404425E-17
6398.55998659366  4.669832E-17
6404.07782745593  4.395854E-17
6409.5956683182  4.089352E-17
6415.11350918047  5.329608E-17
6420.63135004274  4.967383E-17
6426.14919090501  4.576044E-17
6431.66703176728  4.219511E-17
6437.18487262955  4.854440E-17
6442.70271349182  4.290030E-17
6448.22055435409  4.510613E-17
6453.73839521636  5.408243E-17
6459.25623607863  5.740411E-17
6464.7740769409  4.759375E-17
6470.29191780317  5.301011E-17
6475.80975866544  5.483306E-17
6481.32759952771  5.676299E-17
6486.84544038998  6.214851E-17
6492.36328125225  5.169955E-17
6497.88112211452  5.856834E-17
6503.39896297679  5.759650E-17
6508.91680383906  5.689080E-17
6514.43464470133  6.364701E-17
6519.9524855636  5.410472E-17
6525.47032642587  4.538762E-17
6530.98816728814  6.139339E-17
6536.50600815041  5.704716E-17
6542.02384901268  5.398029E-17
6547.54168987495  6.069170E-17
6553.05953073722  5.179137E-17
6558.57737159949  5.441301E-17
6564.09521246176  6.045588E-17
6569.61305332403  4.781136E-17
6575.1308941863  5.233208E-17
6580.64873504857  5.927523E-17
6586.16657591084  5.411689E-17
6591.68441677311  6.421834E-17
6597.20225763538  5.161924E-17
6602.72009849765  5.450008E-17
6608.23793935992  4.966483E-17
6613.75578022219  6.062632E-17
6619.27362108446  5.726889E-17
6624.79146194673  6.116328E-17
6630.309302809  6.287498E-17
6635.82714367127  5.702328E-17
6641.34498453354  6.405445E-17
6646.86282539581  5.797450E-17
6652.38066625808  5.478531E-17
6657.89850712035  5.523834E-17
6663.41634798262  5.360744E-17
6668.93418884489  5.442894E-17
6674.45202970716  5.395351E-17
6679.96987056943  4.949365E-17
6685.4877114317  5.104207E-17
6691.00555229397  6.062978E-17
6696.52339315624  5.566799E-17
6702.04123401851  4.989317E-17
6707.55907488078  6.104580E-17
6713.07691574305  5.680094E-17
6718.59475660532  5.049567E-17
6724.11259746759  5.765009E-17
6729.63043832986  6.112840E-17
6735.14827919213  5.758874E-17
6740.6661200544  6.291165E-17
6746.18396091667  5.115209E-17
6751.70180177894  4.189993E-17
6757.21964264121  5.608256E-17
6762.73748350348  4.896318E-17
6768.25532436575  5.446302E-17
6773.77316522802  5.117688E-17
6779.29100609029  5.561845E-17
6784.80884695256  6.227029E-17
6790.32668781483  5.719346E-17
6795.8445286771  5.653640E-17
6801.36236953937  6.271722E-17
6806.88021040164  4.844258E-17
6812.39805126391  5.353504E-17
6817.91589212618  4.669920E-17
6823.43373298845  5.199059E-17
6828.95157385072  6.187958E-17
6834.46941471299  5.407542E-17
6839.98725557526  5.260957E-17
6845.50509643753  4.961803E-17
6851.0229372998  5.792461E-17
6856.54077816207  5.794235E-17
6862.05861902434  5.188401E-17
6867.57645988661  5.390500E-17
6873.09430074888  4.963973E-17
6878.61214161115  4.210295E-17
6884.12998247342  3.841811E-17
6889.64782333569  5.561411E-17
6895.16566419796  5.033497E-17
6900.68350506023  5.027615E-17
6906.2013459225  5.803839E-17
6911.71918678477  4.724643E-17
6917.23702764704  6.247493E-17
6922.75486850931  5.202878E-17
6928.27270937158  5.054106E-17
6933.79055023385  3.793952E-17
6939.30839109612  5.296055E-17
6944.82623195839  5.055805E-17
6950.34407282066  5.576529E-17
6955.86191368293  4.805466E-17
6961.3797545452  4.879193E-17
6966.89759540747  5.605788E-17
6972.41543626974  4.644351E-17
6977.93327713201  4.878741E-17
6983.45111799428  4.587942E-17
6988.96895885655  5.173362E-17
6994.48679971882  5.204573E-17
7000.00464058109  5.701477E-17
7005.52248144336  4.856406E-17
7011.04032230563  4.314710E-17
7016.5581631679  5.163126E-17
7022.07600403017  4.983022E-17
7027.59384489244  4.510955E-17
7033.11168575471  4.109087E-17
7038.62952661698  4.308503E-17
7044.14736747925  4.705656E-17
7049.66520834152  5.339599E-17
7055.18304920379  5.322394E-17
7060.70089006606  4.273726E-17
7066.21873092833  4.933722E-17
7071.7365717906  5.638451E-17
7077.25441265287  4.426293E-17
7082.77225351514  4.816168E-17
7088.29009437741  3.588888E-17
7093.80793523968  4.251934E-17
7099.32577610195  4.273708E-17
7104.84361696422  3.849111E-17
7110.36145782649  4.638756E-17
7115.87929868876  3.794803E-17
7121.39713955103  4.184142E-17
7126.9149804133  4.832096E-17
7132.43282127557  2.777476E-17
7137.95066213784  5.108597E-17
7143.46850300011  4.766453E-17
7148.98634386238  4.501649E-17
7154.50418472465  4.705778E-17
7160.02202558692  3.830994E-17
7165.53986644919  4.512526E-17
7171.05770731146  3.692530E-17
7176.57554817373  3.189798E-17
7182.093389036  3.529132E-17
7187.61122989827  3.991554E-17
7193.12907076054  4.179366E-17
7198.64691162281  3.112365E-17
7204.16475248508  3.714135E-17
7209.68259334735  4.246648E-17
7215.20043420962  3.822179E-17
7220.71827507189  3.209921E-17
7226.23611593416  2.752115E-17
7231.75395679643  3.121097E-17
7237.2717976587  4.003011E-17
7242.78963852097  4.673946E-17
7248.30747938324  4.375307E-17
7253.82532024551  5.259818E-17
7259.34316110778  4.117450E-17
7264.86100197005  4.516337E-17
7270.37884283232  4.901883E-17
7275.89668369459  4.626259E-17
7281.41452455686  3.727426E-17
7286.93236541913  4.423247E-17
7292.4502062814  4.365458E-17
7297.96804714367  3.442661E-17
7303.48588800594  3.749356E-17
7309.00372886821  4.047806E-17
7314.52156973048  3.207084E-17
7320.03941059275  2.663718E-17
7325.55725145502  2.165150E-17
7331.07509231729  1.993538E-17
7336.59293317956  2.309509E-17
7342.11077404183  2.957688E-17
7347.6286149041  3.408402E-17
7353.14645576637  3.075819E-17
7358.66429662864  3.244784E-17
7364.18213749091  4.721586E-17
7369.69997835318  3.665769E-17
7375.21781921545  3.489592E-17
7380.73566007772  2.921245E-17
7386.25350093999  3.144441E-17
7391.77134180226  2.277011E-17
7397.28918266453  4.507233E-17
7402.8070235268  2.728172E-17
7408.32486438907  3.341271E-17
7413.84270525134  2.749786E-17
7419.36054611361  2.818194E-17
7424.87838697588  2.302061E-17
7430.39622783815  2.984253E-17
7435.91406870042  3.537681E-17
7441.43190956269  1.786956E-17
7446.94975042496  2.410552E-17
7452.46759128723  3.262682E-17
7457.9854321495  2.402075E-17
7463.50327301177  2.847019E-17
7469.02111387404  3.606200E-17
7474.53895473631  2.456183E-17
7480.05679559858  2.121749E-17
7485.57463646085  2.535148E-17
7491.09247732312  3.255930E-17
7496.61031818539  3.637992E-17
7502.12815904766  3.723971E-17
7507.64599990993  3.545272E-17
7513.1638407722  3.879805E-17
7518.68168163447  4.354027E-17
7524.19952249674  3.426916E-17
7529.71736335901  2.987072E-17
7535.23520422128  4.141699E-17
7540.75304508355  4.093451E-17
7546.27088594582  3.570159E-17
7551.78872680809  3.863642E-17
7557.30656767036  2.480411E-17
7562.82440853263  2.464470E-17
7568.3422493949  2.902686E-17
7573.86009025717  2.995527E-17
7579.37793111944  2.238180E-17
7584.89577198171  1.810514E-17
7590.41361284398  2.637340E-17
7595.93145370625  4.787081E-17
7601.44929456852  4.961605E-17
7606.96713543079  4.792478E-17
7612.48497629306  4.667451E-17
7618.00281715533  3.057187E-17
7623.5206580176  2.173360E-17
7629.03849887987  1.289289E-17
7634.55633974214  2.100079E-17
7640.07418060441  3.152647E-17
7645.59202146668  2.757326E-17
7651.10986232895  2.529093E-17
7656.62770319122  2.352373E-17
7662.14554405349  3.131612E-17
7667.66338491576  4.825172E-17
7673.18122577803  3.359750E-17
7678.6990666403  1.910091E-17
7684.21690750257  3.200606E-17
7689.73474836484  2.192736E-17
7695.25258922711  3.270675E-17
7700.77043008938  2.749375E-17
7706.28827095165  2.673482E-17
7711.80611181392  3.871155E-17
7717.32395267619  2.262050E-17
7722.84179353846  2.821947E-17
7728.35963440073  2.975465E-17
7733.877475263  3.362920E-17
7739.39531612527  2.942046E-17
7744.91315698754  3.008785E-17
7750.43099784981  4.019409E-17
7755.94883871208  4.582398E-17
7761.46667957435  2.980991E-17
7766.98452043662  2.725846E-17
7772.50236129889  3.237503E-17
7778.02020216116  4.136217E-17
7783.53804302343  3.798665E-17
7789.0558838857  3.922154E-17
7794.57372474797  3.466066E-17
7800.09156561024  4.700591E-17
7805.60940647251  3.485412E-17
7811.12724733478  4.575490E-17
7816.64508819705  2.276518E-17
7822.16292905932  3.996888E-17
7827.68076992159  1.722667E-17
7833.19861078386  2.743627E-17
7838.71645164613  3.183659E-17
7844.2342925084  1.086706E-17
7849.75213337067  2.352582E-17
7855.26997423294  4.166285E-17
7860.78781509521  2.428270E-17
7866.30565595748  3.548423E-17
7871.82349681975  5.397235E-17
7877.34133768202  5.088897E-17
7882.85917854429  3.717566E-17
7888.37701940656  2.630726E-17
7893.89486026883  2.400352E-17
7899.4127011311  1.661780E-17
7904.93054199337  1.715163E-17
7910.44838285564  2.752997E-17
7915.96622371791  2.126966E-17
7921.48406458018  2.303259E-17
7927.00190544245  2.757940E-17
7932.51974630472  2.699150E-17
7938.03758716699  3.054789E-17
7943.55542802926  3.265128E-17
7949.07326889153  4.395659E-17
7954.5911097538  3.708544E-17
7960.10895061607  3.390631E-17
7965.62679147834  3.900061E-17
7971.14463234061  4.003963E-17
7976.66247320288  4.516912E-17
7982.18031406515  4.878328E-17
7987.69815492742  3.059474E-17
7993.21599578969  2.958078E-17
7998.73383665196  4.178145E-17
8004.25167751423  3.803459E-17
8009.7695183765  4.214152E-17
8015.28735923877  4.397971E-17
8020.80520010104  4.830373E-17
8026.32304096331  3.385403E-17
8031.84088182558  3.112939E-17
8037.35872268785  3.851614E-17
8042.87656355012  3.070412E-17
8048.39440441239  3.815803E-17
8053.91224527466  3.776266E-17
8059.43008613693  2.207032E-17
8064.9479269992  3.626248E-17
8070.46576786147  2.493391E-17
8075.98360872374  3.349031E-17
8081.50144958601  4.889624E-17
8087.01929044828  4.138453E-17
8092.53713131055  3.588327E-17
8098.05497217282  3.034605E-17
8103.57281303509  4.279525E-17
8109.09065389736  2.685351E-17
8114.60849475963  3.861733E-17
8120.1263356219  3.196175E-17
8125.64417648417  3.286091E-17
8131.16201734644  2.600243E-17
8136.67985820871  2.310221E-17
8142.19769907098  3.260005E-17
8147.71553993325  3.416410E-17
8153.23338079552  3.204234E-17
8158.75122165779  2.618319E-17
8164.26906252006  3.500539E-17
8169.78690338233  6.008942E-17
8175.3047442446  5.018853E-17
8180.82258510687  4.084506E-17
8186.34042596914  3.442115E-17
8191.85826683141  3.122996E-17
8197.37610769368  3.874255E-17
8202.89394855595  3.622855E-17
8208.41178941822  3.782737E-17
8213.92963028049  2.933682E-17
8219.44747114276  3.958524E-17
8224.96531200503  4.041352E-17
8230.4831528673  3.184560E-17
8236.00099372957  4.971122E-17
8241.51883459184  3.449424E-17
8247.03667545411  3.726918E-17
8252.55451631638  5.805328E-17
8258.07235717865  4.250900E-17
8263.59019804092  3.322597E-17
8269.10803890319  1.901489E-17
8274.62587976546  4.188151E-17
8280.14372062773  3.480650E-17
8285.66156149  1.527328E-17
8291.17940235227  5.582033E-17
8296.69724321454  3.517638E-17
8302.21508407681  1.132083E-17
8307.73292493908  4.038122E-17
8313.25076580135  3.698806E-17
8318.76860666362  2.490769E-17
8324.28644752589  3.150252E-17
8329.80428838816  3.665253E-17
8335.32212925043  3.938440E-17
8340.8399701127  1.632760E-17
8346.35781097497  2.695254E-17
8351.87565183724  3.981054E-17
8357.39349269951  2.777806E-17
8362.91133356178  2.890763E-17
8368.42917442405  4.438065E-17
8373.94701528632  3.026886E-17
8379.46485614859  2.873875E-17
8384.98269701086  3.212892E-17
8390.50053787313  2.098080E-17
8396.0183787354  9.213900E-18
8401.53621959767  2.790978E-17
8407.05406045994  2.958991E-17
8412.57190132221  4.236320E-17
8418.08974218448  1.753640E-17
8423.60758304675  4.952206E-18
8429.12542390902  5.843782E-18
8434.64326477129  1.855738E-17
8440.16110563356  3.865673E-17
8445.67894649583  3.214825E-17
8451.1967873581  3.463790E-17
8456.71462822037  3.110861E-17
8462.23246908264  1.671040E-17
8467.75030994491  2.181680E-17
8473.26815080718  2.280083E-17
8478.78599166945  1.359489E-17
8484.30383253172  1.866714E-17
8489.82167339399  3.158666E-17
8495.33951425626  2.293989E-17
8500.85735511853  2.692849E-17
8506.3751959808  2.296466E-17
8511.89303684307  2.840310E-17
8517.41087770534  2.374728E-17
8522.92871856761  3.088077E-17
8528.44655942988  2.478349E-17
8533.96440029215  2.496288E-17
8539.48224115442  2.144412E-17
8545.00008201669  2.798568E-17
8550.51792287896  2.261256E-17
8556.03576374123  2.086274E-17
8561.5536046035  2.979184E-17
8567.07144546577  3.720073E-17
8572.58928632804  2.808156E-17
8578.10712719031  3.555979E-17
8583.62496805258  2.784629E-17
8589.14280891485  3.080125E-17
8594.66064977712  3.018713E-17
8600.17849063939  2.585244E-17
8605.69633150166  1.542876E-17
8611.21417236393  1.995528E-17
8616.7320132262  2.766938E-17
8622.24985408847  6.700215E-18
8627.76769495074  1.441787E-18
8633.28553581301  2.730453E-17
8638.80337667528  4.310710E-17
8644.32121753755  4.157642E-17
8649.83905839982  3.940904E-17
8655.35689926209  3.165674E-17
8660.87474012436  2.788056E-17
8666.39258098663  2.487113E-17
8671.9104218489  3.308991E-17
8677.42826271117  1.324461E-17
8682.94610357344  2.356000E-17
8688.46394443571  8.575343E-18
8693.98178529798  4.582876E-17
8699.49962616025  3.215296E-17
8705.01746702252  3.327950E-18
8710.53530788479  1.682960E-17
8716.05314874706  3.905171E-17
8721.57098960933  2.843967E-17
8727.0888304716  2.625846E-17
8732.60667133387  2.041563E-17
8738.12451219614  1.242690E-17
8743.64235305841  2.384909E-17
8749.16019392068  4.565772E-17
8754.67803478295  4.059080E-17
8760.19587564522  2.627284E-17
8765.71371650749  4.758921E-18
8771.23155736976  5.029455E-17
8776.74939823203  4.928066E-17
8782.2672390943  1.007603E-17
8787.78507995657  9.627970E-18
8793.30292081884  2.106098E-17
8798.82076168111  2.632825E-17
8804.33860254338  1.845359E-17
8809.85644340565  3.297330E-17
8815.37428426792  1.942284E-17
8820.89212513019  1.030128E-17
8826.40996599246  8.224376E-17
8831.92780685473  8.609132E-17
8837.445647717  6.875241E-17
8842.96348857927  3.102404E-17
8848.48132944154  1.737033E-17
8853.99917030381  3.645354E-17
8859.51701116608  1.270535E-17
8865.03485202835  4.315398E-17
8870.55269289062  3.120201E-17
8876.07053375289  4.641554E-17
8881.58837461516  2.049437E-17
8887.10621547743  -1.305480E-17
8892.6240563397  3.579066E-19
8898.14189720197  1.794417E-17
8903.65973806424  1.701801E-17
8909.17757892651  1.065262E-17
8914.69541978878  -2.157730E-18
8920.21326065105  5.164797E-18
8925.73110151332  4.208997E-18
8931.24894237559  1.132964E-17
8936.76678323786  5.971742E-17
8942.28462410013  4.471340E-17
8947.8024649624  1.417232E-17
8953.32030582467  1.454606E-19
8958.83814668694  -1.299576E-18
8964.35598754921  1.115700E-17
8969.87382841148  1.684584E-17
8975.39166927375  1.672781E-17
8980.90951013602  2.537849E-17
8986.42735099829  1.277876E-17
8991.94519186056  1.720423E-17
8997.46303272283  5.801757E-17
9002.9808735851  2.866405E-17
9008.49871444737  2.384675E-17
9014.01655530964  3.944228E-17
9019.53439617191  4.449590E-17
9025.05223703418  2.419445E-17
9030.57007789645  4.601852E-17
9036.08791875872  4.405051E-17
9041.60575962099  3.090724E-17
9047.12360048326  4.698690E-17
9052.64144134553  2.967963E-17
9058.1592822078  2.052409E-17
9063.67712307007  4.047601E-17
9069.19496393234  3.402319E-17
9074.71280479461  3.272871E-17
9080.23064565688  1.976230E-17
9085.74848651915  1.476253E-17
9091.26632738142  -1.559213E-17
9096.78416824369  2.173258E-17
9102.30200910596  1.112619E-17
9107.81984996823  9.421396E-18
9113.3376908305  1.134516E-17
9118.85553169277  2.877914E-17
9124.37337255504  3.486628E-17
9129.89121341731  2.717685E-17
9135.40905427958  2.545399E-17
9140.92689514185  2.284698E-17
9146.44473600412  2.515865E-17
9151.96257686639  9.952521E-18
9157.48041772866  5.233123E-18
9162.99825859093  3.129583E-17
9168.5160994532  2.966635E-17
9174.03394031547  3.401245E-17
9179.55178117774  3.853205E-17
9185.06962204001  3.971540E-17
9190.58746290228  2.112864E-17
9196.10530376455  2.799539E-17
9201.62314462682  2.461826E-17
9207.14098548909  4.141695E-18
9212.65882635136  4.401373E-18
9218.17666721363  2.714138E-17
9223.6945080759  1.896088E-17
9229.21234893817  1.824022E-17
9234.73018980044  3.615129E-17
9240.24803066271  1.632175E-17
9245.76587152498  2.242729E-17
9251.28371238725  1.111244E-17
9256.80155324952  3.416064E-17
9262.31939411179  0.
