3653.03100586  6.379217E-17
3658.5500097281  6.174038E-17
3664.0690135962  6.179312E-17
3669.5880174643  5.980583E-17
3675.1070213324  6.399102E-17
3680.6260252005  6.114104E-17
3686.1450290686  6.359762E-17
3691.6640329367  6.280206E-17
3697.1830368048  5.982878E-17
3702.7020406729  5.839043E-17
3708.221044541  4.931044E-17
3713.7400484091  5.777634E-17
3719.2590522772  5.735793E-17
3724.7780561453  5.905459E-17
3730.2970600134  6.161783E-17
3735.8160638815  6.049529E-17
3741.3350677496  6.188353E-17
3746.8540716177  6.654969E-17
3752.3730754858  4.501638E-17
3757.8920793539  6.205208E-17
3763.411083222  4.921429E-17
3768.9300870901  5.107365E-17
3774.4490909582  5.039585E-17
3779.9680948263  5.560311E-17
3785.4870986944  4.679009E-17
3791.0061025625  4.835821E-17
3796.5251064306  4.847691E-17
3802.0441102987  5.430853E-17
3807.5631141668  4.707610E-17
3813.0821180349  4.776670E-17
3818.601121903  4.585386E-17
3824.1201257711  5.009908E-17
3829.6391296392  5.023724E-17
3835.1581335073  5.268702E-17
3840.6771373754  4.826694E-17
3846.1961412435  5.299116E-17
3851.7151451116  4.925982E-17
3857.2341489797  5.258023E-17
3862.7531528478  4.608223E-17
3868.2721567159  5.717189E-17
3873.791160584  5.925194E-17
3879.3101644521  5.349590E-17
3884.8291683202  4.924817E-17
3890.3481721883  5.924631E-17
3895.8671760564  5.731536E-17
3901.3861799245  5.244143E-17
3906.9051837926  6.090751E-17
3912.4241876607  5.675162E-17
3917.9431915288  5.348834E-17
3923.4621953969  5.562911E-17
3928.981199265  5.030301E-17
3934.5002031331  5.497813E-17
3940.0192070012  4.956008E-17
3945.5382108693  4.872740E-17
3951.0572147374  5.426152E-17
3956.5762186055  4.775837E-17
3962.0952224736  4.960722E-17
3967.6142263417  5.359454E-17
3973.1332302098  5.339233E-17
3978.6522340779  4.975280E-17
3984.171237946  5.840486E-17
3989.6902418141  5.013689E-17
3995.2092456822  5.041658E-17
4000.7282495503  4.694294E-17
4006.2472534184  4.944828E-17
4011.7662572865  4.574230E-17
4017.2852611546  5.058005E-17
4022.8042650227  4.634888E-17
4028.3232688908  5.059695E-17
4033.8422727589  4.942299E-17
4039.361276627  4.468663E-17
4044.8802804951  4.921746E-17
4050.3992843632  5.371959E-17
4055.9182882313  5.165432E-17
4061.4372920994  4.483470E-17
4066.9562959675  5.078134E-17
4072.4752998356  4.670763E-17
4077.9943037037  5.062896E-17
4083.5133075718  5.179893E-17
4089.0323114399  5.128554E-17
4094.551315308  4.788500E-17
4100.0703191761  5.019094E-17
4105.5893230442  4.817154E-17
4111.1083269123  5.093548E-17
4116.6273307804  5.056903E-17
4122.1463346485  5.353192E-17
4127.6653385166  4.878463E-17
4133.1843423847  4.839634E-17
4138.7033462528  4.942178E-17
4144.2223501209  5.287823E-17
4149.741353989  4.762951E-17
4155.2603578571  4.924883E-17
4160.7793617252  4.963408E-17
4166.2983655933  4.930034E-17
4171.8173694614  5.091041E-17
4177.3363733295  4.805731E-17
4182.8553771976  4.886737E-17
4188.3743810657  5.006985E-17
4193.8933849338  4.764384E-17
4199.4123888019  4.974732E-17
4204.93139267  4.712854E-17
4210.4503965381  4.639364E-17
4215.9694004062  4.987736E-17
4221.4884042743  5.355897E-17
4227.0074081424  5.017285E-17
4232.5264120105  5.392833E-17
4238.0454158786  5.282693E-17
4243.5644197467  5.388444E-17
4249.0834236148  5.252602E-17
4254.6024274829  5.045556E-17
4260.121431351  5.221318E-17
4265.6404352191  5.310281E-17
4271.1594390872  5.377774E-17
4276.6784429553  5.261766E-17
4282.1974468234  5.689935E-17
4287.7164506915  5.641674E-17
4293.2354545596  5.809164E-17
4298.7544584277  5.459185E-17
4304.2734622958  5.427917E-17
4309.7924661639  5.477035E-17
4315.311470032  5.887738E-17
4320.8304739001  6.200208E-17
4326.3494777682  5.635232E-17
4331.8684816363  5.932883E-17
4337.3874855044  6.154921E-17
4342.9064893725  5.913218E-17
4348.4254932406  6.303666E-17
4353.9444971087  5.937622E-17
4359.4635009768  6.027496E-17
4364.9825048449  6.819356E-17
4370.501508713  6.045898E-17
4376.02051258111  6.508855E-17
4381.5395164492  6.585531E-17
4387.0585203173  6.680896E-17
4392.5775241854  6.554876E-17
4398.0965280535  6.422455E-17
4403.6155319216  6.101062E-17
4409.13453578971  6.557942E-17
4414.6535396578  6.166918E-17
4420.1725435259  6.498960E-17
4425.691547394  7.044015E-17
4431.2105512621  6.581557E-17
4436.7295551302  6.139932E-17
4442.24855899831  6.343304E-17
4447.7675628664  7.092835E-17
4453.2865667345  6.200079E-17
4458.80557060261  6.550801E-17
4464.3245744707  6.788975E-17
4469.8435783388  6.471911E-17
4475.3625822069  6.724256E-17
4480.881586075  6.481847E-17
4486.4005899431  6.895540E-17
4491.91959381121  6.687762E-17
4497.4385976793  7.029560E-17
4502.9576015474  7.065312E-17
4508.4766054155  6.826638E-17
4513.9956092836  6.891606E-17
4519.5146131517  7.112507E-17
4525.0336170198  7.438359E-17
4530.5526208879  7.217010E-17
4536.071624756  7.087493E-17
4541.5906286241  7.157045E-17
4547.1096324922  6.762692E-17
4552.6286363603  6.954475E-17
4558.1476402284  6.924335E-17
4563.6666440965  7.118294E-17
4569.1856479646  6.957449E-17
4574.70465183271  6.984104E-17
4580.2236557008  6.238648E-17
4585.7426595689  6.635859E-17
4591.261663437  7.088856E-17
4596.7806673051  6.657573E-17
4602.2996711732  6.136000E-17
4607.8186750413  6.571426E-17
4613.33767890941  6.160544E-17
4618.8566827775  6.014316E-17
4624.37568664561  6.416091E-17
4629.8946905137  6.047278E-17
4635.4136943818  5.593661E-17
4640.9326982499  5.841125E-17
4646.451702118  5.608819E-17
4651.9707059861  5.863625E-17
4657.4897098542  5.691613E-17
4663.0087137223  5.821525E-17
4668.5277175904  5.383879E-17
4674.0467214585  5.540705E-17
4679.5657253266  5.546614E-17
4685.0847291947  5.471864E-17
4690.6037330628  5.790240E-17
4696.1227369309  5.622280E-17
4701.64174079901  5.327689E-17
4707.16074466711  5.917539E-17
4712.6797485352  5.672114E-17
4718.19875240331  5.370817E-17
4723.7177562714  5.235967E-17
4729.2367601395  5.232736E-17
4734.7557640076  5.516762E-17
4740.2747678757  5.737822E-17
4745.7937717438  5.465090E-17
4751.31277561191  5.921224E-17
4756.83177948  5.744575E-17
4762.3507833481  5.644311E-17
4767.8697872162  6.072932E-17
4773.3887910843  6.010053E-17
4778.9077949524  5.707078E-17
4784.42679882051  5.773987E-17
4789.94580268861  5.894794E-17
4795.4648065567  6.015576E-17
4800.9838104248  6.653169E-17
4806.5028142929  6.613202E-17
4812.021818161  6.715173E-17
4817.5408220291  6.398382E-17
4823.0598258972  6.948464E-17
4828.5788297653  6.499026E-17
4834.09783363341  6.654416E-17
4839.6168375015  6.659335E-17
4845.1358413696  6.462580E-17
4850.6548452377  6.783709E-17
4856.1738491058  6.368046E-17
4861.6928529739  6.254411E-17
4867.211856842  6.981369E-17
4872.73086071011  6.736406E-17
4878.2498645782  6.304121E-17
4883.76886844631  6.692356E-17
4889.2878723144  6.279822E-17
4894.8068761825  6.494530E-17
4900.3258800506  6.222366E-17
4905.8448839187  6.291787E-17
4911.3638877868  6.348518E-17
4916.8828916549  6.519443E-17
4922.401895523  6.464571E-17
4927.9208993911  6.108940E-17
4933.4399032592  6.003433E-17
4938.9589071273  5.637253E-17
4944.4779109954  5.964747E-17
4949.9969148635  6.314287E-17
4955.5159187316  5.961284E-17
4961.0349225997  5.744182E-17
4966.55392646781  6.540175E-17
4972.07293033591  6.083938E-17
4977.591934204  5.761046E-17
4983.1109380721  5.931151E-17
4988.62994194021  6.314011E-17
4994.1489458083  6.179256E-17
4999.6679496764  6.414140E-17
5005.18695354451  5.754421E-17
5010.70595741261  6.131626E-17
5016.2249612807  6.372578E-17
5021.74396514881  5.772379E-17
5027.2629690169  5.796743E-17
5032.781972885  6.150202E-17
5038.30097675311  6.072514E-17
5043.81998062121  6.048175E-17
5049.33898448931  6.003355E-17
5054.85798835741  5.778171E-17
5060.37699222551  5.699621E-17
5065.89599609361  5.546271E-17
5071.41499996171  5.898798E-17
5076.93400382981  5.762788E-17
5082.4530076979  6.153903E-17
5087.97201156601  5.745118E-17
5093.49101543411  5.884378E-17
5099.0100193022  5.810184E-17
5104.52902317031  5.971705E-17
5110.0480270384  5.655251E-17
5115.56703090651  5.864450E-17
5121.0860347746  5.925171E-17
5126.6050386427  5.610315E-17
5132.12404251081  5.718488E-17
5137.64304637891  5.998957E-17
5143.16205024701  5.580885E-17
5148.6810541151  5.591473E-17
5154.20005798321  6.097970E-17
5159.7190618513  5.857401E-17
5165.2380657194  5.849926E-17
5170.75706958751  6.123116E-17
5176.27607345561  5.777325E-17
5181.7950773237  5.836715E-17
5187.31408119181  5.721426E-17
5192.83308505991  5.898927E-17
5198.352088928  5.988637E-17
5203.8710927961  5.929764E-17
5209.3900966642  5.659789E-17
5214.90910053231  5.641762E-17
5220.42810440041  5.612263E-17
5225.94710826851  5.891522E-17
5231.46611213661  5.698723E-17
5236.98511600471  5.903848E-17
5242.5041198728  5.698246E-17
5248.02312374091  5.328399E-17
5253.542127609  5.639289E-17
5259.06113147711  5.733635E-17
5264.5801353452  5.860458E-17
5270.09913921331  5.669064E-17
5275.6181430814  5.484540E-17
5281.1371469495  5.735971E-17
5286.6561508176  5.084667E-17
5292.1751546857  5.128831E-17
5297.69415855381  5.222641E-17
5303.21316242191  5.229216E-17
5308.73216629001  5.092839E-17
5314.25117015811  5.489360E-17
5319.77017402621  5.167485E-17
5325.28917789431  4.994317E-17
5330.80818176241  5.221802E-17
5336.32718563051  4.731927E-17
5341.84618949861  4.994119E-17
5347.36519336671  4.878108E-17
5352.88419723481  5.029534E-17
5358.4032011029  4.810234E-17
5363.92220497101  4.872705E-17
5369.4412088391  4.767772E-17
5374.96021270721  4.536555E-17
5380.47921657531  4.815795E-17
5385.99822044341  4.716602E-17
5391.51722431151  4.291364E-17
5397.03622817961  4.528281E-17
5402.55523204771  4.525105E-17
5408.0742359158  4.639371E-17
5413.59323978391  4.577912E-17
5419.112243652  4.855988E-17
5424.6312475201  4.511325E-17
5430.15025138821  4.648304E-17
5435.66925525631  4.697647E-17
5441.1882591244  4.832775E-17
5446.70726299251  4.724402E-17
5452.22626686061  4.758018E-17
5457.7452707287  5.134460E-17
5463.26427459681  5.496471E-17
5468.7832784649  5.237448E-17
5474.30228233301  5.056878E-17
5479.82128620111  4.736829E-17
5485.34029006921  4.752348E-17
5490.85929393731  5.318574E-17
5496.37829780541  5.185208E-17
5501.8973016735  5.211087E-17
5507.41630554161  4.971544E-17
5512.93530940971  5.659977E-17
5518.45431327781  5.190386E-17
5523.9733171459  5.022277E-17
5529.49232101401  5.401137E-17
5535.0113248821  5.430797E-17
5540.5303287502  5.245340E-17
5546.04933261831  5.553496E-17
5551.5683364864  5.733237E-17
5557.08734035451  5.674842E-17
5562.60634422261  6.400348E-17
5568.12534809071  6.038294E-17
5573.6443519588  5.995486E-17
5579.16335582691  6.855396E-17
5584.68235969501  6.214229E-17
5590.2013635631  5.884174E-17
5595.72036743121  6.244159E-17
5601.23937129931  6.102720E-17
5606.75837516741  6.500344E-17
5612.27737903551  6.124876E-17
5617.7963829036  6.711743E-17
5623.31538677171  6.611737E-17
5628.83439063981  6.444641E-17
5634.35339450791  6.678016E-17
5639.87239837601  6.917277E-17
5645.39140224411  6.402091E-17
5650.91040611221  6.579095E-17
5656.42940998031  6.906689E-17
5661.94841384841  6.876986E-17
5667.4674177165  6.587185E-17
5672.98642158461  7.066243E-17
5678.50542545271  6.846583E-17
5684.0244293208  6.395564E-17
5689.54343318891  7.093075E-17
5695.06243705701  6.248576E-17
5700.5814409251  6.273072E-17
5706.10044479321  6.913034E-17
5711.61944866131  6.585889E-17
5717.1384525294  6.669936E-17
5722.65745639751  6.398149E-17
5728.17646026561  6.416296E-17
5733.69546413371  7.164557E-17
5739.21446800181  6.335475E-17
5744.73347186991  6.761108E-17
5750.25247573801  5.968358E-17
5755.77147960611  6.275361E-17
5761.29048347421  6.098063E-17
5766.80948734231  5.830019E-17
5772.32849121041  6.068955E-17
5777.84749507851  5.583850E-17
5783.3664989466  5.706028E-17
5788.88550281471  5.985188E-17
5794.40450668281  5.577178E-17
5799.9235105509  5.612862E-17
5805.44251441901  5.532562E-17
5810.96151828711  5.759764E-17
5816.48052215521  5.836060E-17
5821.99952602331  5.472191E-17
5827.51852989141  5.459269E-17
5833.0375337595  5.669185E-17
5838.55653762761  5.333710E-17
5844.07554149571  5.494213E-17
5849.5945453638  5.338942E-17
5855.11354923191  5.446426E-17
5860.63255310001  5.204107E-17
5866.15155696811  4.785035E-17
5871.67056083621  5.244079E-17
5877.18956470431  5.269441E-17
5882.7085685724  5.373452E-17
5888.22757244051  4.568530E-17
5893.74657630861  4.812650E-17
5899.2655801767  5.283966E-17
5904.78458404481  4.725622E-17
5910.30358791291  4.985434E-17
5915.822591781  5.448770E-17
5921.34159564911  4.906544E-17
5926.86059951721  4.966574E-17
5932.37960338531  4.933303E-17
5937.89860725341  4.686467E-17
5943.41761112151  4.967080E-17
5948.9366149896  5.059206E-17
5954.45561885771  4.802622E-17
5959.97462272581  4.531216E-17
5965.4936265939  4.391792E-17
5971.01263046201  4.505876E-17
5976.53163433011  4.424977E-17
5982.0506381982  4.608754E-17
5987.56964206631  4.783258E-17
5993.08864593441  4.690517E-17
5998.60764980251  4.528245E-17
6004.12665367061  4.585458E-17
6009.64565753871  4.677750E-17
6015.1646614068  4.577387E-17
6020.68366527491  4.626273E-17
6026.20266914301  4.607846E-17
6031.72167301111  4.300422E-17
6037.24067687921  4.031975E-17
6042.75968074731  4.108794E-17
6048.27868461541  4.047815E-17
6053.79768848351  4.267982E-17
6059.31669235161  4.218089E-17
6064.83569621971  3.856553E-17
6070.35470008781  4.261015E-17
6075.87370395591  3.978884E-17
6081.39270782401  4.153287E-17
6086.91171169211  4.161109E-17
6092.43071556021  4.522511E-17
6097.94971942831  4.555458E-17
6103.46872329641  4.542018E-17
6108.98772716451  4.394183E-17
6114.50673103261  4.100960E-17
6120.02573490071  4.160948E-17
6125.54473876881  4.097254E-17
6131.06374263691  4.083179E-17
6136.58274650501  4.114779E-17
6142.10175037311  4.138508E-17
6147.62075424121  3.749277E-17
6153.13975810931  3.795157E-17
6158.65876197741  4.262274E-17
6164.17776584551  4.242085E-17
6169.69676971361  4.222989E-17
6175.21577358171  4.387712E-17
6180.73477744981  3.809310E-17
6186.25378131791  4.009799E-17
6191.77278518601  3.882620E-17
6197.29178905411  4.207413E-17
6202.81079292221  3.917573E-17
6208.32979679031  3.770795E-17
6213.84880065841  3.749232E-17
6219.36780452651  4.006915E-17
6224.88680839461  4.031485E-17
6230.40581226271  4.282532E-17
6235.92481613081  4.419757E-17
6241.44381999891  3.994464E-17
6246.96282386701  4.059206E-17
6252.48182773511  4.239593E-17
6258.00083160321  4.342056E-17
6263.51983547131  3.901220E-17
6269.03883933941  3.966603E-17
6274.55784320751  4.148872E-17
6280.07684707561  4.062704E-17
6285.59585094371  4.096837E-17
6291.11485481181  4.166983E-17
6296.63385867991  5.062611E-17
6302.15286254801  4.821875E-17
6307.67186641611  4.459800E-17
6313.19087028421  4.085144E-17
6318.70987415231  4.122609E-17
6324.22887802041  4.451572E-17
6329.74788188851  4.537739E-17
6335.26688575661  4.268168E-17
6340.78588962471  4.581949E-17
6346.30489349281  4.565556E-17
6351.82389736091  4.713925E-17
6357.34290122901  4.921429E-17
6362.86190509711  4.623608E-17
6368.38090896521  4.687908E-17
6373.89991283331  4.518254E-17
6379.41891670141  4.808934E-17
6384.93792056951  4.687324E-17
6390.45692443761  4.890085E-17
6395.97592830571  5.039250E-17
6401.49493217381  4.694974E-17
6407.01393604191  5.264528E-17
6412.53293991001  4.799783E-17
6418.05194377811  5.029659E-17
6423.57094764621  4.729119E-17
6429.08995151431  5.344688E-17
6434.60895538241  5.351695E-17
6440.12795925051  4.835577E-17
6445.64696311861  4.847430E-17
6451.16596698671  5.048308E-17
6456.68497085481  5.075308E-17
6462.20397472291  5.093427E-17
6467.72297859101  4.980460E-17
6473.24198245911  5.054769E-17
6478.76098632721  5.266403E-17
6484.27999019531  5.149248E-17
6489.79899406341  5.233676E-17
6495.31799793151  5.260083E-17
6500.83700179961  5.297780E-17
6506.35600566771  4.929227E-17
6511.87500953581  5.224255E-17
6517.39401340391  5.364242E-17
6522.91301727201  4.799182E-17
6528.43202114011  5.131731E-17
6533.95102500821  5.063901E-17
6539.47002887631  5.230481E-17
6544.98903274441  4.774135E-17
6550.50803661251  5.104104E-17
6556.02704048061  5.112568E-17
6561.54604434871  5.019408E-17
6567.06504821681  4.888714E-17
6572.58405208491  4.690471E-17
6578.10305595301  4.930433E-17
6583.62205982111  5.121941E-17
6589.14106368921  4.765727E-17
6594.66006755731  4.680329E-17
6600.17907142541  4.876890E-17
6605.69807529351  4.573555E-17
6611.21707916161  4.832008E-17
6616.73608302971  4.961223E-17
6622.25508689781  5.137495E-17
6627.77409076591  5.083506E-17
6633.29309463401  5.092544E-17
6638.81209850211  5.033026E-17
6644.33110237021  4.861487E-17
6649.85010623831  4.785922E-17
6655.36911010641  4.561315E-17
6660.88811397451  4.943318E-17
6666.40711784261  4.556553E-17
6671.92612171071  4.776921E-17
6677.44512557881  4.955155E-17
6682.96412944691  4.812337E-17
6688.48313331501  4.625657E-17
6694.00213718311  4.765661E-17
6699.52114105121  4.990031E-17
6705.04014491931  4.841360E-17
6710.55914878741  4.854177E-17
6716.07815265551  5.038895E-17
6721.59715652361  4.697714E-17
6727.11616039171  5.221072E-17
6732.63516425981  5.069742E-17
6738.15416812791  4.483600E-17
6743.67317199601  5.001484E-17
6749.19217586411  4.966885E-17
6754.71117973221  4.927564E-17
6760.23018360031  4.907660E-17
6765.74918746841  4.763732E-17
6771.26819133651  4.573848E-17
6776.78719520461  5.190185E-17
6782.30619907271  4.887779E-17
6787.82520294081  4.943479E-17
6793.34420680891  4.489866E-17
6798.86321067701  4.771801E-17
6804.38221454511  4.836401E-17
6809.90121841321  5.128844E-17
6815.42022228131  4.956296E-17
6820.93922614941  5.218512E-17
6826.45823001751  5.394843E-17
6831.97723388561  5.608541E-17
6837.49623775371  5.320006E-17
6843.01524162181  5.404653E-17
6848.53424548991  5.219084E-17
6854.05324935801  4.947575E-17
6859.57225322611  4.892437E-17
6865.09125709421  4.682719E-17
6870.61026096231  4.205423E-17
6876.12926483041  4.113065E-17
6881.64826869851  4.054591E-17
6887.16727256661  4.026061E-17
6892.68627643471  4.174984E-17
6898.20528030281  4.421311E-17
6903.72428417091  4.064411E-17
6909.24328803901  3.979954E-17
6914.76229190711  4.534092E-17
6920.28129577521  4.574751E-17
6925.80029964331  4.436743E-17
6931.31930351141  4.444211E-17
6936.83830737951  4.290159E-17
6942.35731124761  4.461154E-17
6947.87631511571  4.640290E-17
6953.39531898381  4.444664E-17
6958.91432285191  4.469035E-17
6964.43332672001  4.416758E-17
6969.95233058811  3.856813E-17
6975.47133445621  4.492681E-17
6980.99033832431  4.346045E-17
6986.50934219241  4.299556E-17
6992.02834606051  4.187608E-17
6997.54734992861  4.084889E-17
7003.06635379671  4.273541E-17
7008.58535766481  4.305483E-17
7014.10436153291  4.138560E-17
7019.62336540101  4.117937E-17
7025.14236926911  4.004310E-17
7030.66137313721  3.978879E-17
7036.18037700531  3.919480E-17
7041.69938087341  3.846141E-17
7047.21838474151  3.768157E-17
7052.73738860961  3.478260E-17
7058.25639247771  3.814866E-17
7063.77539634581  3.966274E-17
7069.29440021391  3.532332E-17
7074.81340408201  3.775541E-17
7080.33240795011  4.085395E-17
7085.85141181821  3.830700E-17
7091.37041568631  4.027958E-17
7096.88941955441  4.078934E-17
7102.40842342251  3.788471E-17
7107.92742729061  3.601606E-17
7113.44643115871  3.781092E-17
7118.96543502681  3.906809E-17
7124.48443889491  3.845956E-17
7130.00344276301  3.553017E-17
7135.52244663111  3.775056E-17
7141.04145049921  4.332266E-17
7146.56045436731  4.160054E-17
7152.07945823541  4.148499E-17
7157.59846210351  4.295429E-17
7163.11746597161  3.841048E-17
7168.63646983971  3.660321E-17
7174.15547370781  3.955858E-17
7179.67447757591  4.018979E-17
7185.19348144401  3.881329E-17
7190.71248531211  3.705163E-17
7196.23148918021  3.841889E-17
7201.75049304831  3.884659E-17
7207.26949691641  3.608372E-17
7212.78850078451  3.449117E-17
7218.30750465261  3.557670E-17
7223.82650852071  3.935801E-17
7229.34551238881  3.426847E-17
7234.86451625691  3.891233E-17
7240.38352012501  3.895251E-17
7245.90252399311  4.596524E-17
7251.42152786121  3.248814E-17
7256.94053172931  3.191749E-17
7262.45953559741  3.447650E-17
7267.97853946551  3.684126E-17
7273.49754333361  3.791393E-17
7279.01654720171  3.789587E-17
7284.53555106981  3.766479E-17
7290.05455493791  3.162995E-17
7295.57355880601  3.201484E-17
7301.09256267411  3.468734E-17
7306.61156654221  3.109044E-17
7312.13057041031  2.944065E-17
7317.64957427841  3.158107E-17
7323.16857814651  3.341914E-17
7328.68758201461  3.281551E-17
7334.20658588271  2.831631E-17
7339.72558975081  3.020474E-17
7345.24459361891  3.226318E-17
7350.76359748701  3.140133E-17
7356.28260135511  3.595543E-17
7361.80160522321  3.225493E-17
7367.32060909131  2.957658E-17
7372.83961295941  3.150760E-17
7378.35861682751  2.679625E-17
7383.87762069561  3.574394E-17
7389.39662456371  3.627533E-17
7394.91562843181  2.962453E-17
7400.43463229991  2.812766E-17
7405.95363616801  2.839093E-17
7411.47264003611  3.147174E-17
7416.99164390421  3.350945E-17
7422.51064777231  3.305102E-17
7428.02965164041  2.814601E-17
7433.54865550851  2.454587E-17
7439.06765937661  2.876930E-17
7444.58666324471  2.820797E-17
7450.10566711281  3.010714E-17
7455.62467098091  3.419717E-17
7461.14367484901  2.944841E-17
7466.66267871711  2.614585E-17
7472.18168258521  3.131919E-17
7477.70068645331  3.312741E-17
7483.21969032141  2.977064E-17
7488.73869418951  3.420860E-17
7494.25769805761  3.454919E-17
7499.77670192571  2.685259E-17
7505.29570579381  2.665655E-17
7510.81470966191  2.862292E-17
7516.33371353001  3.388940E-17
7521.85271739811  3.152880E-17
7527.37172126621  2.722296E-17
7532.89072513431  2.538501E-17
7538.40972900241  2.413987E-17
7543.92873287051  3.048933E-17
7549.44773673861  3.444309E-17
7554.96674060671  5.975702E-17
7560.48574447481  7.616708E-17
7566.00474834291  9.106895E-17
7571.52375221101  5.825815E-17
7577.04275607911  6.156457E-17
7582.56175994721  5.193577E-17
7588.08076381531  5.960564E-17
7593.59976768341  4.806498E-17
7599.11877155151  2.405656E-17
7604.63777541961  2.049656E-17
7610.15677928771  1.830972E-17
7615.67578315581  2.156866E-17
7621.19478702391  2.271178E-17
7626.71379089201  1.669198E-17
7632.23279476011  1.423351E-17
7637.75179862821  1.630425E-17
7643.27080249631  1.593514E-17
7648.78980636441  1.873098E-17
7654.30881023251  1.940840E-17
7659.82781410061  2.250383E-17
7665.34681796871  2.652984E-17
7670.86582183681  2.243874E-17
7676.38482570491  2.201318E-17
7681.90382957301  2.443306E-17
7687.42283344111  2.528301E-17
7692.94183730921  3.015421E-17
7698.46084117731  1.835335E-17
7703.97984504541  2.162282E-17
7709.49884891351  1.391424E-17
7715.01785278161  2.812943E-17
7720.53685664971  3.220592E-17
7726.05586051781  2.537090E-17
7731.57486438591  3.062752E-17
7737.09386825401  2.742713E-17
7742.61287212211  2.460801E-17
7748.13187599021  2.788402E-17
7753.65087985831  3.370971E-17
7759.16988372641  3.655839E-17
7764.68888759451  3.110146E-17
7770.20789146261  2.512535E-17
7775.72689533071  2.321744E-17
7781.24589919881  2.514438E-17
7786.76490306691  2.734846E-17
7792.28390693501  3.407034E-17
7797.80291080311  2.919253E-17
7803.32191467121  3.087631E-17
7808.84091853931  2.291649E-17
7814.35992240741  2.457534E-17
7819.87892627551  2.821431E-17
7825.39793014361  3.300339E-17
7830.91693401171  3.865951E-17
7836.43593787981  3.276087E-17
7841.95494174791  2.124143E-17
7847.47394561601  1.931801E-17
7852.99294948411  2.766778E-17
7858.51195335221  3.506892E-17
7864.03095722031  3.098744E-17
7869.54996108841  3.762895E-17
7875.06896495651  3.809631E-17
7880.58796882461  2.528877E-17
7886.10697269271  2.506787E-17
7891.62597656081  3.752139E-17
7897.14498042891  3.768987E-17
7902.66398429701  3.009159E-17
7908.18298816511  2.722825E-17
7913.70199203321  2.947803E-17
7919.22099590131  3.208853E-17
7924.73999976941  3.080049E-17
7930.25900363751  2.862236E-17
7935.77800750561  3.294125E-17
7941.29701137371  3.063895E-17
7946.81601524181  2.462312E-17
7952.33501910991  3.149962E-17
7957.85402297801  3.464821E-17
7963.37302684611  3.686906E-17
7968.89203071421  3.828411E-17
7974.41103458231  3.198786E-17
7979.93003845041  3.437242E-17
7985.44904231851  2.855967E-17
7990.96804618661  2.811749E-17
7996.48705005471  3.469279E-17
8002.00605392281  3.606284E-17
8007.52505779091  3.923848E-17
8013.04406165901  3.474847E-17
8018.56306552711  2.821293E-17
8024.08206939521  2.959414E-17
8029.60107326331  3.185675E-17
8035.12007713141  3.180611E-17
8040.63908099951  3.211303E-17
8046.15808486761  3.512861E-17
8051.67708873571  3.094924E-17
8057.19609260381  2.625720E-17
8062.71509647191  2.782152E-17
8068.23410034001  2.896732E-17
8073.75310420811  3.045216E-17
8079.27210807621  3.400319E-17
8084.79111194431  3.571313E-17
8090.31011581241  3.400406E-17
8095.82911968051  2.997893E-17
8101.34812354861  3.679492E-17
8106.86712741671  4.143158E-17
8112.38613128481  4.062143E-17
8117.90513515291  4.183990E-17
8123.42413902101  3.507575E-17
8128.94314288911  3.644625E-17
8134.46214675721  3.427640E-17
8139.98115062531  3.320878E-17
8145.50015449341  4.234457E-17
8151.01915836151  4.041270E-17
8156.53816222961  3.044693E-17
8162.05716609771  2.945149E-17
8167.57616996581  2.997224E-17
8173.09517383391  3.194239E-17
8178.61417770201  3.753212E-17
8184.13318157011  3.677806E-17
8189.65218543821  3.482246E-17
8195.17118930631  3.612981E-17
8200.69019317441  3.373790E-17
8206.20919704251  2.667919E-17
8211.72820091061  2.628390E-17
8217.24720477871  3.324374E-17
8222.76620864681  3.361820E-17
8228.28521251491  3.182267E-17
8233.80421638301  3.098973E-17
8239.32322025111  3.012375E-17
8244.84222411921  3.657990E-17
8250.36122798731  3.545073E-17
8255.88023185541  3.476211E-17
8261.39923572351  2.825084E-17
8266.91823959161  3.146480E-17
8272.43724345971  3.074936E-17
8277.95624732781  2.987475E-17
8283.47525119591  3.361026E-17
8288.99425506401  3.287422E-17
8294.51325893211  3.259481E-17
8300.03226280021  2.902721E-17
8305.55126666831  2.759156E-17
8311.07027053641  2.503876E-17
8316.58927440451  2.109170E-17
8322.10827827261  2.663327E-17
8327.62728214071  2.773966E-17
8333.14628600881  2.752711E-17
8338.66528987691  2.242340E-17
8344.18429374501  1.470565E-17
8349.70329761311  2.370680E-17
8355.22230148121  3.102232E-17
8360.74130534931  2.452545E-17
8366.26030921741  2.786203E-17
8371.77931308551  3.435352E-17
8377.29831695361  2.787544E-17
8382.81732082171  2.477183E-17
8388.33632468981  2.803132E-17
8393.85532855791  1.503325E-17
8399.37433242601  3.365534E-17
8404.89333629411  3.951075E-17
8410.41234016221  3.110905E-17
8415.93134403031  3.245684E-17
8421.45034789841  2.064572E-17
8426.96935176651  1.587424E-17
8432.48835563461  2.280221E-17
8438.00735950271  2.808317E-17
8443.52636337081  3.258716E-17
8449.04536723891  2.818530E-17
8454.56437110701  2.006936E-17
8460.08337497511  1.820968E-17
8465.60237884321  2.780000E-17
8471.12138271131  3.226510E-17
8476.64038657941  3.474382E-17
8482.15939044751  2.833408E-17
8487.67839431561  2.887228E-17
8493.19739818371  2.664207E-17
8498.71640205181  1.870981E-17
8504.23540591991  2.892794E-17
8509.75440978801  3.102065E-17
8515.27341365611  3.000726E-17
8520.79241752421  3.353354E-17
8526.31142139231  3.247366E-17
8531.83042526041  2.377641E-17
8537.34942912851  2.165365E-17
8542.86843299661  2.800641E-17
8548.38743686471  2.454856E-17
8553.90644073281  2.859624E-17
8559.42544460091  2.031754E-17
8564.94444846901  2.605425E-17
8570.46345233711  2.542367E-17
8575.98245620521  2.150176E-17
8581.50146007331  2.255771E-17
8587.02046394141  2.557373E-17
8592.53946780951  3.015927E-17
8598.05847167761  2.669047E-17
8603.57747554571  2.605809E-17
8609.09647941381  2.114233E-17
8614.61548328191  2.114922E-17
8620.13448715001  2.730499E-17
8625.65349101811  2.962161E-17
8631.17249488621  3.019209E-17
8636.69149875431  3.738881E-17
8642.21050262241  3.630416E-17
8647.72950649051  1.803106E-17
8653.24851035861  9.899795E-18
8658.76751422671  1.614179E-17
8664.28651809481  2.506035E-17
8669.80552196291  1.960191E-17
8675.32452583101  1.620242E-17
8680.84352969911  2.262452E-17
8686.36253356721  2.125685E-17
8691.88153743531  2.516297E-17
8697.40054130341  1.880125E-17
8702.91954517151  2.651849E-17
8708.43854903961  1.939108E-17
8713.95755290771  2.102833E-17
8719.47655677581  2.627754E-17
8724.99556064391  2.752389E-17
8730.51456451201  2.312914E-17
8736.03356838011  1.886102E-17
8741.55257224821  1.955312E-17
8747.07157611631  2.348519E-17
8752.59057998441  3.122731E-17
8758.10958385251  2.978079E-17
8763.62858772061  7.610807E-18
8769.14759158871  2.251439E-17
8774.66659545681  1.196174E-17
8780.18559932491  1.787174E-17
8785.70460319301  3.209400E-17
8791.22360706111  2.865052E-17
8796.74261092921  2.429475E-17
8802.26161479731  1.684984E-17
8807.78061866541  2.599789E-17
8813.29962253351  2.668448E-17
8818.81862640161  1.802826E-17
8824.33763026971  3.673905E-17
8829.85663413781  4.680738E-17
8835.37563800591  2.815899E-17
8840.89464187401  2.870522E-17
8846.41364574211  2.596193E-17
8851.93264961021  2.213822E-17
8857.45165347831  2.085287E-17
8862.97065734641  3.587788E-17
8868.48966121451  2.114839E-17
8874.00866508261  1.416920E-17
8879.52766895071  3.475108E-18
8885.04667281881  1.121028E-17
8890.56567668691  1.894393E-17
8896.08468055501  2.808170E-17
8901.60368442311  2.580443E-17
8907.12268829121  2.503052E-17
8912.64169215931  2.059834E-17
8918.16069602741  9.105252E-18
8923.67969989551  1.948390E-17
8929.19870376361  2.172642E-17
8934.71770763171  1.793377E-17
8940.23671149981  2.007399E-17
8945.75571536791  2.718841E-17
8951.27471923601  1.834641E-17
8956.79372310411  2.263102E-17
8962.31272697221  3.190701E-17
8967.83173084031  2.313857E-17
8973.35073470841  3.429847E-17
8978.86973857651  3.185599E-17
8984.38874244461  2.599218E-17
8989.90774631271  2.423131E-17
8995.42675018081  2.370303E-17
9000.94575404891  3.469712E-17
9006.46475791701  2.251515E-17
9011.98376178511  1.573475E-17
9017.50276565321  1.394397E-17
9023.02176952131  1.380346E-17
9028.54077338941  2.342463E-17
9034.05977725751  3.207982E-17
9039.57878112561  3.466524E-17
9045.09778499371  1.766339E-17
9050.61678886181  2.554262E-17
9056.13579272991  2.591010E-17
9061.65479659801  2.559082E-17
9067.17380046611  2.719727E-17
9072.69280433421  2.043328E-17
9078.21180820231  2.347922E-17
9083.73081207041  9.383007E-18
9089.24981593851  2.643839E-17
9094.76881980661  2.408605E-17
9100.28782367471  2.813796E-17
9105.80682754281  2.745956E-17
9111.32583141091  2.078366E-17
9116.84483527901  1.493255E-17
9122.36383914711  2.064660E-17
9127.88284301521  1.404826E-17
9133.40184688331  2.616569E-17
9138.92085075141  2.563554E-17
9144.43985461951  1.718796E-17
9149.95885848761  2.067106E-17
9155.47786235571  1.773558E-17
9160.99686622381  1.790274E-17
9166.51587009191  2.369020E-17
9172.03487396001  1.847339E-17
9177.55387782811  2.020703E-17
9183.07288169621  1.787516E-17
9188.59188556431  2.002774E-17
9194.11088943241  2.645328E-17
9199.62989330051  2.531773E-17
9205.14889716861  0.
9210.66790103671  0.
9216.18690490481  0.
9221.70590877291  0.
9227.22491264101  0.
9232.74391650911  0.
9238.26292037721  0.
9243.78192424531  0.
9249.30092811341  0.
