3668.42041016  1.619474E-16
3673.93695450204  1.724577E-16
3679.45349884408  2.161522E-16
3684.97004318612  1.837770E-16
3690.48658752816  1.203256E-16
3696.0031318702  1.682950E-16
3701.51967621224  9.882730E-17
3707.03622055428  1.527105E-16
3712.55276489632  9.670070E-17
3718.06930923836  1.588981E-16
3723.5858535804  1.700768E-16
3729.10239792244  1.623054E-16
3734.61894226448  1.874249E-16
3740.13548660652  1.754105E-16
3745.65203094856  1.525216E-16
3751.1685752906  1.515066E-16
3756.68511963264  2.030292E-16
3762.20166397468  1.639310E-16
3767.71820831672  1.279550E-16
3773.23475265876  1.381652E-16
3778.7512970008  2.100042E-16
3784.26784134284  1.515329E-16
3789.78438568488  1.700904E-16
3795.30093002692  1.585277E-16
3800.81747436896  1.398141E-16
3806.334018711  1.586345E-16
3811.85056305304  1.740692E-16
3817.36710739508  1.566069E-16
3822.88365173712  1.441759E-16
3828.40019607916  1.362623E-16
3833.9167404212  1.486027E-16
3839.43328476324  1.402643E-16
3844.94982910528  1.580169E-16
3850.46637344732  1.093254E-16
3855.98291778936  1.495007E-16
3861.4994621314  1.191403E-16
3867.01600647344  1.581963E-16
3872.53255081548  1.349766E-16
3878.04909515752  9.858649E-17
3883.56563949956  1.477898E-16
3889.0821838416  1.520498E-16
3894.59872818364  1.262363E-16
3900.11527252568  1.435135E-16
3905.63181686772  1.707055E-16
3911.14836120976  1.341174E-16
3916.6649055518  1.531181E-16
3922.18144989384  1.635587E-16
3927.69799423588  1.662543E-16
3933.21453857792  1.435733E-16
3938.73108291996  1.124008E-16
3944.247627262  1.373792E-16
3949.76417160404  1.531339E-16
3955.28071594608  1.286019E-16
3960.79726028812  1.204251E-16
3966.31380463016  1.066999E-16
3971.8303489722  1.227670E-16
3977.34689331424  1.259248E-16
3982.86343765628  1.267523E-16
3988.37998199832  1.237059E-16
3993.89652634036  1.112457E-16
3999.4130706824  1.335231E-16
4004.92961502444  9.854643E-17
4010.44615936648  1.539495E-16
4015.96270370852  1.553330E-16
4021.47924805056  1.206366E-16
4026.9957923926  1.271648E-16
4032.51233673464  1.263600E-16
4038.02888107668  1.351516E-16
4043.54542541872  1.321704E-16
4049.06196976076  1.318748E-16
4054.5785141028  1.072752E-16
4060.09505844484  1.586182E-16
4065.61160278688  1.038613E-16
4071.12814712892  1.145152E-16
4076.64469147096  1.127516E-16
4082.161235813  1.521192E-16
4087.67778015504  1.313406E-16
4093.19432449708  1.355021E-16
4098.71086883912  1.207708E-16
4104.22741318116  9.319463E-17
4109.7439575232  1.281250E-16
4115.26050186524  9.093247E-17
4120.77704620728  1.179141E-16
4126.29359054932  1.334888E-16
4131.81013489136  1.185824E-16
4137.3266792334  1.411166E-16
4142.84322357544  1.022113E-16
4148.35976791748  1.460445E-16
4153.87631225952  1.197163E-16
4159.39285660156  1.393913E-16
4164.9094009436  1.400979E-16
4170.42594528564  1.275617E-16
4175.94248962768  1.453648E-16
4181.45903396972  1.366781E-16
4186.97557831176  1.141733E-16
4192.4921226538  1.433878E-16
4198.00866699584  1.553240E-16
4203.52521133788  1.179875E-16
4209.04175567992  1.151122E-16
4214.55830002196  9.733141E-17
4220.074844364  9.747380E-17
4225.59138870604  1.177448E-16
4231.10793304808  1.178035E-16
4236.62447739012  1.227627E-16
4242.14102173216  1.159191E-16
4247.6575660742  1.144603E-16
4253.17411041624  1.313334E-16
4258.69065475828  1.351199E-16
4264.20719910032  1.300301E-16
4269.72374344236  1.253111E-16
4275.2402877844  9.430535E-17
4280.75683212644  1.339389E-16
4286.27337646848  1.198751E-16
4291.78992081052  1.185769E-16
4297.30646515256  1.354978E-16
4302.8230094946  1.027984E-16
4308.33955383664  1.181317E-16
4313.85609817868  1.407703E-16
4319.37264252072  8.518784E-17
4324.88918686276  1.114399E-16
4330.4057312048  1.215553E-16
4335.92227554684  1.389577E-16
4341.43881988888  1.291127E-16
4346.95536423092  1.255987E-16
4352.47190857296  1.140424E-16
4357.988452915  1.110170E-16
4363.50499725704  1.332787E-16
4369.02154159908  9.720297E-17
4374.53808594112  1.301145E-16
4380.05463028316  1.421766E-16
4385.5711746252  1.136480E-16
4391.08771896724  1.299570E-16
4396.60426330928  1.359008E-16
4402.12080765132  1.272239E-16
4407.63735199336  1.364044E-16
4413.1538963354  1.353536E-16
4418.67044067744  1.398638E-16
4424.18698501948  1.357275E-16
4429.70352936152  1.331351E-16
4435.22007370356  1.396379E-16
4440.7366180456  1.323512E-16
4446.25316238764  1.250193E-16
4451.76970672968  1.217638E-16
4457.28625107172  1.165785E-16
4462.80279541376  1.135545E-16
4468.3193397558  1.320391E-16
4473.83588409784  1.238398E-16
4479.35242843988  1.272765E-16
4484.86897278192  1.219463E-16
4490.38551712396  1.207893E-16
4495.902061466  1.166458E-16
4501.41860580804  1.457542E-16
4506.93515015008  1.448342E-16
4512.45169449212  1.191760E-16
4517.96823883416  1.328040E-16
4523.4847831762  1.301481E-16
4529.00132751824  1.445510E-16
4534.51787186028  1.223147E-16
4540.03441620232  1.227419E-16
4545.55096054436  1.440506E-16
4551.0675048864  1.461506E-16
4556.58404922844  1.326326E-16
4562.10059357048  1.127099E-16
4567.61713791252  1.515764E-16
4573.13368225456  1.252623E-16
4578.6502265966  1.143752E-16
4584.16677093864  9.437306E-17
4589.68331528068  1.369981E-16
4595.19985962272  1.150752E-16
4600.71640396476  1.296275E-16
4606.2329483068  1.326673E-16
4611.74949264884  1.160204E-16
4617.26603699088  1.126262E-16
4622.78258133292  1.180166E-16
4628.29912567496  1.095045E-16
4633.815670017  1.273027E-16
4639.33221435904  1.295080E-16
4644.84875870108  1.177917E-16
4650.36530304312  1.357940E-16
4655.88184738516  1.209793E-16
4661.3983917272  1.102658E-16
4666.91493606924  1.169005E-16
4672.43148041128  1.272621E-16
4677.94802475332  1.222202E-16
4683.46456909536  1.158015E-16
4688.9811134374  7.210721E-17
4694.49765777944  1.144534E-16
4700.01420212148  9.293413E-17
4705.53074646353  1.185412E-16
4711.04729080556  1.246172E-16
4716.56383514761  1.234247E-16
4722.08037948964  1.359726E-16
4727.59692383168  1.098468E-16
4733.11346817372  1.117013E-16
4738.63001251576  1.081746E-16
4744.1465568578  1.143695E-16
4749.66310119984  1.387743E-16
4755.17964554189  1.109221E-16
4760.69618988392  1.133814E-16
4766.21273422597  1.148656E-16
4771.729278568  1.018019E-16
4777.24582291004  1.113806E-16
4782.76236725208  1.229543E-16
4788.27891159412  1.248233E-16
4793.79545593616  1.050158E-16
4799.3120002782  1.186263E-16
4804.82854462024  1.100960E-16
4810.34508896228  8.869814E-17
4815.86163330432  1.287762E-16
4821.37817764636  1.274794E-16
4826.8947219884  1.223835E-16
4832.41126633044  9.419634E-17
4837.92781067248  9.806343E-17
4843.44435501452  7.842509E-17
4848.96089935656  1.061762E-16
4854.4774436986  1.006514E-16
4859.99398804064  8.942222E-17
4865.51053238268  9.309134E-17
4871.02707672472  1.282377E-16
4876.54362106676  9.613497E-17
4882.0601654088  1.209462E-16
4887.57670975084  9.800836E-17
4893.09325409288  1.034837E-16
4898.60979843492  1.072382E-16
4904.12634277696  1.106275E-16
4909.642887119  9.572230E-17
4915.15943146105  9.454569E-17
4920.67597580308  1.157726E-16
4926.19252014512  9.768799E-17
4931.70906448716  1.005362E-16
4937.2256088292  1.141974E-16
4942.74215317124  1.024569E-16
4948.25869751328  8.672890E-17
4953.77524185532  1.173420E-16
4959.29178619736  1.385539E-16
4964.80833053941  1.190715E-16
4970.32487488144  1.226159E-16
4975.84141922348  1.007875E-16
4981.35796356552  9.807676E-17
4986.87450790756  9.801776E-17
4992.3910522496  8.541350E-17
4997.90759659164  9.929753E-17
5003.42414093369  8.569903E-17
5008.94068527572  9.731620E-17
5014.45722961777  1.145262E-16
5019.9737739598  1.083879E-16
5025.49031830184  1.057131E-16
5031.00686264389  1.151139E-16
5036.52340698593  8.208538E-17
5042.03995132796  9.024135E-17
5047.55649567  1.078497E-16
5053.07304001205  1.068923E-16
5058.58958435409  9.425583E-17
5064.10612869612  9.690326E-17
5069.62267303816  6.706294E-17
5075.1392173802  1.005550E-16
5080.65576172224  1.076879E-16
5086.17230606429  7.801769E-17
5091.68885040632  1.095328E-16
5097.20539474836  1.026339E-16
5102.72193909041  9.997497E-17
5108.23848343244  1.203656E-16
5113.75502777449  9.504749E-17
5119.27157211652  8.863376E-17
5124.78811645857  9.559866E-17
5130.30466080061  6.595867E-17
5135.82120514265  8.691609E-17
5141.33774948469  1.076350E-16
5146.85429382673  1.108739E-16
5152.37083816877  8.679040E-17
5157.8873825108  7.562010E-17
5163.40392685285  8.649528E-17
5168.92047119489  9.339395E-17
5174.43701553693  9.350257E-17
5179.95355987897  9.073463E-17
5185.47010422101  8.646264E-17
5190.98664856305  1.070512E-16
5196.50319290509  9.060942E-17
5202.01973724713  1.011214E-16
5207.53628158916  9.316244E-17
5213.05282593121  9.332862E-17
5218.56937027325  9.643575E-17
5224.08591461528  8.829082E-17
5229.60245895732  7.799522E-17
5235.11900329936  7.524052E-17
5240.63554764141  7.630107E-17
5246.15209198345  1.105509E-16
5251.66863632549  9.129083E-17
5257.18518066752  1.070227E-16
5262.70172500957  8.639835E-17
5268.21826935161  9.192906E-17
5273.73481369365  8.844159E-17
5279.25135803568  8.218468E-17
5284.76790237773  9.667090E-17
5290.28444671977  8.231711E-17
5295.80099106181  9.331549E-17
5301.31753540385  8.819637E-17
5306.83407974588  8.423759E-17
5312.35062408793  9.485242E-17
5317.86716842996  7.530124E-17
5323.38371277201  5.633390E-17
5328.90025711405  8.018835E-17
5334.41680145608  9.400083E-17
5339.93334579812  5.646163E-17
5345.44989014016  8.449649E-17
5350.96643448221  6.381294E-17
5356.48297882424  5.351837E-17
5361.99952316628  8.169608E-17
5367.51606750832  1.006642E-16
5373.03261185036  9.189717E-17
5378.54915619241  5.977785E-17
5384.06570053445  7.527537E-17
5389.58224487649  6.755846E-17
5395.09878921853  7.823276E-17
5400.61533356057  9.931175E-17
5406.13187790261  6.533671E-17
5411.64842224465  7.082625E-17
5417.16496658668  9.338739E-17
5422.68151092872  7.340604E-17
5428.19805527077  8.368866E-17
5433.71459961281  8.456866E-17
5439.23114395485  7.215768E-17
5444.74768829689  1.008214E-16
5450.26423263893  8.022155E-17
5455.78077698097  1.063210E-16
5461.29732132301  9.584055E-17
5466.81386566504  7.739024E-17
5472.33041000708  6.826274E-17
5477.84695434913  9.501363E-17
5483.36349869117  9.803074E-17
5488.8800430332  7.116026E-17
5494.39658737524  5.609561E-17
5499.91313171729  8.676580E-17
5505.42967605933  8.258691E-17
5510.94622040137  8.966205E-17
5516.4627647434  1.000357E-16
5521.97930908544  7.438311E-17
5527.49585342748  9.151033E-17
5533.01239776953  8.633919E-17
5538.52894211157  7.569972E-17
5544.04548645361  1.073546E-16
5549.56203079565  8.942872E-17
5555.07857513769  8.655271E-17
5560.59511947973  9.758769E-17
5566.11166382177  7.213601E-17
5571.6282081638  7.936615E-17
5577.14475250584  1.038882E-16
5582.66129684788  9.997702E-17
5588.17784118993  1.193190E-16
5593.69438553197  8.252514E-17
5599.21092987401  8.124751E-17
5604.72747421604  8.643030E-17
5610.24401855808  7.843896E-17
5615.76056290013  7.624294E-17
5621.27710724217  9.311399E-17
5626.79365158421  9.373803E-17
5632.31019592625  8.112602E-17
5637.82674026829  6.891549E-17
5643.34328461033  8.482813E-17
5648.85982895237  9.358954E-17
5654.37637329441  9.667574E-17
5659.89291763645  9.809389E-17
5665.40946197849  7.379163E-17
5670.92600632053  9.205571E-17
5676.44255066257  8.380553E-17
5681.95909500461  6.817848E-17
5687.47563934665  7.915011E-17
5692.99218368869  8.778570E-17
5698.50872803073  9.256693E-17
5704.02527237277  9.352708E-17
5709.54181671481  7.365018E-17
5715.05836105685  7.110072E-17
5720.57490539889  8.566724E-17
5726.09144974093  5.787014E-17
5731.60799408297  7.395062E-17
5737.12453842501  8.420228E-17
5742.64108276705  6.163379E-17
5748.15762710909  7.716122E-17
5753.67417145112  7.829433E-17
5759.19071579317  9.459574E-17
5764.7072601352  7.574332E-17
5770.22380447725  8.554658E-17
5775.74034881929  8.540337E-17
5781.25689316133  1.145311E-16
5786.77343750337  9.647886E-17
5792.28998184541  7.980459E-17
5797.80652618745  6.626026E-17
5803.32307052949  7.505352E-17
5808.83961487153  9.434256E-17
5814.35615921356  6.988909E-17
5819.87270355561  8.054880E-17
5825.38924789765  8.497276E-17
5830.90579223969  6.308077E-17
5836.42233658173  5.196364E-17
5841.93888092377  7.454295E-17
5847.45542526581  7.388187E-17
5852.97196960785  7.229259E-17
5858.48851394989  7.459558E-17
5864.00505829193  7.452490E-17
5869.52160263397  7.714010E-17
5875.03814697601  7.954691E-17
5880.55469131805  7.655093E-17
5886.07123566009  7.217860E-17
5891.58778000213  7.964655E-17
5897.10432434417  6.785193E-17
5902.6208686862  7.275415E-17
5908.13741302825  8.742417E-17
5913.65395737028  8.605207E-17
5919.17050171233  8.797884E-17
5924.68704605437  5.994277E-17
5930.20359039641  5.823855E-17
5935.72013473845  7.676715E-17
5941.23667908049  7.114861E-17
5946.75322342253  6.660181E-17
5952.26976776456  6.199293E-17
5957.78631210661  5.939739E-17
5963.30285644865  6.366905E-17
5968.81940079069  7.363844E-17
5974.33594513273  8.340479E-17
5979.85248947477  6.927903E-17
5985.36903381681  7.758765E-17
5990.88557815885  9.397351E-17
5996.40212250089  7.915021E-17
6001.91866684292  8.304021E-17
6007.43521118497  6.747069E-17
6012.95175552701  6.238848E-17
6018.46829986905  6.828563E-17
6023.98484421108  7.654348E-17
6029.50138855312  7.330672E-17
6035.01793289517  8.059383E-17
6040.53447723721  7.935478E-17
6046.05102157925  6.648347E-17
6051.56756592128  6.231410E-17
6057.08411026333  6.302709E-17
6062.60065460537  5.246982E-17
6068.11719894741  5.159001E-17
6073.63374328944  7.573638E-17
6079.15028763149  6.207312E-17
6084.66683197353  5.554346E-17
6090.18337631557  7.877782E-17
6095.69992065761  6.589542E-17
6101.21646499965  5.832108E-17
6106.73300934169  7.584318E-17
6112.24955368373  6.410267E-17
6117.76609802577  4.672437E-17
6123.28264236781  6.712426E-17
6128.79918670985  7.324214E-17
6134.31573105189  5.366097E-17
6139.83227539393  7.429587E-17
6145.34881973597  6.876041E-17
6150.86536407801  6.251125E-17
6156.38190842005  7.592292E-17
6161.89845276209  8.467772E-17
6167.41499710413  6.753253E-17
6172.93154144617  8.532912E-17
6178.44808578821  7.880593E-17
6183.96463013025  8.522975E-17
6189.48117447229  6.814420E-17
6194.99771881433  4.092125E-17
6200.51426315637  6.362642E-17
6206.03080749841  5.684674E-17
6211.54735184045  5.947045E-17
6217.06389618249  5.884225E-17
6222.58044052453  5.049937E-17
6228.09698486657  5.924309E-17
6233.61352920861  7.714764E-17
6239.13007355065  6.700895E-17
6244.64661789269  5.081335E-17
6250.16316223473  6.497545E-17
6255.67970657677  8.412406E-17
6261.19625091881  6.814761E-17
6266.71279526085  6.537264E-17
6272.22933960289  7.096729E-17
6277.74588394493  5.636478E-17
6283.26242828697  5.382826E-17
6288.77897262901  6.697887E-17
6294.29551697105  6.254438E-17
6299.81206131309  5.965644E-17
6305.32860565513  5.783715E-17
6310.84514999717  4.228257E-17
6316.36169433921  5.643730E-17
6321.87823868125  8.281936E-17
6327.39478302329  5.910858E-17
6332.91132736533  7.474035E-17
6338.42787170737  5.204423E-17
6343.94441604941  5.474881E-17
6349.46096039145  6.376524E-17
6354.97750473349  7.662962E-17
6360.49404907553  8.821589E-17
6366.01059341757  6.145225E-17
6371.52713775961  5.823225E-17
6377.04368210165  7.702724E-17
6382.56022644369  6.124509E-17
6388.07677078573  5.428913E-17
6393.59331512777  5.260575E-17
6399.10985946981  5.514964E-17
6404.62640381185  5.387457E-17
6410.14294815389  5.698690E-17
6415.65949249593  7.127664E-17
6421.17603683797  7.346974E-17
6426.69258118001  6.198616E-17
6432.20912552205  6.029304E-17
6437.72566986409  7.392792E-17
6443.24221420613  5.982299E-17
6448.75875854817  7.617434E-17
6454.27530289021  6.924265E-17
6459.79184723224  6.211067E-17
6465.30839157429  6.644199E-17
6470.82493591633  4.913172E-17
6476.34148025837  6.378437E-17
6481.85802460041  7.169048E-17
6487.37456894245  7.458445E-17
6492.89111328449  7.002995E-17
6498.40765762653  5.829162E-17
6503.92420196857  5.985024E-17
6509.44074631061  5.612323E-17
6514.95729065265  7.685367E-17
6520.47383499469  7.390881E-17
6525.99037933673  7.126522E-17
6531.50692367877  8.336814E-17
6537.02346802081  7.018531E-17
6542.54001236285  7.145516E-17
6548.05655670489  6.784789E-17
6553.57310104693  6.051162E-17
6559.08964538897  7.470691E-17
6564.60618973101  5.939788E-17
6570.12273407305  6.963007E-17
6575.63927841508  7.482078E-17
6581.15582275713  6.114465E-17
6586.67236709917  4.290027E-17
6592.18891144121  6.861987E-17
6597.70545578325  7.393957E-17
6603.22200012529  6.974270E-17
6608.73854446733  7.864156E-17
6614.25508880937  5.872483E-17
6619.77163315141  5.875824E-17
6625.28817749345  7.807573E-17
6630.80472183549  5.241753E-17
6636.32126617753  5.857838E-17
6641.83781051957  6.587177E-17
6647.35435486161  4.741324E-17
6652.87089920365  6.802653E-17
6658.38744354569  6.672258E-17
6663.90398788773  4.959002E-17
6669.42053222977  5.119674E-17
6674.93707657181  3.947997E-17
6680.45362091385  5.323649E-17
6685.97016525589  6.607083E-17
6691.48670959793  5.425780E-17
6697.00325393997  4.717654E-17
6702.51979828201  4.348439E-17
6708.03634262405  6.277806E-17
6713.55288696609  6.280559E-17
6719.06943130813  5.239513E-17
6724.58597565017  4.392497E-17
6730.10251999221  4.927786E-17
6735.61906433425  6.005090E-17
6741.13560867629  6.315623E-17
6746.65215301833  4.591802E-17
6752.16869736037  7.110710E-17
6757.68524170241  6.590516E-17
6763.20178604445  6.261748E-17
6768.71833038649  5.248616E-17
6774.23487472853  6.615308E-17
6779.75141907057  5.909251E-17
6785.26796341261  6.199805E-17
6790.78450775465  7.596498E-17
6796.30105209669  5.340674E-17
6801.81759643873  6.195444E-17
6807.33414078077  5.870131E-17
6812.85068512281  6.808334E-17
6818.36722946485  5.617711E-17
6823.88377380689  5.541975E-17
6829.40031814893  5.470672E-17
6834.91686249097  5.568174E-17
6840.43340683301  5.996282E-17
6845.94995117505  5.286048E-17
6851.46649551709  6.565239E-17
6856.98303985913  6.994183E-17
6862.49958420117  5.059268E-17
6868.01612854321  5.020604E-17
6873.53267288525  5.779464E-17
6879.04921722729  5.306523E-17
6884.56576156933  6.830902E-17
6890.08230591137  4.690269E-17
6895.59885025341  5.824400E-17
6901.11539459545  5.845491E-17
6906.63193893749  5.385022E-17
6912.14848327953  6.093568E-17
6917.66502762157  6.113097E-17
6923.18157196361  5.024576E-17
6928.69811630565  4.499027E-17
6934.21466064769  5.730828E-17
6939.73120498973  5.041078E-17
6945.24774933177  4.791135E-17
6950.76429367381  5.645287E-17
6956.28083801585  7.455806E-17
6961.79738235789  5.942885E-17
6967.31392669993  5.845208E-17
6972.83047104197  5.715958E-17
6978.34701538401  5.668830E-17
6983.86355972605  3.237321E-17
6989.38010406809  4.235257E-17
6994.89664841013  4.015078E-17
7000.41319275217  4.491203E-17
7005.92973709421  5.350563E-17
7011.44628143625  4.557474E-17
7016.96282577829  3.876866E-17
7022.47937012033  3.941769E-17
7027.99591446237  4.862531E-17
7033.51245880441  5.617988E-17
7039.02900314645  4.845487E-17
7044.54554748849  5.200603E-17
7050.06209183053  3.277453E-17
7055.57863617257  3.868236E-17
7061.09518051461  6.804202E-17
7066.61172485665  4.824792E-17
7072.12826919869  5.623759E-17
7077.64481354073  6.331566E-17
7083.16135788277  4.832468E-17
7088.67790222481  6.213781E-17
7094.19444656685  4.559562E-17
7099.71099090889  5.512363E-17
7105.22753525093  6.802618E-17
7110.74407959297  3.078463E-17
7116.26062393501  3.476499E-17
7121.77716827705  4.258172E-17
7127.29371261909  4.663880E-17
7132.81025696113  6.220586E-17
7138.32680130317  5.011471E-17
7143.84334564521  4.232307E-17
7149.35988998725  3.597898E-17
7154.87643432929  4.982503E-17
7160.39297867133  3.928759E-17
7165.90952301337  3.773633E-17
7171.42606735541  5.254309E-17
7176.94261169745  4.446725E-17
7182.45915603949  5.583665E-17
7187.97570038153  6.775464E-17
7193.49224472357  6.175938E-17
7199.00878906561  6.186411E-17
7204.52533340765  4.376563E-17
7210.04187774969  3.773029E-17
7215.55842209173  6.115185E-17
7221.07496643377  5.570748E-17
7226.59151077581  5.058338E-17
7232.10805511785  4.365983E-17
7237.62459945989  6.651276E-17
7243.14114380193  6.134878E-17
7248.65768814397  3.090173E-17
7254.17423248601  4.930761E-17
7259.69077682805  6.170915E-17
7265.20732117009  4.690107E-17
7270.72386551213  4.813686E-17
7276.24040985417  4.366012E-17
7281.75695419621  5.940089E-17
7287.27349853825  4.945479E-17
7292.79004288029  3.609689E-17
7298.30658722233  5.535157E-17
7303.82313156437  4.750756E-17
7309.33967590641  2.259318E-17
7314.85622024845  3.855994E-17
7320.37276459049  3.942076E-17
7325.88930893253  3.229612E-17
7331.40585327457  5.298347E-17
7336.92239761661  4.534848E-17
7342.43894195865  5.576754E-17
7347.95548630069  5.636967E-17
7353.47203064273  2.410293E-17
7358.98857498477  4.435858E-17
7364.50511932681  4.619850E-17
7370.02166366885  4.175035E-17
7375.53820801089  2.992006E-17
7381.05475235293  3.481699E-17
7386.57129669497  5.823739E-17
7392.08784103701  4.404384E-17
7397.60438537905  4.532840E-17
7403.12092972109  4.854511E-17
7408.63747406313  4.261644E-17
7414.15401840517  6.565405E-17
7419.67056274721  5.189955E-17
7425.18710708925  4.717279E-17
7430.70365143129  4.881881E-17
7436.22019577333  5.611916E-17
7441.73674011537  3.434832E-17
7447.25328445741  2.147806E-17
7452.76982879945  5.337106E-17
7458.28637314149  3.641909E-17
7463.80291748353  1.286629E-17
7469.31946182557  3.803629E-17
7474.83600616761  3.731340E-17
7480.35255050965  1.843985E-17
7485.86909485169  4.516997E-17
7491.38563919373  4.250769E-17
7496.90218353577  1.463902E-17
7502.41872787781  3.611680E-17
7507.93527221985  2.827330E-17
7513.45181656189  3.376593E-17
7518.96836090393  5.093043E-17
7524.48490524597  6.393795E-17
7530.00144958801  3.593373E-17
7535.51799393005  4.556401E-17
7541.03453827209  5.188675E-17
7546.55108261413  3.099945E-17
7552.06762695617  6.344554E-17
7557.58417129821  2.522169E-17
7563.10071564025  3.853959E-17
7568.61725998229  3.747444E-17
7574.13380432433  5.501454E-17
7579.65034866637  5.586988E-17
7585.16689300841  3.662782E-17
7590.68343735045  2.651969E-17
7596.19998169249  4.357479E-17
7601.71652603453  3.960916E-17
7607.23307037657  6.861089E-17
7612.74961471861  5.895004E-17
7618.26615906065  8.586759E-18
7623.78270340269  5.587739E-17
7629.29924774473  3.042535E-17
7634.81579208677  4.559574E-17
7640.33233642881  3.149906E-17
7645.84888077085  5.815820E-17
7651.36542511289  4.063372E-17
7656.88196945493  3.847015E-17
7662.39851379697  2.888747E-17
7667.91505813901  4.854384E-17
7673.43160248105  2.935707E-17
7678.94814682309  4.437244E-17
7684.46469116513  4.479346E-17
7689.98123550717  2.281113E-17
7695.49777984921  1.366449E-17
7701.01432419125  3.222811E-17
7706.53086853329  2.293538E-17
7712.04741287533  2.731477E-17
7717.56395721737  4.741946E-17
7723.08050155941  6.003421E-17
7728.59704590145  4.905656E-17
7734.11359024349  4.260057E-17
7739.63013458553  3.489778E-17
7745.14667892757  4.457680E-17
7750.66322326961  5.701322E-17
7756.17976761165  5.482057E-17
7761.69631195369  5.315635E-17
7767.21285629573  2.599297E-17
7772.72940063777  4.099638E-17
7778.24594497981  4.821799E-17
7783.76248932185  5.023333E-17
7789.27903366389  3.881753E-17
7794.79557800593  4.548625E-17
7800.31212234797  6.320586E-17
7805.82866669001  2.427012E-17
7811.34521103205  4.850957E-17
7816.86175537409  7.313892E-17
7822.37829971613  3.538612E-17
7827.89484405817  2.969476E-17
7833.41138840021  3.403150E-17
7838.92793274225  5.514151E-17
7844.44447708429  5.444935E-17
7849.96102142633  4.534269E-17
7855.47756576837  4.366862E-17
7860.99411011041  4.192657E-17
7866.51065445245  3.494550E-17
7872.02719879449  1.317907E-17
7877.54374313653  1.932840E-17
7883.06028747857  6.127913E-17
7888.57683182061  5.811103E-17
7894.09337616265  3.317013E-17
7899.60992050469  1.526660E-17
7905.12646484673  4.514412E-17
7910.64300918877  4.076648E-17
7916.15955353081  1.825470E-17
7921.67609787285  -3.850860E-18
7927.19264221489  1.469781E-17
7932.70918655693  5.557864E-17
7938.22573089897  3.603635E-17
7943.74227524101  2.885799E-17
7949.25881958305  4.450928E-17
7954.77536392509  5.517159E-17
7960.29190826713  4.133822E-17
7965.80845260917  4.186673E-17
7971.32499695121  3.958014E-17
7976.84154129325  3.944556E-17
7982.35808563529  3.846155E-17
7987.87462997733  4.322913E-17
7993.39117431937  4.488282E-17
7998.90771866141  3.886015E-17
8004.42426300345  4.559994E-17
8009.94080734549  4.342283E-17
8015.45735168753  2.109891E-17
8020.97389602957  2.066510E-17
8026.49044037161  4.151598E-17
8032.00698471365  4.184846E-17
8037.52352905569  4.438273E-17
8043.04007339773  3.920761E-17
8048.55661773977  3.391752E-17
8054.07316208181  3.995274E-17
8059.58970642385  4.064690E-17
8065.10625076589  4.542512E-17
8070.62279510793  6.032216E-17
8076.13933944997  5.199288E-17
8081.65588379201  2.244467E-17
8087.17242813405  3.678273E-17
8092.68897247609  4.616582E-17
8098.20551681813  3.399256E-17
8103.72206116017  3.743217E-17
8109.23860550221  2.664498E-17
8114.75514984425  4.274261E-17
8120.27169418629  -3.375888E-18
8125.78823852833  3.989923E-17
8131.30478287037  3.782138E-17
8136.82132721241  4.086818E-17
8142.33787155445  5.156240E-17
8147.85441589649  3.338278E-17
8153.37096023853  3.715424E-17
8158.88750458057  2.287362E-17
8164.40404892261  2.723586E-17
8169.92059326465  4.041471E-17
8175.43713760669  2.991938E-17
8180.95368194873  4.101341E-17
8186.47022629077  1.856360E-17
8191.98677063281  1.491660E-17
8197.50331497485  2.688567E-17
8203.01985931689  3.738095E-17
8208.53640365893  4.588244E-17
8214.05294800097  2.082537E-17
8219.56949234301  3.012205E-17
8225.08603668505  3.728024E-17
8230.60258102709  2.041089E-17
8236.11912536913  4.138183E-17
8241.63566971117  3.531844E-17
8247.15221405321  1.347709E-17
8252.66875839525  4.110967E-17
8258.18530273729  2.482512E-17
8263.70184707933  2.080587E-17
8269.21839142137  3.800330E-17
8274.73493576341  2.314893E-17
8280.25148010545  2.365486E-17
8285.76802444749  1.170177E-17
8291.28456878953  5.197046E-18
8296.80111313157  3.055632E-17
8302.31765747361  6.899549E-17
8307.83420181565  6.098891E-17
8313.35074615769  3.160489E-17
8318.86729049973  4.272031E-17
8324.38383484177  4.505818E-17
8329.90037918381  5.544732E-17
8335.41692352585  5.932828E-17
8340.93346786789  1.926784E-17
8346.45001220993  3.031429E-17
8351.96655655197  1.706666E-18
8357.48310089401  4.287979E-17
8362.99964523605  1.733625E-17
8368.51618957809  4.671056E-17
8374.03273392013  9.511086E-17
8379.54927826217  4.259279E-17
8385.06582260421  5.624526E-17
8390.58236694625  4.264460E-17
8396.09891128829  1.004737E-17
8401.61545563033  3.001130E-17
8407.13199997237  4.277956E-17
8412.64854431441  3.121670E-17
8418.16508865645  1.273271E-17
8423.68163299849  1.833350E-17
8429.19817734053  4.327906E-17
8434.71472168257  1.885977E-17
8440.23126602461  4.249839E-17
8445.74781036665  5.022818E-17
8451.26435470869  1.152731E-17
8456.78089905073  3.906996E-17
8462.29744339277  6.739465E-17
8467.81398773481  2.861306E-17
8473.33053207685  3.753672E-17
8478.84707641889  4.551433E-17
8484.36362076093  2.412597E-17
8489.88016510297  2.594146E-17
8495.39670944501  3.050608E-17
8500.91325378705  6.421698E-17
8506.42979812909  2.517938E-17
8511.94634247113  4.913936E-17
8517.46288681317  1.654813E-17
8522.97943115521  8.731486E-18
8528.49597549725  -1.717222E-18
8534.01251983929  4.453849E-17
8539.52906418133  -5.845672E-20
8545.04560852337  3.079223E-17
8550.56215286541  1.274838E-17
8556.07869720745  5.507843E-17
8561.59524154949  9.815493E-18
8567.11178589153  4.813989E-18
8572.62833023357  4.874221E-17
8578.14487457561  1.418267E-17
8583.66141891765  -1.358093E-17
8589.17796325969  1.873965E-17
8594.69450760173  3.526667E-17
8600.21105194377  4.606697E-18
8605.72759628581  1.395322E-17
8611.24414062785  3.688522E-17
8616.76068496989  2.626343E-17
8622.27722931193  3.524795E-17
8627.79377365397  3.716620E-17
8633.31031799601  2.526460E-17
8638.82686233805  4.871265E-17
8644.34340668009  5.834074E-17
8649.85995102213  3.913122E-17
8655.37649536417  1.637085E-17
8660.89303970621  8.676683E-18
8666.40958404825  5.807316E-17
8671.92612839029  4.628321E-17
8677.44267273233  4.552602E-17
8682.95921707437  7.146415E-17
8688.47576141641  4.675834E-17
8693.99230575845  -2.277362E-17
8699.50885010049  2.915874E-17
8705.02539444253  6.377136E-17
8710.54193878457  4.782687E-17
8716.05848312661  1.273730E-17
8721.57502746865  2.648944E-17
8727.09157181069  -1.816258E-17
8732.60811615273  3.608740E-17
8738.12466049477  4.069822E-17
8743.64120483681  5.992255E-17
8749.15774917885  3.713742E-17
8754.67429352089  4.924852E-17
8760.19083786293  3.534242E-17
8765.70738220497  -1.656275E-17
8771.22392654701  1.251283E-17
8776.74047088905  4.425817E-17
8782.25701523109  1.144173E-17
8787.77355957313  1.992395E-17
8793.29010391517  3.503190E-17
8798.80664825721  1.429830E-17
8804.32319259925  4.116489E-17
8809.83973694129  4.236203E-17
8815.35628128333  3.432144E-17
8820.87282562537  7.101386E-17
8826.38936996741  7.982505E-17
8831.90591430945  2.391980E-17
8837.42245865149  6.519605E-17
8842.93900299353  1.180659E-17
8848.45554733557  4.314950E-17
8853.97209167761  -3.392191E-18
8859.48863601965  5.247491E-17
8865.00518036169  3.864996E-17
8870.52172470373  3.985779E-17
8876.03826904577  3.391167E-17
8881.55481338781  2.700250E-17
8887.07135772985  -2.798568E-19
8892.58790207189  4.476283E-17
8898.10444641393  9.676994E-18
8903.62099075597  3.626699E-17
8909.13753509801  5.879235E-17
8914.65407944005  6.816230E-18
8920.17062378209  2.835510E-18
8925.68716812413  7.718252E-18
8931.20371246617  -1.442705E-17
8936.72025680821  4.904602E-17
8942.23680115025  4.401031E-17
8947.75334549229  1.561417E-17
8953.26988983433  4.567287E-17
8958.78643417637  8.298847E-18
8964.30297851841  1.951620E-17
8969.81952286045  6.965799E-17
8975.33606720249  5.834157E-17
8980.85261154453  -1.331377E-17
8986.36915588657  2.874514E-17
8991.88570022861  6.833448E-18
8997.40224457065  2.172742E-17
9002.91878891269  6.150090E-17
9008.43533325473  2.535742E-17
9013.95187759677  -7.285730E-18
9019.46842193881  4.515705E-17
9024.98496628085  7.916995E-18
9030.50151062289  -1.066890E-17
9036.01805496493  5.772324E-17
9041.53459930697  5.751616E-17
9047.05114364901  3.716683E-17
9052.56768799105  -7.055393E-19
9058.08423233309  -2.534480E-17
9063.60077667513  5.626474E-17
9069.11732101717  3.019140E-17
9074.63386535921  2.682803E-17
9080.15040970125  5.534931E-17
9085.66695404329  2.300449E-17
9091.18349838533  3.773889E-17
9096.70004272737  5.608185E-17
9102.21658706941  4.840121E-17
9107.73313141145  2.738805E-17
9113.24967575349  2.509843E-17
9118.76622009553  2.457242E-17
9124.28276443757  3.114678E-17
9129.79930877961  3.210718E-17
9135.31585312165  3.601942E-17
9140.83239746369  3.141001E-17
9146.34894180573  2.322515E-17
9151.86548614777  6.439149E-17
9157.38203048981  4.385708E-17
9162.89857483185  1.528623E-17
9168.41511917389  1.976828E-17
9173.93166351593  6.857986E-17
9179.44820785797  2.619369E-17
9184.96475220001  5.004422E-17
9190.48129654205  6.508148E-17
9195.99784088409  -8.964161E-19
9201.51438522613  2.397673E-17
9207.03092956817  3.500424E-17
9212.54747391021  -4.526582E-19
9218.06401825225  -1.946936E-17
9223.58056259429  6.776405E-17
9229.09710693633  4.180171E-17
9234.61365127837  6.212023E-17
9240.13019562041  -1.116372E-18
9245.64673996245  2.492834E-17
9251.16328430449  9.156247E-18
9256.67982864653  2.201635E-17
9262.19637298857  0.
