3667.22875977  5.217049E-17
3672.74660063227  6.180129E-17
3678.26444149454  5.860882E-17
3683.78228235681  4.644772E-17
3689.30012321908  5.152751E-17
3694.81796408135  5.046755E-17
3700.33580494362  4.267280E-17
3705.85364580589  4.001199E-17
3711.37148666816  4.706855E-17
3716.88932753043  2.992092E-17
3722.4071683927  4.774681E-17
3727.92500925497  3.907362E-17
3733.44285011724  6.548639E-17
3738.96069097951  4.920061E-17
3744.47853184178  5.180668E-17
3749.99637270405  3.300014E-17
3755.51421356632  4.659803E-17
3761.03205442859  5.889967E-17
3766.54989529086  5.171407E-17
3772.06773615313  4.812571E-17
3777.5855770154  4.659609E-17
3783.10341787767  3.956210E-17
3788.62125873994  2.674886E-17
3794.13909960221  4.075806E-17
3799.65694046448  2.925230E-17
3805.17478132675  3.640823E-17
3810.69262218902  3.061568E-17
3816.21046305129  5.266901E-17
3821.72830391356  2.351779E-17
3827.24614477583  2.603138E-17
3832.7639856381  4.006851E-17
3838.28182650037  4.772716E-17
3843.79966736264  4.498696E-17
3849.31750822491  4.875032E-17
3854.83534908718  3.443548E-17
3860.35318994945  4.362274E-17
3865.87103081172  3.900462E-17
3871.38887167399  4.124435E-17
3876.90671253626  3.714339E-17
3882.42455339853  4.059131E-17
3887.9423942608  3.266348E-17
3893.46023512307  3.592893E-17
3898.97807598534  4.806205E-17
3904.49591684761  4.994024E-17
3910.01375770988  4.680880E-17
3915.53159857215  5.350570E-17
3921.04943943442  4.561372E-17
3926.56728029669  3.678390E-17
3932.08512115896  3.787070E-17
3937.60296202123  4.486679E-17
3943.1208028835  4.392348E-17
3948.63864374577  4.366410E-17
3954.15648460804  3.691223E-17
3959.67432547031  4.443658E-17
3965.19216633258  4.162056E-17
3970.71000719485  4.152108E-17
3976.22784805712  4.816628E-17
3981.74568891939  5.195022E-17
3987.26352978166  4.556445E-17
3992.78137064393  4.295740E-17
3998.2992115062  4.224685E-17
4003.81705236847  5.007640E-17
4009.33489323074  3.658551E-17
4014.85273409301  2.878119E-17
4020.37057495528  4.641742E-17
4025.88841581755  4.444692E-17
4031.40625667982  4.072991E-17
4036.92409754209  5.142619E-17
4042.44193840436  4.649929E-17
4047.95977926663  4.593441E-17
4053.4776201289  4.065896E-17
4058.99546099117  3.231764E-17
4064.51330185344  3.505967E-17
4070.03114271571  5.017717E-17
4075.54898357798  5.070542E-17
4081.06682444025  4.454111E-17
4086.58466530252  4.290078E-17
4092.10250616479  5.003336E-17
4097.62034702706  4.255121E-17
4103.13818788933  4.293097E-17
4108.6560287516  4.413948E-17
4114.17386961387  4.230449E-17
4119.69171047614  4.890956E-17
4125.20955133841  5.807034E-17
4130.72739220068  5.313237E-17
4136.24523306295  4.651842E-17
4141.76307392522  4.567742E-17
4147.28091478749  3.490674E-17
4152.79875564976  4.535602E-17
4158.31659651203  3.718218E-17
4163.8344373743  4.039307E-17
4169.35227823657  5.388741E-17
4174.87011909884  4.083588E-17
4180.38795996111  4.915543E-17
4185.90580082338  4.858345E-17
4191.42364168565  5.192201E-17
4196.94148254792  4.614830E-17
4202.45932341019  5.300951E-17
4207.97716427246  5.635850E-17
4213.49500513473  4.515109E-17
4219.012845997  3.783813E-17
4224.53068685927  5.433935E-17
4230.04852772154  4.853562E-17
4235.56636858381  5.273873E-17
4241.08420944608  5.825233E-17
4246.60205030835  4.690660E-17
4252.11989117062  5.534468E-17
4257.63773203289  5.312297E-17
4263.15557289516  5.212405E-17
4268.67341375743  4.960078E-17
4274.1912546197  5.257925E-17
4279.70909548198  6.262975E-17
4285.22693634424  4.791055E-17
4290.74477720651  5.655384E-17
4296.26261806878  4.724143E-17
4301.78045893105  5.754559E-17
4307.29829979332  5.432934E-17
4312.81614065559  5.694438E-17
4318.33398151786  4.948212E-17
4323.85182238013  5.242611E-17
4329.3696632424  6.292033E-17
4334.88750410467  5.348199E-17
4340.40534496694  5.469825E-17
4345.92318582921  5.386320E-17
4351.44102669148  5.963014E-17
4356.95886755375  6.855800E-17
4362.47670841602  5.273120E-17
4367.99454927829  5.211459E-17
4373.51239014056  6.046437E-17
4379.03023100283  6.517224E-17
4384.5480718651  5.674004E-17
4390.06591272737  6.271481E-17
4395.58375358964  5.983150E-17
4401.10159445191  6.071940E-17
4406.61943531418  5.541265E-17
4412.13727617645  6.214930E-17
4417.65511703872  6.075711E-17
4423.17295790099  6.322705E-17
4428.69079876326  6.121901E-17
4434.20863962553  5.532519E-17
4439.7264804878  5.494223E-17
4445.24432135007  5.924780E-17
4450.76216221234  6.118318E-17
4456.28000307461  5.145795E-17
4461.79784393688  5.832034E-17
4467.31568479915  6.185563E-17
4472.83352566142  6.352499E-17
4478.3513665237  5.455448E-17
4483.86920738596  5.559270E-17
4489.38704824823  6.678589E-17
4494.9048891105  5.801723E-17
4500.42272997277  5.923356E-17
4505.94057083504  6.380049E-17
4511.45841169731  7.032536E-17
4516.97625255958  6.662032E-17
4522.49409342185  6.449570E-17
4528.01193428413  6.991676E-17
4533.52977514639  7.716912E-17
4539.04761600866  6.459205E-17
4544.56545687093  7.168155E-17
4550.0832977332  7.250824E-17
4555.60113859547  6.802486E-17
4561.11897945774  6.300121E-17
4566.63682032002  5.950947E-17
4572.15466118228  5.165287E-17
4577.67250204455  6.468397E-17
4583.19034290683  6.607312E-17
4588.70818376909  6.464142E-17
4594.22602463136  6.009689E-17
4599.74386549363  6.922933E-17
4605.2617063559  5.374274E-17
4610.77954721817  5.951341E-17
4616.29738808044  4.983684E-17
4621.81522894271  5.059531E-17
4627.33306980498  4.950952E-17
4632.85091066725  5.454217E-17
4638.36875152952  5.030633E-17
4643.88659239179  6.023247E-17
4649.40443325406  4.979651E-17
4654.92227411633  5.626205E-17
4660.4401149786  4.821861E-17
4665.95795584087  4.816706E-17
4671.47579670314  4.727358E-17
4676.99363756541  4.360824E-17
4682.51147842769  5.694155E-17
4688.02931928996  5.372342E-17
4693.54716015222  5.046828E-17
4699.06500101449  4.413402E-17
4704.58284187676  4.164413E-17
4710.10068273903  4.783473E-17
4715.6185236013  4.609298E-17
4721.13636446357  5.028959E-17
4726.65420532585  4.917833E-17
4732.17204618811  5.229239E-17
4737.68988705039  5.266363E-17
4743.20772791265  5.383354E-17
4748.72556877492  5.696354E-17
4754.24340963719  5.468512E-17
4759.76125049946  5.463013E-17
4765.27909136173  5.246148E-17
4770.796932224  4.730871E-17
4776.31477308628  5.464117E-17
4781.83261394854  5.656490E-17
4787.35045481081  5.937933E-17
4792.86829567308  6.227150E-17
4798.38613653535  6.944425E-17
4803.90397739762  5.847879E-17
4809.42181825989  7.260653E-17
4814.93965912217  6.376575E-17
4820.45749998443  7.963024E-17
4825.9753408467  7.896207E-17
4831.49318170897  7.027630E-17
4837.01102257125  6.006978E-17
4842.52886343351  6.663833E-17
4848.04670429578  7.019709E-17
4853.56454515805  7.643265E-17
4859.08238602032  6.300861E-17
4864.60022688259  6.577807E-17
4870.11806774486  7.645429E-17
4875.63590860713  5.794114E-17
4881.15374946941  7.197186E-17
4886.67159033168  7.134321E-17
4892.18943119395  6.649336E-17
4897.70727205621  6.108868E-17
4903.22511291848  6.414827E-17
4908.74295378075  7.298646E-17
4914.26079464303  6.472576E-17
4919.77863550529  6.156671E-17
4925.29647636757  7.327746E-17
4930.81431722984  7.371421E-17
4936.33215809211  7.512684E-17
4941.84999895438  6.816214E-17
4947.36783981664  6.552639E-17
4952.88568067891  6.062779E-17
4958.40352154118  6.339119E-17
4963.92136240346  6.160038E-17
4969.43920326572  6.102095E-17
4974.95704412799  6.758220E-17
4980.47488499026  5.612385E-17
4985.99272585254  6.319113E-17
4991.5105667148  6.015605E-17
4997.02840757707  7.015391E-17
5002.54624843935  7.138356E-17
5008.06408930162  6.609031E-17
5013.58193016389  5.409144E-17
5019.09977102616  6.309034E-17
5024.61761188843  6.304919E-17
5030.1354527507  7.313513E-17
5035.65329361297  5.941618E-17
5041.17113447524  6.467355E-17
5046.6889753375  5.829527E-17
5052.20681619978  6.627805E-17
5057.72465706204  4.963005E-17
5063.24249792432  6.517676E-17
5068.76033878659  6.643340E-17
5074.27817964885  6.137724E-17
5079.79602051113  6.333896E-17
5085.3138613734  7.054664E-17
5090.83170223567  5.688766E-17
5096.34954309793  5.613783E-17
5101.86738396021  6.163657E-17
5107.38522482248  5.096948E-17
5112.90306568474  5.775574E-17
5118.42090654702  5.395733E-17
5123.93874740929  6.262033E-17
5129.45658827156  5.919009E-17
5134.97442913382  5.264091E-17
5140.4922699961  5.961069E-17
5146.01011085837  5.738525E-17
5151.52795172063  5.756820E-17
5157.04579258291  5.668146E-17
5162.56363344518  5.906957E-17
5168.08147430745  6.404923E-17
5173.59931516972  5.953898E-17
5179.11715603199  5.474027E-17
5184.63499689426  5.881072E-17
5190.15283775653  5.398146E-17
5195.6706786188  5.330249E-17
5201.18851948106  6.085891E-17
5206.70636034333  4.815498E-17
5212.22420120561  5.277983E-17
5217.74204206788  6.423719E-17
5223.25988293014  5.401555E-17
5228.77772379242  5.672720E-17
5234.29556465469  5.470584E-17
5239.81340551696  4.963355E-17
5245.33124637923  5.361840E-17
5250.8490872415  5.402600E-17
5256.36692810377  6.255070E-17
5261.88476896604  6.022402E-17
5267.40260982831  5.935677E-17
5272.92045069058  5.370835E-17
5278.43829155285  5.301181E-17
5283.95613241512  5.836658E-17
5289.47397327739  5.429626E-17
5294.99181413966  4.597306E-17
5300.50965500193  5.274303E-17
5306.02749586419  6.173429E-17
5311.54533672647  5.975757E-17
5317.06317758874  4.948452E-17
5322.58101845101  5.588901E-17
5328.09885931328  5.483933E-17
5333.61670017555  5.444254E-17
5339.13454103782  5.096136E-17
5344.65238190009  4.975035E-17
5350.17022276236  5.045361E-17
5355.68806362462  5.112975E-17
5361.20590448689  5.143016E-17
5366.72374534917  5.254064E-17
5372.24158621144  4.960885E-17
5377.75942707371  5.307993E-17
5383.27726793598  4.797839E-17
5388.79510879825  4.962950E-17
5394.31294966052  4.529106E-17
5399.83079052279  4.737884E-17
5405.34863138506  4.919108E-17
5410.86647224733  5.051052E-17
5416.3843131096  4.341021E-17
5421.90215397187  4.717168E-17
5427.41999483414  4.328238E-17
5432.93783569641  5.414773E-17
5438.45567655868  5.130925E-17
5443.97351742095  4.945898E-17
5449.49135828322  4.995731E-17
5455.00919914548  4.431319E-17
5460.52704000776  5.036929E-17
5466.04488087003  4.276933E-17
5471.5627217323  4.975581E-17
5477.08056259457  5.186552E-17
5482.59840345684  4.898714E-17
5488.11624431911  5.015187E-17
5493.63408518138  4.886260E-17
5499.15192604365  5.611370E-17
5504.66976690592  5.705582E-17
5510.18760776819  5.471409E-17
5515.70544863046  4.506244E-17
5521.22328949273  5.670108E-17
5526.741130355  4.801739E-17
5532.25897121726  6.882656E-17
5537.77681207954  5.753048E-17
5543.29465294181  5.982734E-17
5548.81249380408  5.877589E-17
5554.33033466634  6.711571E-17
5559.84817552862  5.880112E-17
5565.36601639089  7.988854E-17
5570.88385725316  6.224799E-17
5576.40169811543  6.833075E-17
5581.9195389777  4.945035E-17
5587.43737983997  7.135820E-17
5592.95522070224  6.154948E-17
5598.47306156451  6.882139E-17
5603.99090242677  7.165574E-17
5609.50874328905  7.262984E-17
5615.02658415132  7.863607E-17
5620.54442501359  6.876496E-17
5626.06226587586  6.960771E-17
5631.58010673813  6.430938E-17
5637.0979476004  8.096733E-17
5642.61578846267  7.789827E-17
5648.13362932494  7.266080E-17
5653.65147018721  8.055692E-17
5659.16931104947  7.798364E-17
5664.68715191175  6.941999E-17
5670.20499277402  8.399992E-17
5675.72283363629  8.357820E-17
5681.24067449856  8.425854E-17
5686.75851536083  7.898064E-17
5692.2763562231  8.383660E-17
5697.79419708537  7.310142E-17
5703.31203794764  7.733956E-17
5708.82987880991  9.072440E-17
5714.34771967218  8.028579E-17
5719.86556053445  7.520821E-17
5725.38340139672  7.609968E-17
5730.90124225899  7.359393E-17
5736.41908312126  7.295495E-17
5741.93692398353  7.470231E-17
5747.4547648458  7.819142E-17
5752.97260570807  7.800118E-17
5758.49044657034  7.687849E-17
5764.00828743261  7.848822E-17
5769.52612829488  7.671319E-17
5775.04396915715  7.127238E-17
5780.56181001942  6.439043E-17
5786.07965088169  7.155914E-17
5791.59749174396  6.969697E-17
5797.11533260623  5.675155E-17
5802.6331734685  6.384861E-17
5808.15101433077  5.538743E-17
5813.66885519304  6.374342E-17
5819.18669605531  7.616234E-17
5824.70453691758  6.244317E-17
5830.22237777985  5.534709E-17
5835.74021864212  6.548140E-17
5841.25805950439  6.869450E-17
5846.77590036666  6.319461E-17
5852.29374122893  5.473992E-17
5857.8115820912  6.270466E-17
5863.32942295347  7.020965E-17
5868.84726381574  7.904490E-17
5874.36510467801  7.291494E-17
5879.88294554028  6.893713E-17
5885.40078640255  5.763279E-17
5890.91862726482  5.387260E-17
5896.43646812709  6.179367E-17
5901.95430898936  5.934609E-17
5907.47214985163  5.551378E-17
5912.9899907139  5.508515E-17
5918.50783157617  5.450395E-17
5924.02567243844  5.496180E-17
5929.54351330071  5.189159E-17
5935.06135416298  4.451239E-17
5940.57919502525  5.667987E-17
5946.09703588752  5.942450E-17
5951.61487674979  4.864734E-17
5957.13271761206  5.376937E-17
5962.65055847433  5.853100E-17
5968.1683993366  5.483331E-17
5973.68624019887  5.334124E-17
5979.20408106114  5.750437E-17
5984.72192192341  6.247528E-17
5990.23976278568  6.055345E-17
5995.75760364795  4.701506E-17
6001.27544451022  5.156942E-17
6006.79328537249  5.291159E-17
6012.31112623476  5.181919E-17
6017.82896709703  4.845708E-17
6023.3468079593  5.060081E-17
6028.86464882157  5.241985E-17
6034.38248968384  5.546707E-17
6039.90033054611  4.599438E-17
6045.41817140838  6.225315E-17
6050.93601227065  5.203093E-17
6056.45385313292  5.505384E-17
6061.97169399519  4.673055E-17
6067.48953485746  4.781626E-17
6073.00737571973  4.459141E-17
6078.525216582  4.757606E-17
6084.04305744427  4.812356E-17
6089.56089830654  5.237088E-17
6095.07873916881  4.968124E-17
6100.59658003108  4.525926E-17
6106.11442089335  4.703563E-17
6111.63226175562  4.710037E-17
6117.15010261789  5.296608E-17
6122.66794348016  3.860494E-17
6128.18578434243  4.688460E-17
6133.7036252047  4.301825E-17
6139.22146606697  4.601878E-17
6144.73930692924  4.416416E-17
6150.25714779151  3.266545E-17
6155.77498865378  4.100877E-17
6161.29282951605  5.170438E-17
6166.81067037832  4.533746E-17
6172.32851124059  3.517190E-17
6177.84635210286  3.683000E-17
6183.36419296513  5.128936E-17
6188.8820338274  4.443051E-17
6194.39987468967  3.712149E-17
6199.91771555194  4.796896E-17
6205.43555641421  4.676708E-17
6210.95339727648  4.448647E-17
6216.47123813875  4.712510E-17
6221.98907900102  4.599337E-17
6227.50691986329  5.032116E-17
6233.02476072556  4.295568E-17
6238.54260158783  4.634467E-17
6244.0604424501  4.911148E-17
6249.57828331237  4.334864E-17
6255.09612417464  4.544943E-17
6260.61396503691  3.985128E-17
6266.13180589918  4.548121E-17
6271.64964676145  4.875866E-17
6277.16748762372  4.434991E-17
6282.68532848599  4.598705E-17
6288.20316934826  3.937975E-17
6293.72101021053  4.643895E-17
6299.2388510728  5.008758E-17
6304.75669193507  5.032328E-17
6310.27453279734  5.414457E-17
6315.79237365961  5.660421E-17
6321.31021452188  4.915962E-17
6326.82805538415  4.612174E-17
6332.34589624642  5.069032E-17
6337.86373710869  4.982212E-17
6343.38157797096  4.699593E-17
6348.89941883323  5.490710E-17
6354.4172596955  5.587088E-17
6359.93510055777  4.816905E-17
6365.45294142004  4.941389E-17
6370.97078228231  5.335163E-17
6376.48862314458  4.583418E-17
6382.00646400685  5.452879E-17
6387.52430486912  4.867440E-17
6393.04214573139  5.300285E-17
6398.55998659366  5.170890E-17
6404.07782745593  4.774386E-17
6409.5956683182  5.046839E-17
6415.11350918047  5.520490E-17
6420.63135004274  6.386178E-17
6426.14919090501  5.469853E-17
6431.66703176728  5.136102E-17
6437.18487262955  5.736132E-17
6442.70271349182  5.908306E-17
6448.22055435409  5.327972E-17
6453.73839521636  5.114689E-17
6459.25623607863  5.370815E-17
6464.7740769409  5.534742E-17
6470.29191780317  5.702921E-17
6475.80975866544  6.048978E-17
6481.32759952771  6.619789E-17
6486.84544038998  6.811258E-17
6492.36328125225  6.099922E-17
6497.88112211452  6.277074E-17
6503.39896297679  5.878685E-17
6508.91680383906  5.869385E-17
6514.43464470133  6.317443E-17
6519.9524855636  5.855473E-17
6525.47032642587  6.278724E-17
6530.98816728814  5.857866E-17
6536.50600815041  5.597677E-17
6542.02384901268  6.031348E-17
6547.54168987495  6.821472E-17
6553.05953073722  6.290355E-17
6558.57737159949  6.784422E-17
6564.09521246176  6.605817E-17
6569.61305332403  6.203323E-17
6575.1308941863  6.054697E-17
6580.64873504857  5.793420E-17
6586.16657591084  6.398316E-17
6591.68441677311  5.251358E-17
6597.20225763538  5.726240E-17
6602.72009849765  6.650771E-17
6608.23793935992  5.972040E-17
6613.75578022219  6.019924E-17
6619.27362108446  5.670329E-17
6624.79146194673  6.112155E-17
6630.309302809  5.803786E-17
6635.82714367127  6.722650E-17
6641.34498453354  6.213347E-17
6646.86282539581  6.091095E-17
6652.38066625808  6.762362E-17
6657.89850712035  5.453813E-17
6663.41634798262  6.362074E-17
6668.93418884489  6.538806E-17
6674.45202970716  5.272351E-17
6679.96987056943  5.853272E-17
6685.4877114317  6.817590E-17
6691.00555229397  6.560126E-17
6696.52339315624  6.075033E-17
6702.04123401851  6.360750E-17
6707.55907488078  6.549021E-17
6713.07691574305  5.756595E-17
6718.59475660532  5.943784E-17
6724.11259746759  6.461512E-17
6729.63043832986  6.826499E-17
6735.14827919213  5.607517E-17
6740.6661200544  6.754137E-17
6746.18396091667  5.237535E-17
6751.70180177894  5.797367E-17
6757.21964264121  5.974984E-17
6762.73748350348  6.345287E-17
6768.25532436575  6.956336E-17
6773.77316522802  6.188912E-17
6779.29100609029  6.465074E-17
6784.80884695256  6.709572E-17
6790.32668781483  6.466523E-17
6795.8445286771  6.514771E-17
6801.36236953937  6.146968E-17
6806.88021040164  5.918322E-17
6812.39805126391  6.550989E-17
6817.91589212618  6.367922E-17
6823.43373298845  6.849965E-17
6828.95157385072  6.007297E-17
6834.46941471299  5.430906E-17
6839.98725557526  6.712774E-17
6845.50509643753  5.720799E-17
6851.0229372998  5.754709E-17
6856.54077816207  6.134016E-17
6862.05861902434  5.793391E-17
6867.57645988661  5.440134E-17
6873.09430074888  4.978079E-17
6878.61214161115  5.873164E-17
6884.12998247342  5.308192E-17
6889.64782333569  6.198219E-17
6895.16566419796  5.146719E-17
6900.68350506023  5.478380E-17
6906.2013459225  5.359224E-17
6911.71918678477  5.249067E-17
6917.23702764704  6.260129E-17
6922.75486850931  6.029183E-17
6928.27270937158  5.763798E-17
6933.79055023385  5.504721E-17
6939.30839109612  4.452303E-17
6944.82623195839  4.810453E-17
6950.34407282066  4.874410E-17
6955.86191368293  5.873833E-17
6961.3797545452  5.330893E-17
6966.89759540747  5.294314E-17
6972.41543626974  5.299602E-17
6977.93327713201  5.710369E-17
6983.45111799428  5.331063E-17
6988.96895885655  5.009171E-17
6994.48679971882  6.028478E-17
7000.00464058109  6.097477E-17
7005.52248144336  5.821345E-17
7011.04032230563  5.725912E-17
7016.5581631679  4.982116E-17
7022.07600403017  5.228001E-17
7027.59384489244  4.967952E-17
7033.11168575471  4.113270E-17
7038.62952661698  4.841341E-17
7044.14736747925  4.774317E-17
7049.66520834152  4.535816E-17
7055.18304920379  4.765475E-17
7060.70089006606  5.068977E-17
7066.21873092833  4.665832E-17
7071.7365717906  5.216288E-17
7077.25441265287  5.093355E-17
7082.77225351514  5.394552E-17
7088.29009437741  5.580780E-17
7093.80793523968  4.126440E-17
7099.32577610195  4.503358E-17
7104.84361696422  4.754169E-17
7110.36145782649  5.610239E-17
7115.87929868876  4.757277E-17
7121.39713955103  5.367579E-17
7126.9149804133  6.479479E-17
7132.43282127557  4.961399E-17
7137.95066213784  4.284433E-17
7143.46850300011  4.666647E-17
7148.98634386238  5.251414E-17
7154.50418472465  5.560800E-17
7160.02202558692  5.358717E-17
7165.53986644919  5.128808E-17
7171.05770731146  4.191778E-17
7176.57554817373  4.215386E-17
7182.093389036  4.938265E-17
7187.61122989827  4.559937E-17
7193.12907076054  4.203078E-17
7198.64691162281  4.650424E-17
7204.16475248508  4.949673E-17
7209.68259334735  5.253652E-17
7215.20043420962  5.551814E-17
7220.71827507189  4.703970E-17
7226.23611593416  3.807108E-17
7231.75395679643  4.111422E-17
7237.2717976587  4.641921E-17
7242.78963852097  2.973279E-17
7248.30747938324  2.129943E-17
7253.82532024551  4.314304E-17
7259.34316110778  5.527359E-17
7264.86100197005  6.685455E-17
7270.37884283232  5.815368E-17
7275.89668369459  4.662404E-17
7281.41452455686  3.686102E-17
7286.93236541913  5.725711E-17
7292.4502062814  5.146492E-17
7297.96804714367  4.399234E-17
7303.48588800594  3.986996E-17
7309.00372886821  3.775513E-17
7314.52156973048  4.794387E-17
7320.03941059275  4.544350E-17
7325.55725145502  3.167936E-17
7331.07509231729  3.434672E-17
7336.59293317956  3.950630E-17
7342.11077404183  4.129641E-17
7347.6286149041  5.226935E-17
7353.14645576637  5.458625E-17
7358.66429662864  4.180931E-17
7364.18213749091  4.978813E-17
7369.69997835318  4.525555E-17
7375.21781921545  4.006339E-17
7380.73566007772  4.157140E-17
7386.25350093999  4.573242E-17
7391.77134180226  3.423534E-17
7397.28918266453  3.677747E-17
7402.8070235268  5.105844E-17
7408.32486438907  3.483200E-17
7413.84270525134  3.305545E-17
7419.36054611361  3.631538E-17
7424.87838697588  2.678390E-17
7430.39622783815  4.699608E-17
7435.91406870042  3.414068E-17
7441.43190956269  2.981206E-17
7446.94975042496  4.076037E-17
7452.46759128723  4.143521E-17
7457.9854321495  3.255665E-17
7463.50327301177  4.624303E-17
7469.02111387404  4.843013E-17
7474.53895473631  3.446735E-17
7480.05679559858  3.099970E-17
7485.57463646085  3.192092E-17
7491.09247732312  4.444064E-17
7496.61031818539  3.608240E-17
7502.12815904766  3.500397E-17
7507.64599990993  4.074722E-17
7513.1638407722  4.311452E-17
7518.68168163447  4.431186E-17
7524.19952249674  3.718037E-17
7529.71736335901  3.413165E-17
7535.23520422128  4.492717E-17
7540.75304508355  5.017147E-17
7546.27088594582  3.935899E-17
7551.78872680809  3.327859E-17
7557.30656767036  2.842086E-17
7562.82440853263  3.669193E-17
7568.3422493949  3.268822E-17
7573.86009025717  2.452635E-17
7579.37793111944  3.507138E-17
7584.89577198171  4.185889E-17
7590.41361284398  3.129420E-17
7595.93145370625  2.834225E-17
7601.44929456852  4.041622E-17
7606.96713543079  3.928362E-17
7612.48497629306  3.258554E-17
7618.00281715533  4.831161E-17
7623.5206580176  5.249037E-17
7629.03849887987  3.643301E-17
7634.55633974214  3.662979E-17
7640.07418060441  2.738062E-17
7645.59202146668  2.910222E-17
7651.10986232895  3.192593E-17
7656.62770319122  3.548581E-17
7662.14554405349  2.170134E-17
7667.66338491576  2.507003E-17
7673.18122577803  2.654155E-17
7678.6990666403  2.390515E-17
7684.21690750257  2.747694E-17
7689.73474836484  2.271960E-17
7695.25258922711  2.856554E-17
7700.77043008938  2.794798E-17
7706.28827095165  2.987532E-17
7711.80611181392  3.239365E-17
7717.32395267619  3.577485E-17
7722.84179353846  3.660873E-17
7728.35963440073  3.566454E-17
7733.877475263  2.722293E-17
7739.39531612527  2.807665E-17
7744.91315698754  3.029577E-17
7750.43099784981  3.007348E-17
7755.94883871208  2.947764E-17
7761.46667957435  3.897541E-17
7766.98452043662  4.112805E-17
7772.50236129889  3.600904E-17
7778.02020216116  3.607937E-17
7783.53804302343  3.276102E-17
7789.0558838857  4.060703E-17
7794.57372474797  5.077552E-17
7800.09156561024  3.933803E-17
7805.60940647251  4.498064E-17
7811.12724733478  3.828575E-17
7816.64508819705  2.547532E-17
7822.16292905932  2.506294E-17
7827.68076992159  1.997547E-17
7833.19861078386  3.078974E-17
7838.71645164613  2.751630E-17
7844.2342925084  2.070416E-17
7849.75213337067  3.042779E-17
7855.26997423294  2.911706E-17
7860.78781509521  3.907771E-17
7866.30565595748  3.463858E-17
7871.82349681975  3.558802E-17
7877.34133768202  2.734388E-17
7882.85917854429  2.756620E-17
7888.37701940656  2.298266E-17
7893.89486026883  1.342316E-17
7899.4127011311  1.669596E-17
7904.93054199337  2.055988E-17
7910.44838285564  2.006252E-17
7915.96622371791  2.229878E-17
7921.48406458018  1.402103E-17
7927.00190544245  3.498512E-17
7932.51974630472  2.772138E-17
7938.03758716699  3.542760E-17
7943.55542802926  4.228256E-17
7949.07326889153  3.888147E-17
7954.5911097538  4.195752E-17
7960.10895061607  4.114375E-17
7965.62679147834  5.331955E-17
7971.14463234061  3.939251E-17
7976.66247320288  5.547228E-17
7982.18031406515  3.977779E-17
7987.69815492742  3.476640E-17
7993.21599578969  2.168441E-17
7998.73383665196  2.738514E-17
8004.25167751423  3.594060E-17
8009.7695183765  3.914492E-17
8015.28735923877  3.260055E-17
8020.80520010104  3.426748E-17
8026.32304096331  4.549195E-17
8031.84088182558  3.892715E-17
8037.35872268785  3.467544E-17
8042.87656355012  4.325575E-17
8048.39440441239  4.523057E-17
8053.91224527466  4.255741E-17
8059.43008613693  2.450348E-17
8064.9479269992  3.373345E-17
8070.46576786147  2.846557E-17
8075.98360872374  3.821564E-17
8081.50144958601  3.832230E-17
8087.01929044828  3.699037E-17
8092.53713131055  3.176644E-17
8098.05497217282  4.953500E-17
8103.57281303509  3.744834E-17
8109.09065389736  4.085106E-17
8114.60849475963  4.556041E-17
8120.1263356219  4.642182E-17
8125.64417648417  4.638199E-17
8131.16201734644  3.094371E-17
8136.67985820871  4.250569E-17
8142.19769907098  5.079832E-17
8147.71553993325  4.795409E-17
8153.23338079552  4.127289E-17
8158.75122165779  3.795224E-17
8164.26906252006  4.405894E-17
8169.78690338233  4.569339E-17
8175.3047442446  4.344232E-17
8180.82258510687  4.164462E-17
8186.34042596914  4.265035E-17
8191.85826683141  4.082819E-17
8197.37610769368  4.466966E-17
8202.89394855595  4.941057E-17
8208.41178941822  2.841923E-17
8213.92963028049  3.753686E-17
8219.44747114276  3.966946E-17
8224.96531200503  3.115684E-17
8230.4831528673  3.811231E-17
8236.00099372957  3.875634E-17
8241.51883459184  3.494602E-17
8247.03667545411  3.193185E-17
8252.55451631638  3.613813E-17
8258.07235717865  3.987286E-17
8263.59019804092  2.896762E-17
8269.10803890319  4.224069E-17
8274.62587976546  3.592088E-17
8280.14372062773  2.366236E-17
8285.66156149  3.667714E-17
8291.17940235227  4.001609E-17
8296.69724321454  3.558666E-17
8302.21508407681  3.522068E-17
8307.73292493908  4.753945E-17
8313.25076580135  4.157197E-17
8318.76860666362  3.434279E-17
8324.28644752589  4.438220E-17
8329.80428838816  4.438575E-17
8335.32212925043  3.345937E-17
8340.8399701127  2.927437E-17
8346.35781097497  4.811409E-17
8351.87565183724  1.310328E-17
8357.39349269951  1.500553E-17
8362.91133356178  2.585664E-17
8368.42917442405  4.390517E-17
8373.94701528632  2.854253E-17
8379.46485614859  3.270888E-17
8384.98269701086  2.183939E-17
8390.50053787313  3.690066E-17
8396.0183787354  3.504448E-17
8401.53621959767  4.980751E-17
8407.05406045994  5.057657E-17
8412.57190132221  2.199984E-17
8418.08974218448  2.603517E-17
8423.60758304675  1.036150E-17
8429.12542390902  7.512231E-18
8434.64326477129  3.076565E-17
8440.16110563356  2.317025E-17
8445.67894649583  3.199690E-17
8451.1967873581  3.311648E-17
8456.71462822037  2.122147E-17
8462.23246908264  2.507945E-18
8467.75030994491  7.525959E-18
8473.26815080718  3.034678E-17
8478.78599166945  3.485755E-17
8484.30383253172  2.432760E-17
8489.82167339399  2.539145E-17
8495.33951425626  1.825453E-17
8500.85735511853  3.106516E-17
8506.3751959808  7.052077E-17
8511.89303684307  3.266094E-17
8517.41087770534  5.064075E-17
8522.92871856761  1.566502E-17
8528.44655942988  3.175354E-17
8533.96440029215  2.604382E-17
8539.48224115442  1.928983E-17
8545.00008201669  2.849838E-17
8550.51792287896  2.618281E-17
8556.03576374123  2.481608E-17
8561.5536046035  3.681869E-17
8567.07144546577  2.994017E-17
8572.58928632804  4.208954E-17
8578.10712719031  3.524583E-17
8583.62496805258  3.671549E-17
8589.14280891485  3.820909E-17
8594.66064977712  1.640039E-17
8600.17849063939  1.270942E-17
8605.69633150166  3.564489E-17
8611.21417236393  2.534878E-17
8616.7320132262  1.374031E-17
8622.24985408847  1.078245E-17
8627.76769495074  1.141174E-17
8633.28553581301  3.353120E-17
8638.80337667528  2.812629E-17
8644.32121753755  1.628961E-17
8649.83905839982  2.452958E-17
8655.35689926209  2.138176E-17
8660.87474012436  2.481234E-17
8666.39258098663  1.271850E-17
8671.9104218489  2.483233E-17
8677.42826271117  2.662690E-17
8682.94610357344  2.825464E-17
8688.46394443571  3.926434E-17
8693.98178529798  1.949222E-17
8699.49962616025  2.985888E-17
8705.01746702252  2.851637E-17
8710.53530788479  1.480953E-17
8716.05314874706  9.907982E-18
8721.57098960933  2.079834E-17
8727.0888304716  2.892608E-17
8732.60667133387  2.020579E-17
8738.12451219614  2.347542E-17
8743.64235305841  3.329017E-17
8749.16019392068  3.823375E-17
8754.67803478295  5.288580E-17
8760.19587564522  5.837953E-17
8765.71371650749  2.271041E-17
8771.23155736976  2.077421E-17
8776.74939823203  6.849415E-19
8782.2672390943  1.440770E-17
8787.78507995657  3.413602E-17
8793.30292081884  1.122357E-17
8798.82076168111  3.266176E-17
8804.33860254338  1.600052E-17
8809.85644340565  9.001186E-18
8815.37428426792  1.539190E-17
8820.89212513019  5.239516E-17
8826.40996599246  6.799150E-17
8831.92780685473  5.339598E-17
8837.445647717  5.781796E-17
8842.96348857927  2.828350E-17
8848.48132944154  2.037992E-17
8853.99917030381  4.671551E-17
8859.51701116608  3.265097E-17
8865.03485202835  2.990579E-17
8870.55269289062  4.259720E-17
8876.07053375289  1.655274E-17
8881.58837461516  -1.100421E-17
8887.10621547743  6.566865E-18
8892.6240563397  -8.736352E-19
8898.14189720197  3.644072E-17
8903.65973806424  3.176269E-17
8909.17757892651  3.233823E-17
8914.69541978878  1.402639E-17
8920.21326065105  -8.210451E-19
8925.73110151332  2.115626E-18
8931.24894237559  3.804178E-17
8936.76678323786  3.977200E-17
8942.28462410013  2.021169E-17
8947.8024649624  1.984964E-17
8953.32030582467  1.145960E-17
8958.83814668694  9.065065E-18
8964.35598754921  1.228422E-17
8969.87382841148  3.710019E-17
8975.39166927375  3.301858E-17
8980.90951013602  1.769442E-17
8986.42735099829  1.966394E-17
8991.94519186056  1.621431E-18
8997.46303272283  -1.699923E-18
9002.9808735851  1.179538E-17
9008.49871444737  1.818139E-17
9014.01655530964  4.689936E-17
9019.53439617191  2.549955E-17
9025.05223703418  5.393747E-18
9030.57007789645  3.726376E-17
9036.08791875872  2.439372E-17
9041.60575962099  2.726004E-17
9047.12360048326  3.141697E-17
9052.64144134553  2.199366E-17
9058.1592822078  1.352664E-17
9063.67712307007  2.063392E-17
9069.19496393234  1.977705E-17
9074.71280479461  1.248016E-17
9080.23064565688  9.462842E-18
9085.74848651915  3.331064E-17
9091.26632738142  -1.095789E-18
9096.78416824369  4.540323E-17
9102.30200910596  2.909422E-17
9107.81984996823  3.709181E-17
9113.3376908305  4.766524E-17
9118.85553169277  2.821964E-17
9124.37337255504  1.846151E-17
9129.89121341731  2.971088E-17
9135.40905427958  6.028367E-17
9140.92689514185  3.813235E-17
9146.44473600412  9.317315E-18
9151.96257686639  1.499709E-17
9157.48041772866  2.463458E-17
9162.99825859093  1.232931E-17
9168.5160994532  2.749174E-17
9174.03394031547  4.227648E-17
9179.55178117774  2.048885E-17
9185.06962204001  3.505960E-17
9190.58746290228  3.309062E-17
9196.10530376455  1.981072E-17
9201.62314462682  1.026118E-17
9207.14098548909  2.964778E-17
9212.65882635136  4.324664E-17
9218.17666721363  4.002403E-17
9223.6945080759  6.121353E-17
9229.21234893817  3.324310E-17
9234.73018980044  9.934011E-18
9240.24803066271  2.822145E-17
9245.76587152498  3.197659E-17
9251.28371238725  2.513334E-17
9256.80155324952  4.047871E-17
9262.31939411179  0.
