3651.36035156  -4.986646E-19
3656.87815522898  -4.133746E-18
3662.39595889796  9.227941E-18
3667.91376256694  3.256348E-18
3673.43156623592  -2.253440E-18
3678.9493699049  1.199075E-17
3684.46717357388  -3.286500E-18
3689.98497724286  4.751929E-18
3695.50278091184  9.514036E-18
3701.02058458082  1.083279E-18
3706.5383882498  1.648647E-18
3712.05619191878  5.676061E-18
3717.57399558776  1.491122E-17
3723.09179925674  9.226811E-18
3728.60960292572  8.552677E-18
3734.1274065947  5.888772E-18
3739.64521026368  1.429746E-17
3745.16301393266  3.148173E-18
3750.68081760164  8.272383E-18
3756.19862127062  1.111457E-17
3761.7164249396  9.286815E-18
3767.23422860858  2.471016E-18
3772.75203227756  7.352580E-18
3778.26983594654  3.063239E-18
3783.78763961552  1.304548E-17
3789.3054432845  3.730835E-18
3794.82324695348  6.786981E-18
3800.34105062246  -2.440398E-18
3805.85885429144  4.874987E-18
3811.37665796042  1.241150E-18
3816.8944616294  4.204117E-18
3822.41226529838  6.382851E-19
3827.93006896736  3.606400E-18
3833.44787263634  8.909562E-18
3838.96567630532  5.069123E-18
3844.4834799743  1.442891E-17
3850.00128364328  5.766363E-18
3855.51908731226  5.322854E-18
3861.03689098124  1.061420E-17
3866.55469465022  1.262004E-17
3872.0724983192  1.360667E-17
3877.59030198818  7.196605E-19
3883.10810565716  6.903306E-18
3888.62590932614  4.012502E-18
3894.14371299512  3.168071E-18
3899.6615166641  3.500785E-18
3905.17932033308  4.906712E-18
3910.69712400206  4.797423E-18
3916.21492767104  8.029254E-18
3921.73273134002  7.053780E-18
3927.250535009  1.276395E-17
3932.76833867798  7.969554E-18
3938.28614234696  1.063335E-17
3943.80394601594  4.895324E-18
3949.32174968492  7.071789E-18
3954.8395533539  8.225200E-18
3960.35735702288  4.446158E-18
3965.87516069186  7.268247E-18
3971.39296436084  9.231759E-18
3976.91076802982  3.224938E-18
3982.4285716988  6.654813E-18
3987.94637536778  6.916716E-18
3993.46417903676  4.762913E-18
3998.98198270574  5.039263E-18
4004.49978637472  7.219077E-18
4010.0175900437  6.061972E-18
4015.53539371268  6.926579E-18
4021.05319738166  5.297994E-18
4026.57100105064  7.125429E-18
4032.08880471962  1.019425E-17
4037.6066083886  3.611895E-18
4043.12441205758  5.424028E-18
4048.64221572656  8.817477E-18
4054.16001939554  8.866921E-18
4059.67782306452  8.404134E-18
4065.1956267335  1.021667E-17
4070.71343040248  1.158703E-17
4076.23123407146  8.191402E-18
4081.74903774044  8.484043E-18
4087.26684140942  9.370137E-18
4092.7846450784  7.603002E-18
4098.30244874738  4.156315E-18
4103.82025241636  6.476897E-18
4109.33805608534  7.825196E-18
4114.85585975432  4.974582E-18
4120.3736634233  5.716057E-18
4125.89146709228  9.079557E-18
4131.40927076126  7.783986E-18
4136.92707443024  3.487048E-18
4142.44487809922  9.519303E-18
4147.9626817682  1.013321E-17
4153.48048543718  1.152278E-17
4158.99828910616  5.807304E-18
4164.51609277514  4.468825E-18
4170.03389644412  6.162299E-18
4175.5517001131  5.378967E-18
4181.06950378208  7.775870E-18
4186.58730745106  3.133675E-18
4192.10511112004  1.000600E-17
4197.62291478902  5.533515E-18
4203.140718458  5.766915E-18
4208.65852212698  8.508749E-18
4214.17632579596  8.473183E-18
4219.69412946494  5.237730E-18
4225.21193313392  8.043710E-18
4230.7297368029  5.254251E-18
4236.24754047188  1.100749E-17
4241.76534414086  7.669622E-18
4247.28314780984  6.860385E-18
4252.80095147882  6.119622E-18
4258.3187551478  9.942804E-18
4263.83655881678  1.117218E-17
4269.35436248576  6.354914E-18
4274.87216615474  8.650619E-18
4280.38996982372  9.057112E-18
4285.9077734927  1.232905E-17
4291.42557716168  6.202562E-18
4296.94338083066  9.849135E-18
4302.46118449964  1.081598E-17
4307.97898816862  7.079539E-18
4313.4967918376  7.271158E-18
4319.01459550658  9.073020E-18
4324.53239917556  9.134459E-18
4330.05020284454  9.672636E-18
4335.56800651352  1.094038E-17
4341.0858101825  7.776187E-18
4346.60361385148  9.417977E-18
4352.12141752046  1.052522E-17
4357.63922118944  7.803054E-18
4363.15702485842  9.170881E-18
4368.6748285274  8.276854E-18
4374.19263219638  9.054105E-18
4379.71043586536  7.559305E-18
4385.22823953434  1.000523E-17
4390.74604320332  1.090081E-17
4396.2638468723  1.058113E-17
4401.78165054128  7.083966E-18
4407.29945421026  9.869270E-18
4412.81725787924  9.197881E-18
4418.33506154822  8.034255E-18
4423.8528652172  9.367152E-18
4429.37066888618  9.130866E-18
4434.88847255516  1.075396E-17
4440.40627622414  6.447077E-18
4445.92407989312  8.529064E-18
4451.4418835621  9.793837E-18
4456.95968723108  9.523884E-18
4462.47749090006  1.382334E-17
4467.99529456904  1.067879E-17
4473.51309823802  1.093047E-17
4479.030901907  7.855303E-18
4484.54870557598  6.985306E-18
4490.06650924496  1.191807E-17
4495.58431291394  9.884477E-18
4501.10211658292  1.242610E-17
4506.6199202519  9.454281E-18
4512.13772392088  1.219755E-17
4517.65552758986  6.309017E-18
4523.17333125884  6.670110E-18
4528.69113492782  1.095724E-17
4534.2089385968  1.204802E-17
4539.72674226578  1.585601E-17
4545.24454593476  8.796867E-18
4550.76234960374  1.145730E-17
4556.28015327273  9.319805E-18
4561.7979569417  1.155189E-17
4567.31576061068  1.353974E-17
4572.83356427966  1.222681E-17
4578.35136794864  1.097491E-17
4583.86917161762  9.534504E-18
4589.3869752866  1.372163E-17
4594.90477895559  8.928446E-18
4600.42258262456  1.256099E-17
4605.94038629354  9.822549E-18
4611.45818996252  1.074108E-17
4616.9759936315  1.366086E-17
4622.49379730048  1.120187E-17
4628.01160096946  9.570418E-18
4633.52940463844  8.290743E-18
4639.04720830742  9.270375E-18
4644.5650119764  7.081265E-18
4650.08281564538  8.762241E-18
4655.60061931436  1.042490E-17
4661.11842298334  6.450290E-18
4666.63622665232  1.128912E-17
4672.1540303213  9.550511E-18
4677.67183399028  8.521643E-18
4683.18963765926  1.057235E-17
4688.70744132824  8.833625E-18
4694.22524499722  1.042259E-17
4699.7430486662  1.380454E-17
4705.26085233518  8.941713E-18
4710.77865600416  1.175569E-17
4716.29645967314  8.971508E-18
4721.81426334212  1.072625E-17
4727.3320670111  9.746435E-18
4732.84987068008  1.111418E-17
4738.36767434906  1.455802E-17
4743.88547801804  1.399286E-17
4749.40328168702  1.081410E-17
4754.921085356  9.100058E-18
4760.43888902498  1.082310E-17
4765.95669269396  8.455440E-18
4771.47449636295  1.238029E-17
4776.99230003192  1.457107E-17
4782.5101037009  7.593377E-18
4788.02790736988  1.137013E-17
4793.54571103886  1.105287E-17
4799.06351470784  1.059021E-17
4804.58131837682  9.812423E-18
4810.0991220458  1.273774E-17
4815.61692571479  8.923260E-18
4821.13472938377  1.401505E-17
4826.65253305274  1.266651E-17
4832.17033672172  1.370628E-17
4837.6881403907  1.385225E-17
4843.20594405968  1.430850E-17
4848.72374772866  1.408818E-17
4854.24155139765  9.335106E-18
4859.75935506662  1.177528E-17
4865.2771587356  1.338052E-17
4870.79496240459  1.221557E-17
4876.31276607356  1.216948E-17
4881.83056974254  1.250218E-17
4887.34837341153  1.370456E-17
4892.8661770805  1.234760E-17
4898.38398074948  1.496849E-17
4903.90178441846  1.624744E-17
4909.41958808745  1.526744E-17
4914.93739175642  1.027179E-17
4920.4551954254  1.423607E-17
4925.97299909438  1.510385E-17
4931.49080276337  1.713611E-17
4937.00860643235  1.612466E-17
4942.52641010132  1.464588E-17
4948.04421377031  1.450659E-17
4953.56201743928  1.336145E-17
4959.07982110827  1.023377E-17
4964.59762477725  1.102696E-17
4970.11542844623  1.391541E-17
4975.6332321152  1.229308E-17
4981.15103578418  1.306885E-17
4986.66883945316  1.275586E-17
4992.18664312214  1.410521E-17
4997.70444679113  1.636245E-17
5003.22225046011  1.096959E-17
5008.74005412909  1.363589E-17
5014.25785779806  1.466181E-17
5019.77566146704  1.398541E-17
5025.29346513603  1.393875E-17
5030.81126880501  1.301875E-17
5036.32907247398  9.221491E-18
5041.84687614297  1.284915E-17
5047.36467981194  1.163860E-17
5052.88248348092  1.434586E-17
5058.40028714991  1.393382E-17
5063.91809081889  1.502679E-17
5069.43589448787  1.173218E-17
5074.95369815685  1.168492E-17
5080.47150182583  1.076368E-17
5085.98930549481  1.635748E-17
5091.50710916379  1.442983E-17
5097.02491283277  1.456181E-17
5102.54271650175  9.859090E-18
5108.06052017073  1.013085E-17
5113.57832383971  1.340386E-17
5119.09612750869  1.220952E-17
5124.61393117767  1.073275E-17
5130.13173484664  1.123428E-17
5135.64953851562  1.159534E-17
5141.16734218461  8.559131E-18
5146.68514585359  1.233560E-17
5152.20294952257  1.006220E-17
5157.72075319155  1.176500E-17
5163.23855686053  1.172840E-17
5168.7563605295  9.395533E-18
5174.27416419848  1.205882E-17
5179.79196786746  1.216375E-17
5185.30977153645  1.097916E-17
5190.82757520543  7.153160E-18
5196.34537887441  1.001109E-17
5201.86318254339  1.010929E-17
5207.38098621237  1.035200E-17
5212.89878988134  9.734117E-18
5218.41659355033  9.159344E-18
5223.9343972193  1.089186E-17
5229.45220088829  1.055614E-17
5234.97000455726  1.055585E-17
5240.48780822625  9.260300E-18
5246.00561189523  1.138440E-17
5251.5234155642  9.530673E-18
5257.04121923319  1.215690E-17
5262.55902290217  8.694805E-18
5268.07682657114  8.075433E-18
5273.59463024012  1.172006E-17
5279.11243390911  1.091033E-17
5284.63023757809  1.264342E-17
5290.14804124706  1.281270E-17
5295.66584491605  1.137037E-17
5301.18364858503  1.117960E-17
5306.70145225401  1.285179E-17
5312.21925592299  9.844038E-18
5317.73705959197  8.415827E-18
5323.25486326095  8.852019E-18
5328.77266692992  9.377092E-18
5334.29047059891  1.029750E-17
5339.80827426789  1.401009E-17
5345.32607793687  1.016857E-17
5350.84388160584  9.638421E-18
5356.36168527483  1.121799E-17
5361.8794889438  7.698779E-18
5367.39729261279  8.127085E-18
5372.91509628177  8.422020E-18
5378.43289995075  1.109792E-17
5383.95070361973  7.610124E-18
5389.4685072887  1.125587E-17
5394.98631095769  1.127665E-17
5400.50411462667  9.280063E-18
5406.02191829565  9.789616E-18
5411.53972196463  8.720077E-18
5417.05752563361  1.148425E-17
5422.57532930259  8.275773E-18
5428.09313297157  1.046379E-17
5433.61093664055  1.176604E-17
5439.12874030953  9.091699E-18
5444.64654397851  8.365341E-18
5450.16434764749  9.144437E-18
5455.68215131646  9.646857E-18
5461.19995498545  9.843364E-18
5466.71775865442  1.176100E-17
5472.23556232341  1.274239E-17
5477.75336599239  8.501634E-18
5483.27116966137  7.126106E-18
5488.78897333035  1.190776E-17
5494.30677699933  9.254545E-18
5499.82458066831  8.549056E-18
5505.34238433729  9.568220E-18
5510.86018800627  9.294978E-18
5516.37799167524  7.723663E-18
5521.89579534423  1.201723E-17
5527.41359901321  1.235161E-17
5532.93140268219  1.110768E-17
5538.44920635117  1.275875E-17
5543.96701002015  1.292632E-17
5549.48481368913  1.055390E-17
5555.00261735811  1.105017E-17
5560.52042102708  1.319538E-17
5566.03822469607  1.088307E-17
5571.55602836505  1.791232E-17
5577.07383203403  2.063505E-17
5582.59163570301  1.814383E-17
5588.10943937199  8.081517E-18
5593.62724304097  1.567033E-17
5599.14504670995  1.744029E-17
5604.66285037893  1.560949E-17
5610.18065404791  1.374397E-17
5615.69845771689  1.486720E-17
5621.21626138587  1.366847E-17
5626.73406505485  1.216202E-17
5632.25186872383  1.454142E-17
5637.76967239281  1.467092E-17
5643.28747606178  1.336953E-17
5648.80527973077  1.510184E-17
5654.32308339975  1.523716E-17
5659.84088706873  1.552362E-17
5665.35869073771  1.691995E-17
5670.87649440669  1.723191E-17
5676.39429807567  1.791246E-17
5681.91210174465  1.776740E-17
5687.42990541363  1.630789E-17
5692.94770908261  2.030417E-17
5698.46551275159  1.756367E-17
5703.98331642057  1.817506E-17
5709.50112008955  1.850512E-17
5715.01892375853  1.472863E-17
5720.53672742751  1.355964E-17
5726.05453109649  1.534407E-17
5731.57233476547  1.819622E-17
5737.09013843444  1.607158E-17
5742.60794210343  1.664062E-17
5748.12574577241  1.609618E-17
5753.64354944139  1.698892E-17
5759.16135311037  1.801495E-17
5764.67915677935  1.692935E-17
5770.19696044833  1.637303E-17
5775.71476411731  1.797151E-17
5781.23256778629  1.456209E-17
5786.75037145527  9.401548E-18
5792.26817512425  1.584867E-17
5797.78597879323  1.547402E-17
5803.30378246221  1.601060E-17
5808.82158613119  1.783741E-17
5814.33938980017  1.539997E-17
5819.85719346915  2.137487E-17
5825.37499713813  1.276548E-17
5830.8928008071  1.245970E-17
5836.41060447609  1.797660E-17
5841.92840814507  1.574108E-17
5847.44621181405  1.333866E-17
5852.96401548303  1.216390E-17
5858.48181915201  1.627612E-17
5863.99962282099  1.489439E-17
5869.51742648997  1.174572E-17
5875.03523015895  9.117402E-18
5880.55303382793  1.084240E-17
5886.07083749691  1.546535E-17
5891.58864116589  1.728815E-17
5897.10644483487  1.393194E-17
5902.62424850385  1.004986E-17
5908.14205217283  7.899340E-18
5913.65985584181  9.510163E-18
5919.17765951079  1.281987E-17
5924.69546317977  1.089381E-17
5930.21326684875  1.116475E-17
5935.73107051773  1.263700E-17
5941.24887418671  1.448525E-17
5946.76667785569  1.635618E-17
5952.28448152467  1.214477E-17
5957.80228519365  1.077674E-17
5963.32008886263  1.549171E-17
5968.83789253161  1.548705E-17
5974.35569620059  1.238576E-17
5979.87349986957  1.219081E-17
5985.39130353855  1.296052E-17
5990.90910720753  1.278058E-17
5996.42691087651  1.275310E-17
6001.94471454549  1.261341E-17
6007.46251821447  6.478211E-18
6012.98032188345  8.871366E-18
6018.49812555243  1.124740E-17
6024.01592922141  1.127503E-17
6029.53373289039  1.089722E-17
6035.05153655937  1.116258E-17
6040.56934022835  8.967621E-18
6046.08714389733  8.899449E-18
6051.60494756631  1.016763E-17
6057.12275123529  1.068989E-17
6062.64055490427  1.218048E-17
6068.15835857325  1.045674E-17
6073.67616224223  1.143811E-17
6079.19396591121  1.295006E-17
6084.71176958019  1.299239E-17
6090.22957324917  1.186155E-17
6095.74737691815  1.022371E-17
6101.26518058713  1.216665E-17
6106.78298425611  1.271162E-17
6112.30078792508  8.102094E-18
6117.81859159407  1.192700E-17
6123.33639526305  1.374974E-17
6128.85419893203  1.153473E-17
6134.37200260101  9.357521E-18
6139.88980626999  1.063389E-17
6145.40760993897  1.190348E-17
6150.92541360795  1.037594E-17
6156.44321727693  1.121104E-17
6161.96102094591  1.080249E-17
6167.47882461489  1.530697E-17
6172.99662828387  9.041278E-18
6178.51443195285  1.162975E-17
6184.03223562183  1.055345E-17
6189.55003929081  1.102964E-17
6195.06784295979  9.358498E-18
6200.58564662877  1.279334E-17
6206.10345029774  8.319815E-18
6211.62125396673  9.299849E-18
6217.13905763571  1.130372E-17
6222.65686130469  6.976091E-18
6228.17466497367  1.097479E-17
6233.69246864265  1.190304E-17
6239.21027231163  6.299504E-18
6244.72807598061  8.989799E-18
6250.24587964959  9.022807E-18
6255.76368331857  8.821372E-18
6261.28148698755  8.619171E-18
6266.79929065653  9.197645E-18
6272.31709432551  1.379767E-17
6277.83489799449  1.535008E-17
6283.35270166347  9.250878E-18
6288.87050533245  6.883585E-18
6294.38830900143  1.448519E-17
6299.90611267041  1.443332E-17
6305.42391633939  1.580694E-17
6310.94172000837  9.500922E-18
6316.45952367735  5.608692E-18
6321.97732734633  9.909032E-18
6327.49513101531  1.097341E-17
6333.01293468429  1.101331E-17
6338.53073835327  1.021220E-17
6344.04854202225  9.280424E-18
6349.56634569123  7.018548E-18
6355.08414936021  1.093440E-17
6360.60195302919  1.627907E-17
6366.11975669817  1.536419E-17
6371.63756036715  8.870087E-18
6377.15536403613  9.220801E-18
6382.67316770511  8.580640E-18
6388.19097137409  9.590708E-18
6393.70877504307  1.144171E-17
6399.22657871205  1.160861E-17
6404.74438238103  1.140523E-17
6410.26218605001  1.185484E-17
6415.77998971899  1.203319E-17
6421.29779338797  1.101879E-17
6426.81559705695  9.944610E-18
6432.33340072593  1.087247E-17
6437.85120439491  1.297645E-17
6443.36900806389  9.985346E-18
6448.88681173287  1.160913E-17
6454.40461540185  1.284360E-17
6459.92241907083  9.627177E-18
6465.44022273981  9.469800E-18
6470.95802640879  1.267967E-17
6476.47583007777  1.263250E-17
6481.99363374675  1.682168E-17
6487.51143741573  1.783816E-17
6493.02924108471  1.561840E-17
6498.54704475369  1.730780E-17
6504.06484842267  1.728874E-17
6509.58265209165  1.242128E-17
6515.10045576063  1.238838E-17
6520.61825942961  1.540153E-17
6526.13606309859  1.366115E-17
6531.65386676757  1.733498E-17
6537.17167043655  1.442396E-17
6542.68947410553  1.409314E-17
6548.20727777451  1.691880E-17
6553.72508144349  1.505386E-17
6559.24288511247  1.518101E-17
6564.76068878145  1.761698E-17
6570.27849245043  1.342239E-17
6575.79629611941  1.614706E-17
6581.31409978839  1.502676E-17
6586.83190345737  1.526980E-17
6592.34970712635  1.797639E-17
6597.86751079533  1.369965E-17
6603.38531446431  1.699772E-17
6608.90311813329  1.776471E-17
6614.42092180227  1.400765E-17
6619.93872547125  1.354114E-17
6625.45652914023  1.397741E-17
6630.97433280921  1.078908E-17
6636.49213647819  1.539387E-17
6642.00994014717  1.638237E-17
6647.52774381615  1.619002E-17
6653.04554748513  1.476923E-17
6658.56335115411  1.133264E-17
6664.08115482309  1.868501E-17
6669.59895849207  1.662508E-17
6675.11676216105  1.665864E-17
6680.63456583003  1.423913E-17
6686.15236949901  1.470158E-17
6691.67017316799  1.930473E-17
6697.18797683697  1.587636E-17
6702.70578050595  1.481200E-17
6708.22358417493  1.591398E-17
6713.74138784391  1.560014E-17
6719.25919151289  1.514987E-17
6724.77699518187  1.265549E-17
6730.29479885085  1.675593E-17
6735.81260251983  1.577885E-17
6741.33040618881  1.473468E-17
6746.84820985779  1.637315E-17
6752.36601352677  1.380392E-17
6757.88381719575  1.650187E-17
6763.40162086473  1.612192E-17
6768.91942453371  1.880050E-17
6774.43722820269  1.423180E-17
6779.95503187167  1.677541E-17
6785.47283554065  1.538260E-17
6790.99063920963  1.577694E-17
6796.50844287861  1.682126E-17
6802.02624654759  1.548254E-17
6807.54405021657  1.662179E-17
6813.06185388555  1.595001E-17
6818.57965755453  1.888678E-17
6824.09746122351  1.905816E-17
6829.61526489249  1.662530E-17
6835.13306856147  1.456826E-17
6840.65087223045  1.135880E-17
6846.16867589943  1.195979E-17
6851.68647956841  1.260395E-17
6857.20428323739  1.077047E-17
6862.72208690637  1.530093E-17
6868.23989057535  1.347773E-17
6873.75769424433  1.120552E-17
6879.27549791331  1.545426E-17
6884.79330158229  1.610381E-17
6890.31110525127  1.494115E-17
6895.82890892025  1.264375E-17
6901.34671258923  1.606053E-17
6906.86451625821  1.660447E-17
6912.38231992719  1.454280E-17
6917.90012359617  1.612455E-17
6923.41792726515  1.748961E-17
6928.93573093413  1.599259E-17
6934.45353460311  1.509695E-17
6939.97133827209  1.679375E-17
6945.48914194107  1.217193E-17
6951.00694561005  1.742344E-17
6956.52474927903  1.820705E-17
6962.04255294801  1.609041E-17
6967.56035661699  1.168536E-17
6973.07816028597  1.427573E-17
6978.59596395495  1.522646E-17
6984.11376762393  1.578383E-17
6989.63157129291  1.588610E-17
6995.14937496189  1.643300E-17
7000.66717863087  1.436092E-17
7006.18498229985  1.156320E-17
7011.70278596883  1.450988E-17
7017.22058963781  1.450870E-17
7022.73839330679  1.173915E-17
7028.25619697577  1.413191E-17
7033.77400064475  1.680145E-17
7039.29180431373  1.485995E-17
7044.80960798271  1.139739E-17
7050.32741165169  1.313519E-17
7055.84521532067  1.546148E-17
7061.36301898965  1.228140E-17
7066.88082265863  1.245774E-17
7072.39862632761  1.230132E-17
7077.91642999659  1.383288E-17
7083.43423366557  1.328611E-17
7088.95203733455  1.303415E-17
7094.46984100353  1.455198E-17
7099.98764467251  1.445815E-17
7105.50544834149  1.126409E-17
7111.02325201047  9.983282E-18
7116.54105567945  1.569768E-17
7122.05885934843  1.604148E-17
7127.57666301741  1.230958E-17
7133.09446668639  1.489458E-17
7138.61227035537  1.291087E-17
7144.13007402435  1.269721E-17
7149.64787769333  9.102597E-18
7155.16568136231  1.227952E-17
7160.68348503129  1.294615E-17
7166.20128870027  1.117466E-17
7171.71909236925  1.231753E-17
7177.23689603823  1.426818E-17
7182.75469970721  1.516208E-17
7188.27250337619  1.095056E-17
7193.79030704517  9.023764E-18
7199.30811071415  1.121514E-17
7204.82591438313  9.229188E-18
7210.34371805211  1.223310E-17
7215.86152172109  1.528367E-17
7221.37932539007  1.174997E-17
7226.89712905905  8.191355E-18
7232.41493272803  6.110780E-18
7237.93273639701  1.345214E-17
7243.45054006599  1.458601E-17
7248.96834373497  1.472905E-17
7254.48614740395  6.396181E-18
7260.00395107293  8.763112E-18
7265.52175474191  1.064791E-17
7271.03955841089  1.217244E-17
7276.55736207987  1.615981E-17
7282.07516574885  1.075005E-17
7287.59296941783  1.397150E-17
7293.11077308681  1.134819E-17
7298.62857675579  1.254315E-17
7304.14638042477  8.220456E-18
7309.66418409375  1.060748E-17
7315.18198776273  1.123144E-17
7320.69979143171  8.052150E-18
7326.21759510069  9.358904E-18
7331.73539876967  1.118167E-17
7337.25320243865  1.013534E-17
7342.77100610763  6.219944E-18
7348.28880977661  9.997882E-18
7353.80661344559  1.168469E-17
7359.32441711457  1.070400E-17
7364.84222078355  1.357751E-17
7370.36002445253  7.971461E-18
7375.87782812151  1.184754E-17
7381.39563179049  8.635108E-18
7386.91343545947  1.026430E-17
7392.43123912845  1.326257E-17
7397.94904279743  7.495512E-18
7403.46684646641  7.435798E-18
7408.98465013539  1.075967E-17
7414.50245380437  6.921112E-18
7420.02025747335  1.133049E-17
7425.53806114233  9.083152E-18
7431.05586481131  1.115561E-17
7436.57366848029  8.866840E-18
7442.09147214927  8.125668E-18
7447.60927581825  7.847607E-18
7453.12707948723  1.107439E-17
7458.64488315621  7.759658E-18
7464.16268682519  8.925650E-18
7469.68049049417  1.022617E-17
7475.19829416315  8.983029E-18
7480.71609783213  9.604584E-18
7486.23390150111  1.151061E-17
7491.75170517009  1.196789E-17
7497.26950883907  1.031666E-17
7502.78731250805  9.927158E-18
7508.30511617703  1.227235E-17
7513.82291984601  1.194855E-17
7519.34072351499  7.972297E-18
7524.85852718397  1.295536E-17
7530.37633085295  9.554504E-18
7535.89413452193  4.058346E-18
7541.41193819091  1.180398E-17
7546.92974185989  1.069436E-17
7552.44754552887  9.371960E-18
7557.96534919785  8.429898E-18
7563.48315286683  5.803605E-18
7569.00095653581  5.278266E-18
7574.51876020479  5.109445E-18
7580.03656387377  1.095498E-17
7585.55436754275  8.473985E-18
7591.07217121173  1.135276E-17
7596.58997488071  5.654041E-18
7602.10777854969  1.700453E-18
7607.62558221867  1.128610E-17
7613.14338588765  1.441896E-17
7618.66118955663  1.362899E-17
7624.17899322561  1.344834E-17
7629.69679689459  1.195143E-17
7635.21460056357  7.905742E-18
7640.73240423255  9.374857E-18
7646.25020790153  1.068786E-17
7651.76801157051  9.574564E-18
7657.28581523949  1.416859E-17
7662.80361890847  8.090290E-18
7668.32142257745  6.129432E-18
7673.83922624643  4.260158E-18
7679.35702991541  1.169025E-17
7684.87483358439  1.438585E-17
7690.39263725337  1.004148E-17
7695.91044092235  8.508638E-18
7701.42824459133  6.570246E-18
7706.94604826031  4.256915E-18
7712.46385192929  1.556778E-17
7717.98165559827  7.828566E-18
7723.49945926725  1.174654E-17
7729.01726293623  5.786305E-18
7734.53506660521  6.253127E-18
7740.05287027419  9.204872E-18
7745.57067394317  3.961451E-18
7751.08847761215  9.412202E-18
7756.60628128113  1.798169E-17
7762.12408495011  1.654269E-17
7767.64188861909  7.308762E-18
7773.15969228807  4.124940E-18
7778.67749595705  7.287811E-18
7784.19529962603  9.365185E-18
7789.71310329501  8.187868E-18
7795.23090696399  1.076203E-17
7800.74871063297  1.160454E-17
7806.26651430195  8.607229E-18
7811.78431797093  4.894137E-18
7817.30212163991  1.088298E-17
7822.81992530889  5.899496E-18
7828.33772897787  1.274874E-17
7833.85553264685  5.431724E-18
7839.37333631583  5.411441E-18
7844.89113998481  8.267166E-18
7850.40894365379  6.668145E-18
7855.92674732277  1.011002E-17
7861.44455099175  1.014442E-17
7866.96235466073  1.111284E-17
7872.48015832971  9.385213E-18
7877.99796199869  5.377370E-18
7883.51576566767  8.832759E-18
7889.03356933665  1.102048E-17
7894.55137300563  1.251314E-17
7900.06917667461  9.278068E-18
7905.58698034359  3.441298E-18
7911.10478401257  5.786982E-18
7916.62258768155  3.998207E-18
7922.14039135053  4.945902E-18
7927.65819501951  9.574176E-18
7933.17599868849  1.107525E-17
7938.69380235747  1.013989E-17
7944.21160602645  1.042302E-17
7949.72940969543  1.744256E-17
7955.24721336441  1.132839E-17
7960.76501703339  9.959188E-18
7966.28282070237  1.110983E-17
7971.80062437135  1.338415E-17
7977.31842804033  1.338979E-17
7982.83623170931  4.372148E-18
7988.35403537829  1.153478E-17
7993.87183904727  1.215995E-17
7999.38964271625  1.323014E-17
8004.90744638523  1.593615E-17
8010.42525005421  8.452146E-18
8015.94305372319  8.158116E-18
8021.46085739217  6.164063E-18
8026.97866106115  1.077788E-17
8032.49646473013  1.568492E-17
8038.01426839911  1.121866E-17
8043.53207206809  7.805190E-18
8049.04987573707  9.203240E-18
8054.56767940605  7.632258E-18
8060.08548307503  9.901821E-18
8065.60328674401  1.105125E-17
8071.12109041299  1.317179E-17
8076.63889408197  1.787006E-17
8082.15669775095  6.290938E-18
8087.67450141993  1.184207E-17
8093.19230508891  8.434244E-18
8098.71010875789  1.035327E-17
8104.22791242687  1.420672E-17
8109.74571609585  1.307669E-17
8115.26351976483  1.177692E-17
8120.78132343381  1.394002E-17
8126.29912710279  6.333148E-18
8131.81693077177  7.275619E-18
8137.33473444075  1.360734E-17
8142.85253810973  1.414461E-17
8148.37034177871  1.656541E-17
8153.88814544769  1.176483E-17
8159.40594911667  9.154428E-18
8164.92375278565  7.840443E-18
8170.44155645463  8.372007E-18
8175.95936012361  1.050787E-17
8181.47716379259  1.177844E-17
8186.99496746157  1.375616E-17
8192.51277113055  1.374730E-17
8198.03057479953  1.145304E-17
8203.54837846851  1.303194E-17
8209.06618213749  1.136793E-17
8214.58398580647  1.188663E-17
8220.10178947545  1.376800E-17
8225.61959314443  1.637138E-17
8231.13739681341  1.580095E-17
8236.65520048239  1.376104E-17
8242.17300415137  1.259109E-17
8247.69080782035  7.536319E-18
8253.20861148933  3.841633E-18
8258.72641515831  9.060324E-18
8264.24421882729  9.482689E-18
8269.76202249627  1.093987E-17
8275.27982616525  5.894068E-18
8280.79762983423  7.404603E-18
8286.31543350321  8.180360E-18
8291.83323717219  1.514079E-17
8297.35104084117  1.766518E-17
8302.86884451015  1.349958E-17
8308.38664817913  9.346649E-18
8313.90445184811  1.151029E-17
8319.42225551709  8.123599E-18
8324.94005918607  8.475665E-18
8330.45786285505  9.944770E-18
8335.97566652403  4.637071E-18
8341.49347019301  -1.455015E-18
8347.01127386199  9.463249E-18
8352.52907753097  1.767570E-17
8358.04688119995  4.678656E-18
8363.56468486893  1.110833E-17
8369.08248853791  4.712309E-18
8374.60029220689  6.693835E-18
8380.11809587587  7.491366E-18
8385.63589954485  1.322432E-17
8391.15370321383  1.295402E-17
8396.67150688281  1.262599E-17
8402.18931055179  1.318644E-17
8407.70711422077  5.612379E-18
8413.22491788975  -1.333691E-18
8418.74272155873  1.215916E-18
8424.26052522771  1.171994E-17
8429.77832889669  1.283521E-17
8435.29613256567  1.182996E-17
8440.81393623465  1.255036E-17
8446.33173990363  5.814695E-18
8451.84954357261  5.639892E-18
8457.36734724159  7.750069E-18
8462.88515091057  8.297502E-18
8468.40295457955  6.704267E-18
8473.92075824853  7.786134E-18
8479.43856191751  1.179477E-17
8484.95636558649  1.475038E-17
8490.47416925547  8.355284E-18
8495.99197292445  4.780429E-18
8501.50977659343  1.284145E-17
8507.02758026241  9.839251E-18
8512.54538393139  6.370940E-18
8518.06318760037  1.176180E-17
8523.58099126935  1.168986E-17
8529.09879493833  1.247637E-17
8534.61659860731  6.808681E-18
8540.13440227629  8.532436E-19
8545.65220594527  1.415473E-17
8551.17000961425  5.427106E-18
8556.68781328323  5.110367E-18
8562.20561695221  1.247593E-17
8567.72342062119  8.082120E-18
8573.24122429017  6.349948E-18
8578.75902795915  1.260908E-17
8584.27683162813  5.421783E-18
8589.79463529711  9.372573E-18
8595.31243896609  1.268806E-17
8600.83024263507  1.125914E-17
8606.34804630405  1.097488E-17
8611.86584997303  1.095859E-17
8617.38365364201  6.757625E-18
8622.90145731099  8.250892E-18
8628.41926097997  1.486245E-17
8633.93706464895  6.301171E-18
8639.45486831793  8.663206E-18
8644.97267198691  5.360386E-18
8650.49047565589  1.265344E-18
8656.00827932487  -1.297751E-18
8661.52608299385  3.677559E-18
8667.04388666283  2.038005E-17
8672.56169033181  1.311883E-17
8678.07949400079  1.030718E-17
8683.59729766977  7.867737E-18
8689.11510133875  6.929223E-18
8694.63290500773  1.245812E-17
8700.15070867671  1.250464E-17
8705.66851234569  9.675646E-18
8711.18631601467  8.228528E-18
8716.70411968365  4.340774E-18
8722.22192335263  5.107096E-18
8727.73972702161  6.690794E-18
8733.25753069059  7.317025E-18
8738.77533435957  1.750042E-18
8744.29313802855  1.953454E-18
8749.81094169753  1.341803E-17
8755.32874536651  1.375755E-17
8760.84654903549  6.698954E-18
8766.36435270447  2.816089E-18
8771.88215637345  -1.024751E-18
8777.39996004243  5.694110E-18
8782.91776371141  9.982853E-18
8788.43556738039  1.107041E-17
8793.95337104937  6.868613E-18
8799.47117471835  3.995348E-18
8804.98897838733  6.678641E-18
8810.50678205631  5.857793E-18
8816.02458572529  1.193766E-17
8821.54238939427  1.853113E-17
8827.06019306325  9.877007E-18
8832.57799673223  9.629365E-18
8838.09580040121  4.076380E-18
8843.61360407019  4.625017E-18
8849.13140773917  2.788188E-18
8854.64921140815  1.333350E-17
8860.16701507713  1.837849E-17
8865.68481874611  9.123980E-18
8871.20262241509  9.556198E-18
8876.72042608407  -1.670594E-18
8882.23822975305  7.678584E-18
8887.75603342203  1.872476E-17
8893.27383709101  9.724122E-18
8898.79164075999  8.677717E-18
8904.30944442897  6.580806E-18
8909.82724809795  4.395342E-18
8915.34505176693  -2.280207E-18
8920.86285543591  8.974876E-18
8926.38065910489  2.957016E-18
8931.89846277387  4.559356E-18
8937.41626644285  1.268624E-17
8942.93407011183  7.844510E-18
8948.45187378081  6.552542E-19
8953.96967744979  6.144755E-18
8959.48748111877  7.076510E-18
8965.00528478775  1.039650E-17
8970.52308845673  1.137741E-17
8976.04089212571  5.842962E-18
8981.55869579469  8.216356E-18
8987.07649946367  1.082369E-17
8992.59430313265  1.454775E-17
8998.11210680163  1.255753E-18
9003.62991047061  7.796460E-18
9009.14771413959  1.127418E-18
9014.66551780857  8.994624E-18
9020.18332147755  1.574166E-17
9025.70112514653  1.049435E-17
9031.21892881551  1.377715E-17
9036.73673248449  9.559264E-18
9042.25453615347  1.210670E-17
9047.77233982245  5.110776E-18
9053.29014349143  5.055096E-18
9058.80794716041  9.503088E-18
9064.32575082939  1.762825E-17
9069.84355449837  1.806243E-18
9075.36135816735  6.802137E-18
9080.87916183633  -4.467462E-18
9086.39696550531  -3.380358E-18
9091.91476917429  8.192333E-18
9097.43257284327  1.325567E-17
9102.95037651225  9.811373E-18
9108.46818018123  1.108370E-17
9113.98598385021  7.554430E-18
9119.50378751919  6.091492E-18
9125.02159118817  1.386518E-17
9130.53939485715  1.368417E-17
9136.05719852613  1.016437E-17
9141.57500219511  8.324297E-18
9147.09280586409  1.371178E-17
9152.61060953307  8.966843E-18
9158.12841320205  7.651804E-18
9163.64621687103  8.920389E-18
9169.16402054001  2.132676E-18
9174.68182420899  1.332126E-17
9180.19962787797  1.097923E-17
9185.71743154695  4.329924E-18
9191.23523521593  3.865147E-18
9196.75303888491  3.762653E-18
9202.27084255389  9.542377E-18
9207.78864622287  3.089353E-18
9213.30644989185  9.207155E-18
9218.82425356083  9.776007E-18
9224.34205722981  1.529456E-17
9229.85986089879  1.898262E-17
9235.37766456777  4.328343E-18
9240.89546823675  6.870342E-18
9246.41327190573  2.392473E-18
