3651.36035156  1.252610E-17
3656.87815522898  1.404370E-17
3662.39595889796  1.268929E-17
3667.91376256694  1.518911E-18
3673.43156623592  4.036379E-18
3678.9493699049  3.028060E-18
3684.46717357388  8.874926E-18
3689.98497724286  8.490109E-18
3695.50278091184  1.267185E-18
3701.02058458082  7.029279E-18
3706.5383882498  1.736486E-18
3712.05619191878  3.545725E-18
3717.57399558776  1.036921E-17
3723.09179925674  8.360098E-18
3728.60960292572  6.683012E-18
3734.1274065947  6.098518E-18
3739.64521026368  8.240593E-18
3745.16301393266  8.895845E-18
3750.68081760164  5.696730E-18
3756.19862127062  1.005463E-17
3761.7164249396  4.786453E-18
3767.23422860858  2.109461E-18
3772.75203227756  1.923713E-18
3778.26983594654  1.571474E-19
3783.78763961552  5.130463E-19
3789.3054432845  4.282244E-18
3794.82324695348  4.543862E-18
3800.34105062246  2.956971E-18
3805.85885429144  4.457323E-18
3811.37665796042  6.242888E-19
3816.8944616294  1.065747E-17
3822.41226529838  4.124532E-18
3827.93006896736  4.111886E-18
3833.44787263634  8.067727E-18
3838.96567630532  4.227287E-18
3844.4834799743  4.495441E-18
3850.00128364328  1.321660E-19
3855.51908731226  -7.993219E-20
3861.03689098124  5.019646E-18
3866.55469465022  1.021559E-17
3872.0724983192  6.120764E-18
3877.59030198818  7.235508E-18
3883.10810565716  5.808440E-18
3888.62590932614  6.319719E-18
3894.14371299512  4.558827E-18
3899.6615166641  4.264978E-18
3905.17932033308  3.823408E-19
3910.69712400206  3.391034E-18
3916.21492767104  7.593535E-18
3921.73273134002  7.678857E-18
3927.250535009  6.780331E-18
3932.76833867798  6.727446E-18
3938.28614234696  3.792992E-18
3943.80394601594  8.419860E-18
3949.32174968492  5.791238E-18
3954.8395533539  5.965288E-18
3960.35735702288  6.639532E-18
3965.87516069186  4.187571E-18
3971.39296436084  8.558648E-18
3976.91076802982  5.475564E-18
3982.4285716988  4.496507E-18
3987.94637536778  1.053419E-17
3993.46417903676  8.995115E-18
3998.98198270574  7.291777E-20
4004.49978637472  5.907877E-18
4010.0175900437  4.957234E-18
4015.53539371268  5.596971E-18
4021.05319738166  6.135780E-18
4026.57100105064  4.861857E-18
4032.08880471962  8.566510E-18
4037.6066083886  7.098302E-18
4043.12441205758  8.476744E-18
4048.64221572656  7.973952E-18
4054.16001939554  1.367475E-17
4059.67782306452  1.450601E-17
4065.1956267335  1.432076E-17
4070.71343040248  1.102350E-17
4076.23123407146  5.173733E-18
4081.74903774044  3.050560E-18
4087.26684140942  5.929014E-18
4092.7846450784  1.047549E-17
4098.30244874738  4.829239E-18
4103.82025241636  5.488982E-18
4109.33805608534  8.115290E-18
4114.85585975432  7.379205E-18
4120.3736634233  6.120555E-18
4125.89146709228  6.600610E-18
4131.40927076126  7.163222E-18
4136.92707443024  5.151197E-18
4142.44487809922  1.048724E-17
4147.9626817682  8.373778E-18
4153.48048543718  1.053468E-17
4158.99828910616  8.490739E-18
4164.51609277514  7.564250E-18
4170.03389644412  5.869433E-18
4175.5517001131  1.008457E-17
4181.06950378208  6.598325E-18
4186.58730745106  7.891611E-18
4192.10511112004  1.265523E-17
4197.62291478902  7.832953E-18
4203.140718458  9.623725E-18
4208.65852212698  3.618127E-18
4214.17632579596  6.462305E-18
4219.69412946494  7.465035E-18
4225.21193313392  8.397236E-18
4230.7297368029  1.061822E-17
4236.24754047188  1.029357E-17
4241.76534414086  1.010799E-17
4247.28314780984  1.038234E-17
4252.80095147882  1.217486E-17
4258.3187551478  9.652093E-18
4263.83655881678  7.816796E-18
4269.35436248576  4.206339E-18
4274.87216615474  1.279955E-17
4280.38996982372  7.180931E-18
4285.9077734927  9.244095E-18
4291.42557716168  5.528024E-18
4296.94338083066  1.067019E-17
4302.46118449964  9.201005E-18
4307.97898816862  4.359103E-18
4313.4967918376  1.070274E-17
4319.01459550658  1.233420E-17
4324.53239917556  6.784533E-18
4330.05020284454  1.146807E-17
4335.56800651352  1.520184E-17
4341.0858101825  9.965468E-18
4346.60361385148  7.950108E-18
4352.12141752046  1.127121E-17
4357.63922118944  9.998301E-18
4363.15702485842  7.342831E-18
4368.6748285274  5.067882E-18
4374.19263219638  1.311028E-17
4379.71043586536  7.994337E-18
4385.22823953434  1.072329E-17
4390.74604320332  7.571276E-18
4396.2638468723  7.749381E-18
4401.78165054128  7.712068E-18
4407.29945421026  1.309282E-17
4412.81725787924  1.088470E-17
4418.33506154822  1.161075E-17
4423.8528652172  1.033555E-17
4429.37066888618  8.423774E-18
4434.88847255516  1.002765E-17
4440.40627622414  9.176321E-18
4445.92407989312  6.485188E-18
4451.4418835621  8.137019E-18
4456.95968723108  7.925457E-18
4462.47749090006  1.239379E-17
4467.99529456904  1.254479E-17
4473.51309823802  8.257341E-18
4479.030901907  7.435283E-18
4484.54870557598  8.572662E-18
4490.06650924496  7.299895E-18
4495.58431291394  1.096531E-17
4501.10211658292  1.001251E-17
4506.6199202519  9.105867E-18
4512.13772392088  1.126644E-17
4517.65552758986  1.111636E-17
4523.17333125884  9.561444E-18
4528.69113492782  1.153634E-17
4534.2089385968  1.455362E-17
4539.72674226578  9.585799E-18
4545.24454593476  8.910605E-18
4550.76234960374  1.085914E-17
4556.28015327273  1.191310E-17
4561.7979569417  1.205223E-17
4567.31576061068  7.022996E-18
4572.83356427966  1.155065E-17
4578.35136794864  1.230576E-17
4583.86917161762  1.016473E-17
4589.3869752866  1.014798E-17
4594.90477895559  1.051126E-17
4600.42258262456  1.001926E-17
4605.94038629354  9.944307E-18
4611.45818996252  1.044183E-17
4616.9759936315  8.753640E-18
4622.49379730048  8.457526E-18
4628.01160096946  1.230405E-17
4633.52940463844  1.063977E-17
4639.04720830742  1.122214E-17
4644.5650119764  6.848608E-18
4650.08281564538  6.410604E-18
4655.60061931436  9.509301E-18
4661.11842298334  7.518798E-18
4666.63622665232  9.116473E-18
4672.1540303213  9.475914E-18
4677.67183399028  9.119986E-18
4683.18963765926  8.970651E-18
4688.70744132824  7.865988E-18
4694.22524499722  9.588438E-18
4699.7430486662  7.940002E-18
4705.26085233518  8.254639E-18
4710.77865600416  1.162231E-17
4716.29645967314  8.661777E-18
4721.81426334212  1.044351E-17
4727.3320670111  7.251562E-18
4732.84987068008  1.059187E-17
4738.36767434906  1.111915E-17
4743.88547801804  9.706889E-18
4749.40328168702  1.294067E-17
4754.921085356  1.069561E-17
4760.43888902498  1.018208E-17
4765.95669269396  1.434409E-17
4771.47449636295  1.125620E-17
4776.99230003192  9.587290E-18
4782.5101037009  1.026549E-17
4788.02790736988  1.077656E-17
4793.54571103886  1.233765E-17
4799.06351470784  1.122212E-17
4804.58131837682  1.007514E-17
4810.0991220458  1.050218E-17
4815.61692571479  1.278300E-17
4821.13472938377  9.525409E-18
4826.65253305274  1.258948E-17
4832.17033672172  9.959165E-18
4837.6881403907  1.107379E-17
4843.20594405968  1.008997E-17
4848.72374772866  1.339359E-17
4854.24155139765  1.080105E-17
4859.75935506662  1.591705E-17
4865.2771587356  1.442137E-17
4870.79496240459  1.122769E-17
4876.31276607356  1.601493E-17
4881.83056974254  1.320427E-17
4887.34837341153  1.222088E-17
4892.8661770805  1.692186E-17
4898.38398074948  1.789512E-17
4903.90178441846  1.386554E-17
4909.41958808745  1.173668E-17
4914.93739175642  1.556783E-17
4920.4551954254  1.708320E-17
4925.97299909438  1.246414E-17
4931.49080276337  1.279726E-17
4937.00860643235  1.295050E-17
4942.52641010132  1.233129E-17
4948.04421377031  9.556427E-18
4953.56201743928  1.596132E-17
4959.07982110827  1.656757E-17
4964.59762477725  1.932411E-17
4970.11542844623  1.366146E-17
4975.6332321152  1.071110E-17
4981.15103578418  1.314834E-17
4986.66883945316  1.284711E-17
4992.18664312214  1.024495E-17
4997.70444679113  1.044121E-17
5003.22225046011  1.229086E-17
5008.74005412909  9.860820E-18
5014.25785779806  1.165983E-17
5019.77566146704  1.487321E-17
5025.29346513603  1.495184E-17
5030.81126880501  1.210176E-17
5036.32907247398  1.404857E-17
5041.84687614297  1.421705E-17
5047.36467981194  1.133424E-17
5052.88248348092  1.097936E-17
5058.40028714991  1.117076E-17
5063.91809081889  1.066548E-17
5069.43589448787  1.459884E-17
5074.95369815685  9.623928E-18
5080.47150182583  8.418096E-18
5085.98930549481  1.219604E-17
5091.50710916379  1.489357E-17
5097.02491283277  9.675944E-18
5102.54271650175  1.262303E-17
5108.06052017073  1.251084E-17
5113.57832383971  1.171450E-17
5119.09612750869  1.208965E-17
5124.61393117767  9.665101E-18
5130.13173484664  1.372832E-17
5135.64953851562  9.222752E-18
5141.16734218461  8.540313E-18
5146.68514585359  9.838063E-18
5152.20294952257  1.372013E-17
5157.72075319155  1.370576E-17
5163.23855686053  1.326168E-17
5168.7563605295  1.046273E-17
5174.27416419848  8.507371E-18
5179.79196786746  8.389770E-18
5185.30977153645  8.575068E-18
5190.82757520543  1.106419E-17
5196.34537887441  1.219150E-17
5201.86318254339  1.252150E-17
5207.38098621237  1.053606E-17
5212.89878988134  1.162175E-17
5218.41659355033  1.074504E-17
5223.9343972193  1.364453E-17
5229.45220088829  1.003888E-17
5234.97000455726  9.194380E-18
5240.48780822625  1.181181E-17
5246.00561189523  1.146812E-17
5251.5234155642  1.370868E-17
5257.04121923319  1.125132E-17
5262.55902290217  1.111901E-17
5268.07682657114  1.123907E-17
5273.59463024012  1.082207E-17
5279.11243390911  9.630190E-18
5284.63023757809  1.260390E-17
5290.14804124706  1.305999E-17
5295.66584491605  9.602288E-18
5301.18364858503  1.076000E-17
5306.70145225401  1.062687E-17
5312.21925592299  1.373158E-17
5317.73705959197  1.120440E-17
5323.25486326095  1.203200E-17
5328.77266692992  6.753690E-18
5334.29047059891  1.049130E-17
5339.80827426789  1.147027E-17
5345.32607793687  9.540038E-18
5350.84388160584  1.097525E-17
5356.36168527483  1.041853E-17
5361.8794889438  1.004850E-17
5367.39729261279  1.077116E-17
5372.91509628177  1.029586E-17
5378.43289995075  1.055941E-17
5383.95070361973  1.128496E-17
5389.4685072887  8.456224E-18
5394.98631095769  1.256903E-17
5400.50411462667  9.782203E-18
5406.02191829565  1.159024E-17
5411.53972196463  1.022809E-17
5417.05752563361  1.317491E-17
5422.57532930259  8.334425E-18
5428.09313297157  7.711428E-18
5433.61093664055  1.128656E-17
5439.12874030953  8.561721E-18
5444.64654397851  1.078127E-17
5450.16434764749  4.853234E-18
5455.68215131646  7.363932E-18
5461.19995498545  8.991417E-18
5466.71775865442  1.051419E-17
5472.23556232341  1.343593E-17
5477.75336599239  1.096168E-17
5483.27116966137  1.063587E-17
5488.78897333035  8.952995E-18
5494.30677699933  1.193636E-17
5499.82458066831  7.774949E-18
5505.34238433729  1.183480E-17
5510.86018800627  1.292687E-17
5516.37799167524  7.790055E-18
5521.89579534423  1.128543E-17
5527.41359901321  1.071371E-17
5532.93140268219  1.124207E-17
5538.44920635117  7.725014E-18
5543.96701002015  9.942566E-18
5549.48481368913  1.112121E-17
5555.00261735811  1.238054E-17
5560.52042102708  1.183783E-17
5566.03822469607  1.437271E-17
5571.55602836505  1.543615E-17
5577.07383203403  2.164437E-17
5582.59163570301  2.579146E-17
5588.10943937199  7.996736E-18
5593.62724304097  1.470608E-17
5599.14504670995  8.806959E-18
5604.66285037893  1.275425E-17
5610.18065404791  1.440644E-17
5615.69845771689  1.494396E-17
5621.21626138587  1.510175E-17
5626.73406505485  1.647848E-17
5632.25186872383  1.826593E-17
5637.76967239281  1.697340E-17
5643.28747606178  1.720366E-17
5648.80527973077  1.937482E-17
5654.32308339975  1.465668E-17
5659.84088706873  1.458571E-17
5665.35869073771  1.369832E-17
5670.87649440669  1.480046E-17
5676.39429807567  2.089819E-17
5681.91210174465  1.949452E-17
5687.42990541363  1.988446E-17
5692.94770908261  1.707949E-17
5698.46551275159  1.710357E-17
5703.98331642057  1.554185E-17
5709.50112008955  2.026727E-17
5715.01892375853  1.875184E-17
5720.53672742751  1.382699E-17
5726.05453109649  1.941079E-17
5731.57233476547  1.778277E-17
5737.09013843444  1.545161E-17
5742.60794210343  1.238142E-17
5748.12574577241  1.417711E-17
5753.64354944139  1.846170E-17
5759.16135311037  1.797427E-17
5764.67915677935  1.743211E-17
5770.19696044833  1.888314E-17
5775.71476411731  1.304936E-17
5781.23256778629  1.477786E-17
5786.75037145527  1.343244E-17
5792.26817512425  1.724830E-17
5797.78597879323  1.816996E-17
5803.30378246221  1.601186E-17
5808.82158613119  1.523199E-17
5814.33938980017  1.476149E-17
5819.85719346915  1.337557E-17
5825.37499713813  1.724505E-17
5830.8928008071  1.756383E-17
5836.41060447609  1.471541E-17
5841.92840814507  1.223949E-17
5847.44621181405  1.088730E-17
5852.96401548303  1.366511E-17
5858.48181915201  1.907328E-17
5863.99962282099  1.876858E-17
5869.51742648997  1.312067E-17
5875.03523015895  1.080813E-17
5880.55303382793  1.462366E-17
5886.07083749691  1.492171E-17
5891.58864116589  1.423310E-17
5897.10644483487  1.479055E-17
5902.62424850385  1.262082E-17
5908.14205217283  1.368975E-17
5913.65985584181  1.258530E-17
5919.17765951079  8.915113E-18
5924.69546317977  1.122539E-17
5930.21326684875  1.254109E-17
5935.73107051773  1.051419E-17
5941.24887418671  1.040579E-17
5946.76667785569  1.205842E-17
5952.28448152467  1.067656E-17
5957.80228519365  1.187977E-17
5963.32008886263  1.127097E-17
5968.83789253161  1.211090E-17
5974.35569620059  1.454479E-17
5979.87349986957  1.052553E-17
5985.39130353855  1.425791E-17
5990.90910720753  1.589734E-17
5996.42691087651  1.191614E-17
6001.94471454549  9.423408E-18
6007.46251821447  1.155077E-17
6012.98032188345  1.108148E-17
6018.49812555243  8.559224E-18
6024.01592922141  1.323149E-17
6029.53373289039  1.151648E-17
6035.05153655937  1.076984E-17
6040.56934022835  1.116902E-17
6046.08714389733  1.037337E-17
6051.60494756631  9.242555E-18
6057.12275123529  1.052308E-17
6062.64055490427  1.240553E-17
6068.15835857325  1.063363E-17
6073.67616224223  1.005383E-17
6079.19396591121  8.669363E-18
6084.71176958019  1.213632E-17
6090.22957324917  1.015857E-17
6095.74737691815  1.258103E-17
6101.26518058713  1.060047E-17
6106.78298425611  1.111611E-17
6112.30078792508  1.220873E-17
6117.81859159407  1.324135E-17
6123.33639526305  8.958415E-18
6128.85419893203  1.202905E-17
6134.37200260101  9.456930E-18
6139.88980626999  7.930489E-18
6145.40760993897  9.695509E-18
6150.92541360795  1.147177E-17
6156.44321727693  1.118667E-17
6161.96102094591  1.008971E-17
6167.47882461489  9.296157E-18
6172.99662828387  9.213795E-18
6178.51443195285  8.547985E-18
6184.03223562183  9.070252E-18
6189.55003929081  8.583091E-18
6195.06784295979  1.010382E-17
6200.58564662877  7.646507E-18
6206.10345029774  7.876927E-18
6211.62125396673  8.264936E-18
6217.13905763571  1.290483E-17
6222.65686130469  1.055921E-17
6228.17466497367  6.975381E-18
6233.69246864265  7.329109E-18
6239.21027231163  1.106714E-17
6244.72807598061  1.304343E-17
6250.24587964959  1.227768E-17
6255.76368331857  1.100286E-17
6261.28148698755  1.125742E-17
6266.79929065653  1.163033E-17
6272.31709432551  1.286278E-17
6277.83489799449  1.299879E-17
6283.35270166347  1.285222E-17
6288.87050533245  5.544288E-18
6294.38830900143  3.027967E-18
6299.90611267041  8.208614E-18
6305.42391633939  5.063930E-18
6310.94172000837  9.116971E-18
6316.45952367735  9.494468E-18
6321.97732734633  1.046428E-17
6327.49513101531  9.471395E-18
6333.01293468429  1.024112E-17
6338.53073835327  1.481956E-17
6344.04854202225  1.245204E-17
6349.56634569123  5.702608E-18
6355.08414936021  5.177069E-18
6360.60195302919  8.283721E-18
6366.11975669817  1.033128E-17
6371.63756036715  1.164513E-17
6377.15536403613  1.023993E-17
6382.67316770511  1.211910E-17
6388.19097137409  8.893569E-18
6393.70877504307  1.212533E-17
6399.22657871205  1.391370E-17
6404.74438238103  1.005078E-17
6410.26218605001  1.378824E-17
6415.77998971899  1.131619E-17
6421.29779338797  9.108515E-18
6426.81559705695  9.728077E-18
6432.33340072593  1.297916E-17
6437.85120439491  1.050483E-17
6443.36900806389  1.056319E-17
6448.88681173287  1.443400E-17
6454.40461540185  1.439273E-17
6459.92241907083  1.496617E-17
6465.44022273981  1.345637E-17
6470.95802640879  1.101407E-17
6476.47583007777  1.131348E-17
6481.99363374675  1.576592E-17
6487.51143741573  1.640748E-17
6493.02924108471  1.314698E-17
6498.54704475369  1.549750E-17
6504.06484842267  1.510326E-17
6509.58265209165  1.099906E-17
6515.10045576063  1.021023E-17
6520.61825942961  1.430139E-17
6526.13606309859  1.504432E-17
6531.65386676757  1.449678E-17
6537.17167043655  1.256370E-17
6542.68947410553  1.311086E-17
6548.20727777451  1.528421E-17
6553.72508144349  1.153249E-17
6559.24288511247  1.604680E-17
6564.76068878145  1.735749E-17
6570.27849245043  1.885323E-17
6575.79629611941  1.395019E-17
6581.31409978839  1.634752E-17
6586.83190345737  1.507599E-17
6592.34970712635  1.365126E-17
6597.86751079533  1.245663E-17
6603.38531446431  1.662473E-17
6608.90311813329  1.658335E-17
6614.42092180227  1.414138E-17
6619.93872547125  1.592798E-17
6625.45652914023  1.672508E-17
6630.97433280921  1.378848E-17
6636.49213647819  1.709530E-17
6642.00994014717  1.727381E-17
6647.52774381615  1.429201E-17
6653.04554748513  1.502380E-17
6658.56335115411  1.645309E-17
6664.08115482309  1.411522E-17
6669.59895849207  1.684917E-17
6675.11676216105  1.595052E-17
6680.63456583003  1.284699E-17
6686.15236949901  1.583018E-17
6691.67017316799  1.392280E-17
6697.18797683697  1.320577E-17
6702.70578050595  1.516970E-17
6708.22358417493  1.649059E-17
6713.74138784391  1.906783E-17
6719.25919151289  1.721016E-17
6724.77699518187  1.217412E-17
6730.29479885085  1.193647E-17
6735.81260251983  1.231195E-17
6741.33040618881  1.245843E-17
6746.84820985779  1.484039E-17
6752.36601352677  1.497252E-17
6757.88381719575  1.641485E-17
6763.40162086473  1.300938E-17
6768.91942453371  1.365705E-17
6774.43722820269  1.864328E-17
6779.95503187167  1.273484E-17
6785.47283554065  1.256447E-17
6790.99063920963  1.490394E-17
6796.50844287861  1.444155E-17
6802.02624654759  1.366481E-17
6807.54405021657  1.965804E-17
6813.06185388555  1.472035E-17
6818.57965755453  1.529933E-17
6824.09746122351  1.294734E-17
6829.61526489249  1.260611E-17
6835.13306856147  1.151300E-17
6840.65087223045  1.430982E-17
6846.16867589943  1.537931E-17
6851.68647956841  1.155881E-17
6857.20428323739  1.317324E-17
6862.72208690637  1.695663E-17
6868.23989057535  1.394932E-17
6873.75769424433  1.340541E-17
6879.27549791331  1.356650E-17
6884.79330158229  1.242710E-17
6890.31110525127  1.253827E-17
6895.82890892025  1.348974E-17
6901.34671258923  1.611245E-17
6906.86451625821  1.460486E-17
6912.38231992719  1.451913E-17
6917.90012359617  1.613438E-17
6923.41792726515  1.614452E-17
6928.93573093413  1.499210E-17
6934.45353460311  1.514476E-17
6939.97133827209  1.527983E-17
6945.48914194107  1.467382E-17
6951.00694561005  1.236895E-17
6956.52474927903  1.395018E-17
6962.04255294801  1.535800E-17
6967.56035661699  1.166074E-17
6973.07816028597  9.571977E-18
6978.59596395495  1.285066E-17
6984.11376762393  1.345588E-17
6989.63157129291  1.590675E-17
6995.14937496189  1.416134E-17
7000.66717863087  1.306527E-17
7006.18498229985  1.244138E-17
7011.70278596883  1.259839E-17
7017.22058963781  1.411886E-17
7022.73839330679  1.597313E-17
7028.25619697577  1.421210E-17
7033.77400064475  1.523735E-17
7039.29180431373  1.476240E-17
7044.80960798271  1.229995E-17
7050.32741165169  1.456008E-17
7055.84521532067  1.383784E-17
7061.36301898965  1.131537E-17
7066.88082265863  1.283941E-17
7072.39862632761  1.364349E-17
7077.91642999659  1.135067E-17
7083.43423366557  9.360458E-18
7088.95203733455  1.461815E-17
7094.46984100353  1.144325E-17
7099.98764467251  1.115429E-17
7105.50544834149  8.339991E-18
7111.02325201047  8.885686E-18
7116.54105567945  1.363753E-17
7122.05885934843  1.423936E-17
7127.57666301741  9.768919E-18
7133.09446668639  1.167702E-17
7138.61227035537  1.504240E-17
7144.13007402435  1.116006E-17
7149.64787769333  1.217120E-17
7155.16568136231  1.188843E-17
7160.68348503129  9.306900E-18
7166.20128870027  1.066633E-17
7171.71909236925  1.130380E-17
7177.23689603823  1.169358E-17
7182.75469970721  1.235853E-17
7188.27250337619  9.742814E-18
7193.79030704517  1.280350E-17
7199.30811071415  1.405218E-17
7204.82591438313  9.607337E-18
7210.34371805211  1.075299E-17
7215.86152172109  9.716760E-18
7221.37932539007  1.071090E-17
7226.89712905905  1.060492E-17
7232.41493272803  4.410761E-18
7237.93273639701  6.973425E-18
7243.45054006599  1.240546E-17
7248.96834373497  1.038544E-17
7254.48614740395  8.994750E-18
7260.00395107293  4.101352E-18
7265.52175474191  6.405515E-18
7271.03955841089  1.662137E-17
7276.55736207987  5.563747E-18
7282.07516574885  1.515064E-17
7287.59296941783  1.312286E-17
7293.11077308681  1.211690E-17
7298.62857675579  1.256152E-17
7304.14638042477  1.024923E-17
7309.66418409375  6.764678E-18
7315.18198776273  6.804733E-18
7320.69979143171  1.016628E-17
7326.21759510069  9.436909E-18
7331.73539876967  1.222329E-17
7337.25320243865  1.171168E-17
7342.77100610763  6.456097E-18
7348.28880977661  1.018501E-17
7353.80661344559  9.984475E-18
7359.32441711457  9.826063E-18
7364.84222078355  1.060819E-17
7370.36002445253  8.540755E-18
7375.87782812151  5.809426E-18
7381.39563179049  1.122215E-17
7386.91343545947  9.792498E-18
7392.43123912845  3.707307E-18
7397.94904279743  6.820136E-18
7403.46684646641  7.976578E-18
7408.98465013539  9.158765E-18
7414.50245380437  8.486964E-18
7420.02025747335  8.945040E-18
7425.53806114233  8.982143E-18
7431.05586481131  9.848206E-18
7436.57366848029  7.363105E-18
7442.09147214927  6.387410E-18
7447.60927581825  9.179614E-18
7453.12707948723  1.203062E-17
7458.64488315621  7.861198E-18
7464.16268682519  4.750857E-18
7469.68049049417  5.453537E-18
7475.19829416315  5.981889E-18
7480.71609783213  9.526115E-18
7486.23390150111  1.039044E-17
7491.75170517009  8.227931E-18
7497.26950883907  5.627476E-18
7502.78731250805  6.735244E-18
7508.30511617703  1.162995E-17
7513.82291984601  7.386132E-18
7519.34072351499  1.034108E-17
7524.85852718397  1.197641E-17
7530.37633085295  1.315320E-17
7535.89413452193  8.919139E-18
7541.41193819091  9.620844E-18
7546.92974185989  1.105781E-17
7552.44754552887  8.856664E-18
7557.96534919785  6.523257E-18
7563.48315286683  5.139006E-18
7569.00095653581  7.710932E-18
7574.51876020479  9.799404E-18
7580.03656387377  1.083306E-17
7585.55436754275  9.138481E-18
7591.07217121173  1.475757E-17
7596.58997488071  1.247655E-17
7602.10777854969  3.021383E-18
7607.62558221867  2.386110E-18
7613.14338588765  9.734265E-18
7618.66118955663  1.497696E-17
7624.17899322561  1.197790E-17
7629.69679689459  1.061140E-17
7635.21460056357  4.656576E-18
7640.73240423255  4.059784E-18
7646.25020790153  1.147052E-17
7651.76801157051  1.057202E-17
7657.28581523949  1.295576E-17
7662.80361890847  7.872107E-18
7668.32142257745  3.556195E-18
7673.83922624643  8.267559E-18
7679.35702991541  6.041205E-18
7684.87483358439  8.013470E-18
7690.39263725337  7.836666E-18
7695.91044092235  8.926360E-18
7701.42824459133  6.256976E-18
7706.94604826031  -8.213299E-19
7712.46385192929  1.155088E-17
7717.98165559827  1.936625E-17
7723.49945926725  9.999173E-18
7729.01726293623  4.918929E-18
7734.53506660521  7.483241E-18
7740.05287027419  4.853305E-18
7745.57067394317  6.548832E-18
7751.08847761215  1.265214E-17
7756.60628128113  9.937043E-18
7762.12408495011  6.976600E-18
7767.64188861909  5.753442E-18
7773.15969228807  4.054269E-18
7778.67749595705  5.856530E-18
7784.19529962603  1.085830E-17
7789.71310329501  1.235939E-17
7795.23090696399  1.136820E-17
7800.74871063297  9.454092E-18
7806.26651430195  8.162183E-18
7811.78431797093  6.313176E-18
7817.30212163991  1.194210E-17
7822.81992530889  1.666310E-17
7828.33772897787  4.734953E-18
7833.85553264685  9.694308E-18
7839.37333631583  2.102418E-18
7844.89113998481  4.519927E-18
7850.40894365379  7.773024E-18
7855.92674732277  1.049159E-17
7861.44455099175  9.650246E-18
7866.96235466073  4.564440E-18
7872.48015832971  7.849257E-18
7877.99796199869  1.021197E-17
7883.51576566767  8.572286E-18
7889.03356933665  9.918816E-18
7894.55137300563  6.924489E-18
7900.06917667461  7.508331E-18
7905.58698034359  8.110602E-18
7911.10478401257  2.870566E-18
7916.62258768155  -2.162520E-18
7922.14039135053  9.165102E-18
7927.65819501951  1.631452E-17
7933.17599868849  1.254865E-17
7938.69380235747  7.446197E-18
7944.21160602645  1.416027E-17
7949.72940969543  8.618683E-18
7955.24721336441  1.267555E-17
7960.76501703339  1.440271E-17
7966.28282070237  1.662367E-17
7971.80062437135  6.109004E-18
7977.31842804033  1.420980E-17
7982.83623170931  7.003377E-18
7988.35403537829  5.109696E-18
7993.87183904727  6.945755E-18
7999.38964271625  1.468834E-17
8004.90744638523  1.195050E-17
8010.42525005421  1.030688E-17
8015.94305372319  6.334176E-18
8021.46085739217  8.268112E-18
8026.97866106115  7.277127E-18
8032.49646473013  7.704263E-18
8038.01426839911  1.361247E-17
8043.53207206809  1.068628E-17
8049.04987573707  1.039023E-17
8054.56767940605  7.273525E-18
8060.08548307503  1.730757E-18
8065.60328674401  1.005562E-17
8071.12109041299  1.775671E-17
8076.63889408197  1.440892E-17
8082.15669775095  1.042882E-17
8087.67450141993  1.523228E-17
8093.19230508891  1.125459E-17
8098.71010875789  1.050785E-17
8104.22791242687  1.073892E-17
8109.74571609585  1.150572E-17
8115.26351976483  1.111497E-17
8120.78132343381  1.375575E-17
8126.29912710279  1.251141E-17
8131.81693077177  1.151466E-17
8137.33473444075  9.850301E-18
8142.85253810973  1.115876E-17
8148.37034177871  1.127606E-17
8153.88814544769  7.526478E-18
8159.40594911667  1.091366E-17
8164.92375278565  1.044986E-17
8170.44155645463  1.021956E-17
8175.95936012361  1.118991E-17
8181.47716379259  9.618845E-18
8186.99496746157  1.216396E-17
8192.51277113055  1.098305E-17
8198.03057479953  1.177090E-17
8203.54837846851  1.019412E-17
8209.06618213749  1.104523E-17
8214.58398580647  1.263077E-17
8220.10178947545  1.069776E-17
8225.61959314443  9.321679E-18
8231.13739681341  1.255676E-17
8236.65520048239  1.396013E-17
8242.17300415137  3.612845E-18
8247.69080782035  7.607623E-18
8253.20861148933  9.985220E-18
8258.72641515831  1.233880E-17
8264.24421882729  1.235971E-17
8269.76202249627  9.607853E-18
8275.27982616525  7.819620E-18
8280.79762983423  6.162963E-18
8286.31543350321  3.841434E-18
8291.83323717219  1.674040E-17
8297.35104084117  1.912649E-17
8302.86884451015  8.064812E-18
8308.38664817913  6.694733E-18
8313.90445184811  1.548270E-17
8319.42225551709  1.537317E-17
8324.94005918607  9.401446E-18
8330.45786285505  6.897551E-18
8335.97566652403  2.442302E-18
8341.49347019301  8.681828E-18
8347.01127386199  8.270219E-18
8352.52907753097  6.191020E-18
8358.04688119995  1.350692E-17
8363.56468486893  1.214377E-17
8369.08248853791  1.540895E-17
8374.60029220689  1.236289E-17
8380.11809587587  7.544838E-18
8385.63589954485  3.742575E-18
8391.15370321383  1.210780E-18
8396.67150688281  9.403051E-18
8402.18931055179  1.035414E-17
8407.70711422077  8.351463E-18
8413.22491788975  5.170516E-18
8418.74272155873  9.916757E-18
8424.26052522771  6.276079E-18
8429.77832889669  1.024323E-17
8435.29613256567  1.250465E-17
8440.81393623465  1.448798E-17
8446.33173990363  1.390099E-17
8451.84954357261  1.257506E-17
8457.36734724159  7.221716E-19
8462.88515091057  3.161782E-18
8468.40295457955  5.236641E-18
8473.92075824853  8.375678E-18
8479.43856191751  1.537612E-17
8484.95636558649  1.148130E-17
8490.47416925547  5.931986E-18
8495.99197292445  6.215972E-18
8501.50977659343  3.819996E-18
8507.02758026241  2.646994E-18
8512.54538393139  4.886325E-18
8518.06318760037  9.639018E-18
8523.58099126935  8.166222E-18
8529.09879493833  1.098787E-17
8534.61659860731  5.193781E-18
8540.13440227629  4.684066E-18
8545.65220594527  1.002862E-17
8551.17000961425  8.628683E-18
8556.68781328323  1.973075E-17
8562.20561695221  1.347940E-17
8567.72342062119  1.042186E-17
8573.24122429017  6.087813E-18
8578.75902795915  2.402298E-18
8584.27683162813  6.421737E-18
8589.79463529711  8.340326E-18
8595.31243896609  9.398333E-18
8600.83024263507  5.447127E-18
8606.34804630405  1.006983E-17
8611.86584997303  5.359134E-18
8617.38365364201  9.774079E-19
8622.90145731099  7.908289E-18
8628.41926097997  1.733701E-17
8633.93706464895  1.638183E-17
8639.45486831793  6.549964E-18
8644.97267198691  8.172395E-18
8650.49047565589  9.362082E-18
8656.00827932487  5.498578E-18
8661.52608299385  3.464994E-18
8667.04388666283  6.830764E-18
8672.56169033181  8.482191E-18
8678.07949400079  4.211711E-18
8683.59729766977  1.026460E-17
8689.11510133875  -8.374145E-19
8694.63290500773  5.659364E-18
8700.15070867671  6.802322E-18
8705.66851234569  1.115209E-17
8711.18631601467  9.656381E-18
8716.70411968365  7.658861E-18
8722.22192335263  5.549033E-18
8727.73972702161  4.911415E-18
8733.25753069059  9.012560E-18
8738.77533435957  1.184727E-17
8744.29313802855  1.259545E-18
8749.81094169753  7.622982E-18
8755.32874536651  1.886101E-17
8760.84654903549  8.602437E-19
8766.36435270447  3.611693E-18
8771.88215637345  1.147753E-17
8777.39996004243  1.298251E-17
8782.91776371141  5.587851E-18
8788.43556738039  1.767955E-18
8793.95337104937  1.043189E-17
8799.47117471835  8.651978E-18
8804.98897838733  4.204001E-18
8810.50678205631  7.509143E-18
8816.02458572529  1.658788E-17
8821.54238939427  2.227301E-17
8827.06019306325  2.534726E-17
8832.57799673223  2.115742E-17
8838.09580040121  1.342055E-17
8843.61360407019  1.194753E-17
8849.13140773917  6.718304E-18
8854.64921140815  1.726134E-17
8860.16701507713  1.921642E-17
8865.68481874611  -1.224435E-18
8871.20262241509  3.691762E-18
8876.72042608407  -2.374137E-18
8882.23822975305  -2.931734E-18
8887.75603342203  8.013490E-18
8893.27383709101  3.040712E-18
8898.79164075999  1.670698E-17
8904.30944442897  7.369759E-18
8909.82724809795  8.956948E-18
8915.34505176693  -5.756804E-19
8920.86285543591  3.974291E-18
8926.38065910489  9.861253E-18
8931.89846277387  2.312674E-18
8937.41626644285  1.189256E-17
8942.93407011183  6.570298E-18
8948.45187378081  -5.347018E-18
8953.96967744979  -1.419823E-18
8959.48748111877  3.952887E-19
8965.00528478775  2.507490E-18
8970.52308845673  4.565898E-18
8976.04089212571  7.604081E-18
8981.55869579469  1.164254E-17
8987.07649946367  1.822985E-18
8992.59430313265  3.850928E-18
8998.11210680163  1.451280E-17
9003.62991047061  1.252507E-17
9009.14771413959  1.607254E-17
9014.66551780857  8.789840E-18
9020.18332147755  1.967530E-18
9025.70112514653  5.941896E-18
9031.21892881551  1.764209E-17
9036.73673248449  1.153753E-17
9042.25453615347  1.042629E-17
9047.77233982245  4.830921E-18
9053.29014349143  1.493661E-17
9058.80794716041  8.883830E-18
9064.32575082939  4.175051E-18
9069.84355449837  6.941259E-18
9075.36135816735  7.132997E-19
9080.87916183633  7.433903E-18
9086.39696550531  5.637176E-18
9091.91476917429  1.324696E-18
9097.43257284327  9.374607E-18
9102.95037651225  6.677356E-18
9108.46818018123  7.202173E-19
9113.98598385021  2.762504E-18
9119.50378751919  6.976063E-18
9125.02159118817  8.317395E-18
9130.53939485715  1.422491E-17
9136.05719852613  3.923969E-18
9141.57500219511  5.173820E-18
9147.09280586409  6.761216E-18
9152.61060953307  4.192855E-19
9158.12841320205  7.315932E-18
9163.64621687103  1.443601E-17
9169.16402054001  1.253373E-17
9174.68182420899  5.974120E-18
9180.19962787797  7.219540E-18
9185.71743154695  1.086282E-17
9191.23523521593  7.474299E-18
9196.75303888491  1.857890E-18
9202.27084255389  6.035308E-18
9207.78864622287  8.201814E-18
9213.30644989185  -1.916247E-18
9218.82425356083  -3.101844E-18
9224.34205722981  8.809664E-18
9229.85986089879  6.329618E-18
9235.37766456777  1.110608E-17
9240.89546823675  1.626676E-17
9246.41327190573  1.004793E-17
