3357.78808594  9.817101E-17
3361.87189674627  1.633459E-16
3365.95570755254  1.721481E-16
3370.03951835881  1.911646E-16
3374.12332916508  1.582740E-16
3378.20713997135  1.749865E-16
3382.29095077762  1.320164E-16
3386.37476158389  1.634404E-16
3390.45857239016  1.346645E-16
3394.54238319643  1.933608E-16
3398.6261940027  1.076973E-16
3402.71000480897  2.078465E-16
3406.79381561524  1.609837E-16
3410.87762642151  1.833894E-16
3414.96143722778  1.445781E-16
3419.04524803405  2.011685E-16
3423.12905884032  1.964613E-16
3427.21286964659  1.439459E-16
3431.29668045286  1.528389E-16
3435.38049125913  1.836674E-16
3439.4643020654  2.078063E-16
3443.54811287167  1.507912E-16
3447.63192367794  1.695468E-16
3451.71573448421  2.118652E-16
3455.79954529048  1.819847E-16
3459.88335609675  2.094251E-16
3463.96716690302  1.791828E-16
3468.05097770929  1.421567E-16
3472.13478851556  1.698531E-16
3476.21859932183  2.409579E-16
3480.3024101281  1.861131E-16
3484.38622093437  2.043924E-16
3488.47003174064  2.077315E-16
3492.55384254691  1.882941E-16
3496.63765335318  2.025281E-16
3500.72146415945  2.325733E-16
3504.80527496572  2.296850E-16
3508.88908577199  2.184575E-16
3512.97289657826  1.951007E-16
3517.05670738453  2.112832E-16
3521.1405181908  2.084463E-16
3525.22432899707  2.016153E-16
3529.30813980334  2.072486E-16
3533.39195060961  2.531659E-16
3537.47576141588  2.154948E-16
3541.55957222215  2.563576E-16
3545.64338302842  2.019568E-16
3549.72719383469  2.131352E-16
3553.81100464096  2.188255E-16
3557.89481544723  2.410805E-16
3561.9786262535  2.183934E-16
3566.06243705977  2.130325E-16
3570.14624786604  2.085775E-16
3574.23005867231  2.432124E-16
3578.31386947858  2.214809E-16
3582.39768028485  2.119274E-16
3586.48149109112  2.216687E-16
3590.56530189739  2.139645E-16
3594.64911270366  2.480302E-16
3598.73292350993  2.380035E-16
3602.8167343162  2.096382E-16
3606.90054512247  2.041494E-16
3610.98435592874  2.088661E-16
3615.06816673501  2.173043E-16
3619.15197754128  1.994732E-16
3623.23578834755  2.232206E-16
3627.31959915382  2.211231E-16
3631.40340996009  2.149297E-16
3635.48722076636  2.424821E-16
3639.57103157263  2.253707E-16
3643.6548423789  2.421392E-16
3647.73865318517  2.491845E-16
3651.82246399144  2.258552E-16
3655.90627479771  2.370871E-16
3659.99008560398  2.419438E-16
3664.07389641025  2.341614E-16
3668.15770721652  2.280379E-16
3672.24151802279  2.308921E-16
3676.32532882906  2.286727E-16
3680.40913963533  2.276449E-16
3684.4929504416  2.480877E-16
3688.57676124787  2.073656E-16
3692.66057205414  2.425640E-16
3696.74438286041  2.350020E-16
3700.82819366668  2.226099E-16
3704.91200447295  2.257392E-16
3708.99581527922  2.268172E-16
3713.07962608549  2.137087E-16
3717.16343689176  2.267923E-16
3721.24724769803  2.155768E-16
3725.3310585043  2.242677E-16
3729.41486931057  2.251232E-16
3733.49868011684  2.138819E-16
3737.58249092311  2.253908E-16
3741.66630172938  2.230532E-16
3745.75011253565  2.105986E-16
3749.83392334192  2.133238E-16
3753.91773414819  2.104010E-16
3758.00154495446  2.131468E-16
3762.08535576073  2.011418E-16
3766.169166567  2.183874E-16
3770.25297737327  2.266226E-16
3774.33678817954  2.010718E-16
3778.42059898581  1.938552E-16
3782.50440979208  2.097245E-16
3786.58822059835  1.883589E-16
3790.67203140462  2.256615E-16
3794.75584221089  2.233669E-16
3798.83965301716  2.119266E-16
3802.92346382343  2.106044E-16
3807.0072746297  2.090030E-16
3811.09108543597  1.979275E-16
3815.17489624224  2.022143E-16
3819.25870704851  1.956435E-16
3823.34251785478  2.073952E-16
3827.42632866105  1.942872E-16
3831.51013946732  1.840049E-16
3835.59395027359  1.833388E-16
3839.67776107986  1.974809E-16
3843.76157188613  1.898949E-16
3847.8453826924  1.869768E-16
3851.92919349867  1.801740E-16
3856.01300430494  1.925491E-16
3860.09681511121  1.900546E-16
3864.18062591748  1.767445E-16
3868.26443672375  1.875097E-16
3872.34824753002  1.962349E-16
3876.43205833629  2.072046E-16
3880.51586914256  2.025955E-16
3884.59967994883  1.944999E-16
3888.6834907551  1.961334E-16
3892.76730156137  1.912719E-16
3896.85111236764  2.073468E-16
3900.93492317391  1.959521E-16
3905.01873398018  1.830906E-16
3909.10254478645  1.947470E-16
3913.18635559272  1.842504E-16
3917.27016639899  1.884698E-16
3921.35397720526  1.910822E-16
3925.43778801153  1.863787E-16
3929.5215988178  1.860681E-16
3933.60540962407  1.807969E-16
3937.68922043034  1.917608E-16
3941.77303123661  2.006640E-16
3945.85684204288  1.981049E-16
3949.94065284915  1.960209E-16
3954.02446365542  1.828943E-16
3958.10827446169  1.754825E-16
3962.19208526796  1.894439E-16
3966.27589607423  1.711993E-16
3970.3597068805  1.737044E-16
3974.44351768677  1.714939E-16
3978.52732849304  1.772533E-16
3982.61113929931  1.637225E-16
3986.69495010558  1.790403E-16
3990.77876091185  1.726241E-16
3994.86257171812  1.659175E-16
3998.94638252439  1.631954E-16
4003.03019333066  1.667761E-16
4007.11400413693  1.582845E-16
4011.1978149432  1.744371E-16
4015.28162574947  1.754077E-16
4019.36543655574  1.867429E-16
4023.44924736201  1.623653E-16
4027.53305816828  1.765091E-16
4031.61686897455  1.859647E-16
4035.70067978082  1.710239E-16
4039.78449058709  1.681864E-16
4043.86830139336  1.654015E-16
4047.95211219963  1.551098E-16
4052.0359230059  1.662208E-16
4056.11973381217  1.463839E-16
4060.20354461844  1.492824E-16
4064.28735542471  1.528242E-16
4068.37116623098  1.437109E-16
4072.45497703725  1.588732E-16
4076.53878784352  1.507900E-16
4080.62259864979  1.488827E-16
4084.70640945606  1.518710E-16
4088.79022026233  1.486417E-16
4092.8740310686  1.621917E-16
4096.95784187487  1.740744E-16
4101.04165268114  1.536186E-16
4105.12546348741  1.607084E-16
4109.20927429368  1.552631E-16
4113.29308509995  1.561013E-16
4117.37689590622  1.685048E-16
4121.46070671249  1.490728E-16
4125.54451751876  1.548079E-16
4129.62832832503  1.572614E-16
4133.7121391313  1.452269E-16
4137.79594993757  1.613772E-16
4141.87976074384  1.582869E-16
4145.96357155011  1.730597E-16
4150.04738235638  1.617562E-16
4154.13119316265  1.581666E-16
4158.21500396892  1.590561E-16
4162.29881477519  1.554730E-16
4166.38262558146  1.494969E-16
4170.46643638773  1.416520E-16
4174.550247194  1.527073E-16
4178.63405800027  1.579018E-16
4182.71786880654  1.647089E-16
4186.80167961282  1.436175E-16
4190.88549041908  1.537306E-16
4194.96930122535  1.553039E-16
4199.05311203162  1.617582E-16
4203.13692283789  1.548448E-16
4207.22073364416  1.553390E-16
4211.30454445043  1.663825E-16
4215.3883552567  1.625997E-16
4219.47216606297  1.569840E-16
4223.55597686924  1.585849E-16
4227.63978767551  1.556414E-16
4231.72359848178  1.527170E-16
4235.80740928805  1.553716E-16
4239.89122009432  1.639789E-16
4243.97503090059  1.604266E-16
4248.05884170686  1.558912E-16
4252.14265251313  1.532877E-16
4256.2264633194  1.562603E-16
4260.31027412567  1.642737E-16
4264.39408493194  1.608368E-16
4268.47789573821  1.524575E-16
4272.56170654448  1.639021E-16
4276.64551735075  1.568962E-16
4280.72932815702  1.690179E-16
4284.81313896329  1.705686E-16
4288.89694976956  1.673309E-16
4292.98076057583  1.664242E-16
4297.0645713821  1.649129E-16
4301.14838218837  1.627519E-16
4305.23219299464  1.570771E-16
4309.31600380091  1.567575E-16
4313.39981460719  1.645463E-16
4317.48362541345  1.609347E-16
4321.56743621972  1.636028E-16
4325.65124702599  1.756075E-16
4329.73505783226  1.578396E-16
4333.81886863853  1.798623E-16
4337.9026794448  1.709819E-16
4341.98649025107  1.600672E-16
4346.07030105734  1.582779E-16
4350.15411186361  1.749043E-16
4354.23792266988  1.646739E-16
4358.32173347615  1.629384E-16
4362.40554428242  1.658250E-16
4366.48935508869  1.669669E-16
4370.57316589497  1.679363E-16
4374.65697670123  1.709165E-16
4378.7407875075  1.642067E-16
4382.82459831377  1.736979E-16
4386.90840912004  1.696290E-16
4390.99221992631  1.778826E-16
4395.07603073258  1.695201E-16
4399.15984153885  1.686323E-16
4403.24365234512  1.755676E-16
4407.32746315139  1.871788E-16
4411.41127395766  1.801531E-16
4415.49508476393  1.793527E-16
4419.5788955702  1.764961E-16
4423.66270637647  1.823774E-16
4427.74651718274  1.704806E-16
4431.83032798901  1.613595E-16
4435.91413879529  1.691430E-16
4439.99794960155  1.761536E-16
4444.08176040782  1.617652E-16
4448.16557121409  1.559946E-16
4452.24938202036  1.578789E-16
4456.33319282663  1.570136E-16
4460.4170036329  1.469903E-16
4464.50081443917  1.602575E-16
4468.58462524544  1.729266E-16
4472.66843605171  1.661402E-16
4476.75224685799  1.695371E-16
4480.83605766425  1.752942E-16
4484.91986847052  1.615269E-16
4489.00367927679  1.728499E-16
4493.08749008306  1.816068E-16
4497.17130088933  1.691569E-16
4501.2551116956  1.641730E-16
4505.33892250187  1.715804E-16
4509.42273330814  1.738219E-16
4513.50654411441  1.716049E-16
4517.59035492068  1.665745E-16
4521.67416572695  1.761728E-16
4525.75797653322  1.728985E-16
4529.84178733949  1.748955E-16
4533.92559814576  1.778516E-16
4538.00940895203  1.868577E-16
4542.0932197583  1.577185E-16
4546.17703056457  1.786722E-16
4550.26084137084  1.696388E-16
4554.34465217711  1.708950E-16
4558.42846298338  1.699279E-16
4562.51227378966  1.758882E-16
4566.59608459592  1.756348E-16
4570.67989540219  1.671353E-16
4574.76370620846  1.708395E-16
4578.84751701474  1.711200E-16
4582.93132782101  1.654979E-16
4587.01513862727  1.677192E-16
4591.09894943354  1.682328E-16
4595.18276023981  1.729155E-16
4599.26657104608  1.660156E-16
4603.35038185235  1.652991E-16
4607.43419265862  1.547537E-16
4611.51800346489  1.625436E-16
4615.60181427116  1.571794E-16
4619.68562507744  1.440733E-16
4623.7694358837  1.487612E-16
4627.85324668997  1.520505E-16
4631.93705749625  1.373241E-16
4636.02086830251  1.459362E-16
4640.10467910878  1.581211E-16
4644.18848991505  1.519693E-16
4648.27230072132  1.570013E-16
4652.35611152759  1.414480E-16
4656.43992233386  1.535453E-16
4660.52373314014  1.607075E-16
4664.6075439464  1.528253E-16
4668.69135475267  1.569425E-16
4672.77516555894  1.569317E-16
4676.85897636521  1.541127E-16
4680.94278717148  1.546630E-16
4685.02659797776  1.575872E-16
4689.11040878403  1.436055E-16
4693.19421959029  1.430354E-16
4697.27803039656  1.442155E-16
4701.36184120283  1.397189E-16
4705.4456520091  1.352941E-16
4709.52946281537  1.398710E-16
4713.61327362164  1.408867E-16
4717.69708442792  1.418916E-16
4721.78089523418  1.418563E-16
4725.86470604046  1.454112E-16
4729.94851684672  1.484975E-16
4734.03232765299  1.470167E-16
4738.11613845926  1.444115E-16
4742.19994926553  1.463894E-16
4746.2837600718  1.477048E-16
4750.36757087807  1.416000E-16
4754.45138168434  1.353625E-16
4758.53519249061  1.536913E-16
4762.61900329688  1.532653E-16
4766.70281410315  1.457851E-16
4770.78662490942  1.471059E-16
4774.87043571569  1.355678E-16
4778.95424652196  1.370592E-16
4783.03805732823  1.403364E-16
4787.1218681345  1.479365E-16
4791.20567894077  1.433345E-16
4795.28948974705  1.485872E-16
4799.37330055331  1.443705E-16
4803.45711135958  1.469370E-16
4807.54092216585  1.581232E-16
4811.62473297213  1.519824E-16
4815.70854377839  1.515992E-16
4819.79235458466  1.522680E-16
4823.87616539094  1.422148E-16
4827.95997619721  1.499256E-16
4832.04378700348  1.487534E-16
4836.12759780974  1.610615E-16
4840.21140861601  1.462639E-16
4844.29521942228  1.408101E-16
4848.37903022855  1.529109E-16
4852.46284103482  1.509148E-16
4856.5466518411  1.435073E-16
4860.63046264736  1.473827E-16
4864.71427345363  1.373271E-16
4868.79808425991  1.440309E-16
4872.88189506617  1.426583E-16
4876.96570587244  1.476777E-16
4881.04951667872  1.312927E-16
4885.13332748498  1.394784E-16
4889.21713829125  1.440457E-16
4893.30094909752  1.286899E-16
4897.38475990379  1.436994E-16
4901.46857071006  1.457131E-16
4905.55238151633  1.447549E-16
4909.63619232261  1.379952E-16
4913.72000312887  1.378195E-16
4917.80381393514  1.308281E-16
4921.88762474141  1.376172E-16
4925.97143554769  1.289532E-16
4930.05524635396  1.346200E-16
4934.13905716023  1.375106E-16
4938.2228679665  1.390927E-16
4942.30667877276  1.294846E-16
4946.39048957903  1.376385E-16
4950.4743003853  1.325142E-16
4954.55811119157  1.264525E-16
4958.64192199784  1.335976E-16
4962.72573280412  1.206760E-16
4966.80954361039  1.334464E-16
4970.89335441665  1.389523E-16
4974.97716522293  1.470982E-16
4979.06097602919  1.382663E-16
4983.14478683546  1.543452E-16
4987.22859764174  1.354758E-16
4991.31240844801  1.454258E-16
4995.39621925427  1.393370E-16
4999.48003006054  1.267741E-16
5003.56384086682  1.273850E-16
5007.64765167308  1.323667E-16
5011.73146247935  1.244269E-16
5015.81527328563  1.421755E-16
5019.8990840919  1.383151E-16
5023.98289489816  1.323186E-16
5028.06670570444  1.373362E-16
5032.1505165107  1.406712E-16
5036.23432731697  1.345273E-16
5040.31813812324  1.250266E-16
5044.40194892952  1.286900E-16
5048.48575973579  1.261929E-16
5052.56957054205  1.270710E-16
5056.65338134832  1.360330E-16
5060.7371921546  1.386109E-16
5064.82100296087  1.320010E-16
5068.90481376713  1.307247E-16
5072.98862457341  1.321277E-16
5077.07243537968  1.251961E-16
5081.15624618595  1.313317E-16
5085.24005699221  1.323270E-16
5089.32386779849  1.250103E-16
5093.40767860476  1.280699E-16
5097.49148941103  1.214517E-16
5101.5753002173  1.244934E-16
5105.65911102357  1.230194E-16
5109.74292182984  1.124995E-16
5113.8267326361  1.097920E-16
5117.91054344238  1.213357E-16
5121.99435424865  1.399427E-16
5126.07816505492  1.347660E-16
5130.16197586119  1.243217E-16
5134.24578666746  1.314283E-16
5138.32959747372  1.279778E-16
5142.41340827999  1.154584E-16
5146.49721908627  1.309907E-16
5150.58102989254  1.266269E-16
5154.66484069881  1.166349E-16
5158.74865150508  1.258565E-16
5162.83246231134  1.341281E-16
5166.91627311762  1.384641E-16
5171.00008392389  1.287571E-16
5175.08389473016  1.344474E-16
5179.16770553643  1.217725E-16
5183.2515163427  1.243478E-16
5187.33532714897  1.303095E-16
5191.41913795523  1.246279E-16
5195.50294876151  1.198282E-16
5199.58675956778  1.196431E-16
5203.67057037405  1.220949E-16
5207.75438118032  1.154918E-16
5211.83819198659  1.212449E-16
5215.92200279286  1.261137E-16
5220.00581359913  1.221642E-16
5224.0896244054  1.211514E-16
5228.17343521167  1.153717E-16
5232.25724601794  1.089526E-16
5236.34105682421  1.230375E-16
5240.42486763048  1.213762E-16
5244.50867843675  1.073611E-16
5248.59248924301  1.188904E-16
5252.67630004929  1.170278E-16
5256.76011085556  1.115669E-16
5260.84392166183  1.173154E-16
5264.9277324681  1.211766E-16
5269.01154327437  1.151630E-16
5273.09535408064  1.074411E-16
5277.17916488691  1.068422E-16
5281.26297569317  1.080437E-16
5285.34678649945  1.055809E-16
5289.43059730572  1.068312E-16
5293.51440811199  1.082233E-16
5297.59821891826  1.080828E-16
5301.68202972452  9.907096E-17
5305.76584053079  9.405252E-17
5309.84965133707  1.026802E-16
5313.93346214334  9.482852E-17
5318.01727294961  9.872201E-17
5322.10108375588  9.959863E-17
5326.18489456215  1.023661E-16
5330.26870536842  1.002712E-16
5334.35251617469  1.076604E-16
5338.43632698096  1.010040E-16
5342.52013778723  1.016776E-16
5346.6039485935  9.416107E-17
5350.68775939977  1.011082E-16
5354.77157020604  9.397153E-17
5358.85538101231  9.680148E-17
5362.93919181858  9.629794E-17
5367.02300262485  8.614522E-17
5371.10681343112  9.298275E-17
5375.19062423739  9.172270E-17
5379.27443504366  9.379832E-17
5383.35824584993  9.166970E-17
5387.44205665619  9.549652E-17
5391.52586746247  1.004255E-16
5395.60967826874  9.278688E-17
5399.69348907501  9.225218E-17
5403.77729988128  9.699875E-17
5407.86111068755  9.831823E-17
5411.94492149382  9.515361E-17
5416.02873230009  1.043072E-16
5420.11254310636  8.897806E-17
5424.19635391263  9.228900E-17
5428.2801647189  1.048540E-16
5432.36397552517  9.790649E-17
5436.44778633144  1.012791E-16
5440.53159713771  1.119217E-16
5444.61540794398  1.133637E-16
5448.69921875025  9.953914E-17
5452.78302955652  8.773451E-17
5456.86684036279  9.636492E-17
5460.95065116906  1.030839E-16
5465.03446197533  1.088598E-16
5469.1182727816  9.193174E-17
5473.20208358787  9.946848E-17
5477.28589439414  1.086541E-16
5481.36970520041  1.152154E-16
5485.45351600668  1.151189E-16
5489.53732681295  9.696310E-17
5493.62113761922  1.080397E-16
5497.70494842549  1.167434E-16
5501.78875923176  1.091476E-16
5505.87257003803  1.110161E-16
5509.9563808443  1.111917E-16
5514.04019165057  1.122728E-16
5518.12400245684  1.204133E-16
5522.20781326311  1.179707E-16
5526.29162406938  1.069063E-16
5530.37543487564  1.104553E-16
5534.45924568192  9.768094E-17
5538.54305648819  1.150949E-16
5542.62686729446  1.131032E-16
5546.71067810073  1.152026E-16
5550.794488907  1.031877E-16
5554.87829971327  1.125743E-16
5558.96211051954  1.052674E-16
5563.04592132581  1.094013E-16
5567.12973213208  1.119783E-16
5571.21354293835  1.072255E-16
5575.29735374462  1.139535E-16
5579.38116455089  1.321272E-16
5583.46497535716  1.205279E-16
5587.54878616343  1.046249E-16
5591.6325969697  1.229824E-16
5595.71640777597  1.151327E-16
5599.80021858224  1.136872E-16
5603.88402938851  1.141361E-16
5607.96784019478  1.181960E-16
5612.05165100105  1.248444E-16
5616.13546180732  1.140233E-16
5620.21927261359  1.164097E-16
5624.30308341986  1.361927E-16
5628.38689422613  1.267282E-16
5632.4707050324  1.309100E-16
5636.55451583866  1.067507E-16
5640.63832664494  1.138410E-16
5644.72213745121  1.258626E-16
5648.80594825748  1.132788E-16
5652.88975906375  1.201141E-16
5656.97356987002  1.196733E-16
5661.05738067629  1.020534E-16
5665.14119148256  1.124231E-16
5669.22500228883  1.273810E-16
5673.3088130951  1.213620E-16
5677.39262390137  1.181984E-16
5681.47643470764  1.232691E-16
5685.56024551391  1.150516E-16
5689.64405632018  1.132855E-16
5693.72786712645  1.124597E-16
5697.81167793272  1.138236E-16
5701.89548873899  1.044195E-16
5705.97929954526  1.126858E-16
5710.06311035153  1.126965E-16
5714.1469211578  1.016574E-16
5718.23073196407  1.098438E-16
5722.31454277034  1.036786E-16
5726.39835357661  9.862564E-17
5730.48216438288  1.068304E-16
5734.56597518915  1.071685E-16
5738.64978599542  1.124991E-16
5742.73359680169  1.053739E-16
5746.81740760796  9.231683E-17
5750.90121841423  9.362348E-17
5754.9850292205  9.246891E-17
5759.06884002677  1.031296E-16
5763.15265083304  1.046333E-16
5767.23646163931  1.162054E-16
5771.32027244558  1.109889E-16
5775.40408325185  1.091346E-16
5779.48789405812  1.105981E-16
5783.57170486439  1.144072E-16
5787.65551567066  9.759608E-17
5791.73932647693  1.022816E-16
5795.8231372832  1.015060E-16
5799.90694808947  1.062155E-16
5803.99075889574  9.500059E-17
5808.07456970201  9.580407E-17
5812.15838050828  9.500592E-17
5816.24219131455  8.804389E-17
5820.32600212082  9.312111E-17
5824.40981292709  9.370350E-17
5828.49362373336  9.200553E-17
5832.57743453963  9.051895E-17
5836.6612453459  1.041917E-16
5840.74505615217  1.018083E-16
5844.82886695844  9.879129E-17
5848.91267776471  1.041855E-16
5852.99648857098  1.093051E-16
5857.08029937725  9.883369E-17
5861.16411018352  1.045141E-16
5865.24792098979  8.829744E-17
5869.33173179606  9.903569E-17
5873.41554260233  8.678684E-17
5877.4993534086  9.594136E-17
5881.58316421487  1.005084E-16
5885.66697502114  8.344450E-17
5889.75078582741  9.032795E-17
5893.83459663368  9.120937E-17
5897.91840743995  9.726079E-17
5902.00221824622  9.503409E-17
5906.08602905249  8.604664E-17
5910.16983985876  8.425857E-17
5914.25365066503  8.982688E-17
5918.3374614713  8.784965E-17
5922.42127227757  9.194900E-17
5926.50508308384  1.013517E-16
5930.58889389011  9.475181E-17
5934.67270469638  8.408104E-17
5938.75651550265  7.833149E-17
5942.84032630892  9.059101E-17
5946.92413711519  1.019560E-16
5951.00794792146  9.320652E-17
5955.09175872773  8.993146E-17
5959.175569534  8.844373E-17
5963.25938034027  8.804970E-17
5967.34319114654  8.959576E-17
5971.42700195281  8.595233E-17
5975.51081275908  9.485658E-17
5979.59462356535  8.632875E-17
5983.67843437162  8.019188E-17
5987.76224517789  8.180748E-17
5991.84605598416  6.676200E-17
5995.92986679043  8.150825E-17
6000.0136775967  8.025446E-17
6004.09748840297  8.893171E-17
6008.18129920924  9.332995E-17
6012.26511001551  8.350167E-17
6016.34892082178  8.123219E-17
6020.43273162805  8.264031E-17
6024.51654243432  9.004855E-17
6028.60035324059  8.795952E-17
6032.68416404686  7.961246E-17
6036.76797485313  8.462863E-17
6040.8517856594  8.681169E-17
6044.93559646567  8.686152E-17
6049.01940727194  7.110234E-17
6053.10321807821  7.101051E-17
6057.18702888448  8.381003E-17
6061.27083969075  7.223642E-17
6065.35465049702  7.157755E-17
6069.43846130329  7.696421E-17
6073.52227210956  8.185110E-17
6077.60608291583  8.108908E-17
6081.6898937221  7.038911E-17
6085.77370452837  7.592662E-17
6089.85751533464  8.125524E-17
6093.94132614091  6.974375E-17
6098.02513694718  6.609335E-17
6102.10894775345  8.207166E-17
6106.19275855972  7.663598E-17
6110.27656936599  6.791322E-17
6114.36038017226  7.456890E-17
6118.44419097853  8.105714E-17
6122.5280017848  7.531660E-17
6126.61181259107  8.696522E-17
6130.69562339734  9.321891E-17
6134.77943420361  8.042898E-17
6138.86324500988  7.729741E-17
6142.94705581615  7.150469E-17
6147.03086662242  6.883275E-17
6151.11467742869  7.942476E-17
6155.19848823496  7.529408E-17
6159.28229904123  8.032871E-17
6163.3661098475  8.159513E-17
6167.44992065377  7.271466E-17
6171.53373146004  7.693858E-17
6175.61754226631  6.572645E-17
6179.70135307258  6.975874E-17
6183.78516387885  8.013775E-17
6187.86897468512  7.906367E-17
6191.95278549139  7.307619E-17
6196.03659629766  7.967561E-17
6200.12040710393  7.579586E-17
6204.2042179102  7.096131E-17
6208.28802871647  7.718436E-17
6212.37183952274  7.561472E-17
6216.45565032901  7.723787E-17
6220.53946113528  8.072450E-17
6224.62327194155  7.073841E-17
6228.70708274782  7.393377E-17
6232.79089355409  8.104217E-17
6236.87470436036  8.101120E-17
6240.95851516663  7.827952E-17
6245.0423259729  9.701718E-17
6249.12613677917  9.801776E-17
6253.20994758544  8.780158E-17
6257.29375839171  8.498009E-17
6261.37756919798  7.471005E-17
6265.46138000425  7.302333E-17
6269.54519081052  7.833051E-17
6273.62900161679  7.910493E-17
6277.71281242306  7.263816E-17
6281.79662322933  7.636189E-17
6285.8804340356  7.839435E-17
6289.96424484187  8.205079E-17
6294.04805564814  8.468402E-17
6298.13186645441  7.280238E-17
6302.21567726068  8.584996E-17
6306.29948806695  8.495418E-17
6310.38329887322  7.819540E-17
6314.46710967949  7.899062E-17
6318.55092048576  7.457652E-17
6322.63473129203  7.473429E-17
6326.7185420983  7.495888E-17
6330.80235290457  7.962499E-17
6334.88616371084  9.214615E-17
6338.96997451711  8.093875E-17
6343.05378532338  7.724989E-17
6347.13759612965  7.178650E-17
6351.22140693592  8.752055E-17
6355.30521774219  1.017542E-16
6359.38902854846  8.777857E-17
6363.47283935473  8.696595E-17
6367.556650161  8.077959E-17
6371.64046096727  7.511363E-17
6375.72427177354  8.334715E-17
6379.80808257981  8.527296E-17
6383.89189338608  8.764517E-17
6387.97570419235  7.832653E-17
6392.05951499862  8.626221E-17
6396.14332580489  8.702890E-17
6400.22713661116  8.224472E-17
6404.31094741743  8.143486E-17
6408.3947582237  7.914902E-17
6412.47856902997  8.387068E-17
6416.56237983624  8.198564E-17
6420.64619064251  8.851085E-17
6424.73000144878  8.983037E-17
6428.81381225505  8.377126E-17
6432.89762306132  8.402250E-17
6436.98143386759  8.065728E-17
6441.06524467386  8.130386E-17
6445.14905548013  8.315289E-17
6449.2328662864  6.897148E-17
6453.31667709267  8.691299E-17
6457.40048789894  8.681973E-17
6461.48429870521  8.715405E-17
6465.56810951148  7.818208E-17
6469.65192031775  9.394340E-17
6473.73573112402  8.110848E-17
6477.81954193029  7.832617E-17
6481.90335273656  8.117849E-17
6485.98716354283  7.419813E-17
6490.0709743491  8.531982E-17
6494.15478515537  9.808546E-17
6498.23859596164  8.677502E-17
6502.32240676791  8.328233E-17
6506.40621757418  7.101674E-17
6510.49002838045  8.157122E-17
6514.57383918672  8.143457E-17
6518.65764999299  7.071707E-17
6522.74146079926  7.532814E-17
6526.82527160553  8.266871E-17
6530.9090824118  8.177356E-17
6534.99289321807  8.223153E-17
6539.07670402434  8.116527E-17
6543.16051483061  7.371746E-17
6547.24432563688  7.796149E-17
6551.32813644315  7.252088E-17
6555.41194724942  7.475522E-17
6559.49575805569  7.121928E-17
6563.57956886196  8.869477E-17
6567.66337966823  7.805497E-17
6571.7471904745  7.308288E-17
6575.83100128077  7.976120E-17
6579.91481208704  7.758040E-17
6583.99862289331  6.884403E-17
6588.08243369958  7.024528E-17
6592.16624450585  8.225328E-17
6596.25005531212  8.987898E-17
6600.33386611839  7.684477E-17
6604.41767692466  8.961905E-17
6608.50148773092  7.128286E-17
6612.5852985372  8.880295E-17
6616.66910934347  8.183353E-17
6620.75292014974  7.675895E-17
6624.83673095601  7.666669E-17
6628.92054176228  7.763901E-17
6633.00435256855  6.363455E-17
6637.08816337482  6.547621E-17
6641.17197418109  7.096820E-17
6645.25578498736  7.693938E-17
6649.33959579363  6.923383E-17
6653.4234065999  6.899243E-17
6657.50721740617  8.328554E-17
6661.59102821244  8.395413E-17
6665.67483901871  8.483873E-17
6669.75864982498  6.820165E-17
6673.84246063125  7.740630E-17
6677.92627143752  7.350554E-17
6682.01008224379  6.250758E-17
6686.09389305006  7.073351E-17
6690.17770385633  8.289242E-17
6694.2615146626  7.074165E-17
6698.34532546887  5.721686E-17
6702.42913627514  7.414397E-17
6706.51294708141  8.383200E-17
6710.59675788768  7.689456E-17
6714.68056869395  7.344400E-17
6718.76437950022  8.016986E-17
6722.84819030649  7.247946E-17
6726.93200111276  7.160933E-17
6731.01581191903  7.826023E-17
6735.0996227253  7.388175E-17
6739.18343353157  7.367900E-17
6743.26724433784  6.522927E-17
6747.35105514411  7.139804E-17
6751.43486595038  7.927723E-17
6755.51867675665  6.916679E-17
6759.60248756292  7.021325E-17
6763.68629836919  7.874082E-17
6767.77010917546  6.135131E-17
6771.85391998173  6.749546E-17
6775.937730788  7.836794E-17
6780.02154159427  6.178557E-17
6784.10535240054  6.673319E-17
6788.18916320681  5.363192E-17
6792.27297401308  6.076170E-17
6796.35678481935  6.966390E-17
6800.44059562562  5.642741E-17
6804.52440643189  6.348178E-17
6808.60821723816  7.577834E-17
6812.69202804443  7.132625E-17
6816.7758388507  6.746929E-17
6820.85964965697  6.342088E-17
6824.94346046324  6.283781E-17
6829.02727126951  6.184088E-17
6833.11108207578  7.049427E-17
6837.19489288205  7.002487E-17
6841.27870368832  7.066589E-17
6845.36251449459  7.296041E-17
6849.44632530086  7.466623E-17
6853.53013610713  5.646483E-17
6857.6139469134  5.676649E-17
6861.69775771967  7.474503E-17
6865.78156852594  7.695351E-17
6869.86537933221  6.565635E-17
6873.94919013848  7.335938E-17
6878.03300094475  5.803847E-17
6882.11681175102  5.560132E-17
6886.20062255729  6.897142E-17
6890.28443336356  7.161056E-17
6894.36824416983  5.645021E-17
6898.4520549761  6.324439E-17
6902.53586578237  7.104185E-17
6906.61967658864  5.934000E-17
6910.70348739491  5.397266E-17
6914.78729820118  5.823609E-17
6918.87110900745  5.964685E-17
6922.95491981372  6.718366E-17
6927.03873061999  6.142244E-17
6931.12254142626  6.949650E-17
6935.20635223253  6.503103E-17
6939.2901630388  5.793323E-17
6943.37397384507  4.933631E-17
6947.45778465134  6.503463E-17
6951.54159545761  7.059871E-17
6955.62540626388  6.324398E-17
6959.70921707015  5.553492E-17
6963.79302787642  5.574323E-17
6967.87683868269  5.679736E-17
6971.96064948896  5.122373E-17
6976.04446029523  6.108338E-17
6980.1282711015  6.150566E-17
6984.21208190777  6.626753E-17
6988.29589271404  5.343651E-17
6992.37970352031  5.630495E-17
6996.46351432658  6.091326E-17
7000.54732513285  6.733351E-17
7004.63113593912  6.818988E-17
7008.71494674539  6.257006E-17
7012.79875755166  6.458697E-17
7016.88256835793  6.039273E-17
7020.9663791642  5.832051E-17
7025.05018997047  6.015435E-17
7029.13400077674  5.550757E-17
7033.21781158301  6.288034E-17
7037.30162238928  5.025024E-17
7041.38543319555  5.576172E-17
7045.46924400182  6.153837E-17
7049.55305480809  5.703921E-17
7053.63686561436  5.935450E-17
7057.72067642063  5.320394E-17
7061.8044872269  6.585341E-17
7065.88829803317  6.375107E-17
7069.97210883944  4.769346E-17
7074.05591964571  5.649605E-17
7078.13973045198  5.573016E-17
7082.22354125825  5.469598E-17
7086.30735206452  5.990897E-17
7090.39116287079  6.334766E-17
7094.47497367706  5.644450E-17
7098.55878448333  6.439103E-17
7102.6425952896  5.353329E-17
7106.72640609587  4.436393E-17
7110.81021690214  6.343833E-17
7114.89402770841  6.844476E-17
7118.97783851468  6.539985E-17
7123.06164932095  6.524200E-17
7127.14546012722  6.074311E-17
7131.22927093349  6.141482E-17
7135.31308173976  5.764217E-17
7139.39689254603  5.106205E-17
7143.4807033523  5.525127E-17
7147.56451415857  5.006870E-17
7151.64832496484  5.669053E-17
7155.73213577111  6.513867E-17
7159.81594657738  5.074418E-17
7163.89975738365  6.000200E-17
7167.98356818992  5.954904E-17
7172.06737899619  5.576811E-17
7176.15118980246  6.592856E-17
7180.23500060873  6.176707E-17
7184.318811415  5.720833E-17
7188.40262222127  5.930613E-17
7192.48643302754  5.842336E-17
7196.57024383381  4.714038E-17
7200.65405464008  5.263368E-17
7204.73786544635  5.917859E-17
7208.82167625262  6.138832E-17
7212.90548705889  5.418992E-17
7216.98929786516  5.952662E-17
7221.07310867143  6.465549E-17
7225.1569194777  4.821661E-17
7229.24073028397  5.418193E-17
7233.32454109024  6.980644E-17
7237.40835189651  5.191015E-17
7241.49216270278  3.991156E-17
7245.57597350905  5.825059E-17
7249.65978431532  5.178005E-17
7253.74359512159  4.084682E-17
7257.82740592786  4.783914E-17
7261.91121673413  5.485142E-17
7265.9950275404  4.581469E-17
7270.07883834667  6.703282E-17
7274.16264915294  6.134830E-17
7278.24645995921  5.986678E-17
7282.33027076548  4.863107E-17
7286.41408157175  4.632130E-17
7290.49789237802  6.477109E-17
7294.58170318429  5.338845E-17
7298.66551399056  4.861382E-17
7302.74932479683  5.050193E-17
7306.8331356031  5.573074E-17
7310.91694640937  6.872272E-17
7315.00075721564  5.200233E-17
7319.08456802191  5.657982E-17
7323.16837882818  4.272341E-17
7327.25218963445  3.797275E-17
7331.33600044072  4.354199E-17
7335.41981124699  4.371960E-17
7339.50362205326  3.834506E-17
7343.58743285953  3.942586E-17
7347.6712436658  4.720959E-17
7351.75505447207  4.587010E-17
7355.83886527834  4.022136E-17
7359.92267608461  5.930450E-17
7364.00648689088  4.373036E-17
7368.09029769715  5.161795E-17
7372.17410850342  5.119483E-17
7376.25791930969  5.837407E-17
7380.34173011596  5.299703E-17
7384.42554092223  5.722941E-17
7388.5093517285  5.357578E-17
7392.59316253477  4.931933E-17
7396.67697334104  4.635766E-17
7400.76078414731  4.472873E-17
7404.84459495358  5.585265E-17
7408.92840575985  5.736056E-17
7413.01221656612  4.331782E-17
7417.09602737239  3.938013E-17
7421.17983817866  5.266232E-17
7425.26364898493  3.224208E-17
7429.3474597912  3.938239E-17
7433.43127059747  3.878322E-17
7437.51508140374  4.205370E-17
7441.59889221001  4.590229E-17
7445.68270301628  5.027398E-17
7449.76651382255  4.546819E-17
7453.85032462882  4.711077E-17
7457.93413543509  5.582895E-17
7462.01794624136  6.219305E-17
7466.10175704763  5.415022E-17
7470.1855678539  5.136271E-17
7474.26937866017  6.313833E-17
7478.35318946644  2.993637E-17
7482.43700027271  2.891182E-17
