3523.6052246094  1.861895E-16
3527.81902217584  9.060507E-17
3532.03281974228  8.778712E-17
3536.24661730872  2.528560E-16
3540.46041487515  2.244156E-16
3544.67421244159  4.349023E-16
3548.88801000803  1.090936E-15
3553.10180757447  1.008061E-15
3557.31560514091  1.817493E-16
3561.52940270734  1.756707E-18
3565.74320027378  3.185296E-17
3569.95699784022  4.236942E-17
3574.17079540666  1.260669E-16
3578.3845929731  1.874210E-16
3582.59839053953  1.615034E-16
3586.81218810597  1.474319E-16
3591.02598567241  1.380036E-16
3595.23978323885  1.078931E-16
3599.45358080528  1.438947E-16
3603.66737837172  1.860786E-16
3607.88117593816  7.584604E-17
3612.0949735046  -5.784248E-17
3616.30877107104  6.836719E-18
3620.52256863747  1.471679E-16
3624.73636620391  1.667614E-16
3628.95016377035  9.595133E-17
3633.16396133679  4.956617E-17
3637.37775890322  3.949535E-17
3641.59155646966  6.272387E-17
3645.8053540361  1.447724E-16
3650.01915160254  1.450853E-16
3654.23294916898  9.010652E-17
3658.44674673541  1.215839E-16
3662.66054430185  1.812364E-16
3666.87434186829  1.989905E-16
3671.08813943473  1.331271E-16
3675.30193700116  9.928006E-17
3679.5157345676  8.209287E-17
3683.72953213404  6.008642E-17
3687.94332970048  1.254371E-16
3692.15712726692  1.223170E-16
3696.37092483335  1.099145E-16
3700.58472239979  9.715920E-17
3704.79851996623  1.024586E-16
3709.01231753267  1.103798E-16
3713.22611509911  6.501346E-17
3717.43991266554  6.235886E-17
3721.65371023198  7.391893E-17
3725.86750779842  9.453156E-17
3730.08130536486  1.018455E-16
3734.29510293129  9.537273E-17
3738.50890049773  7.950890E-17
3742.72269806417  7.715535E-17
3746.93649563061  6.247301E-17
3751.15029319705  7.123934E-17
3755.36409076348  9.788631E-17
3759.57788832992  9.794767E-17
3763.79168589636  1.236935E-16
3768.0054834628  9.928293E-17
3772.21928102923  8.517925E-17
3776.43307859567  9.541526E-17
3780.64687616211  9.877041E-17
3784.86067372855  8.366667E-17
3789.07447129499  7.418626E-17
3793.28826886142  7.605884E-17
3797.50206642786  1.270659E-16
3801.7158639943  1.251876E-16
3805.92966156074  7.701111E-17
3810.14345912717  8.913528E-17
3814.35725669361  1.005014E-16
3818.57105426005  8.490291E-17
3822.78485182649  1.073092E-16
3826.99864939293  1.070997E-16
3831.21244695936  1.019117E-16
3835.4262445258  1.124672E-16
3839.64004209224  1.128885E-16
3843.85383965868  7.458345E-17
3848.06763722512  8.056947E-17
3852.28143479155  1.030529E-16
3856.49523235799  1.096025E-16
3860.70902992443  1.198728E-16
3864.92282749087  1.132313E-16
3869.1366250573  9.424090E-17
3873.35042262374  9.803045E-17
3877.56422019018  1.071765E-16
3881.77801775662  1.187319E-16
3885.99181532305  1.188109E-16
3890.20561288949  1.044547E-16
3894.41941045593  9.827366E-17
3898.63320802237  1.054803E-16
3902.84700558881  1.121475E-16
3907.06080315524  1.032510E-16
3911.27460072168  1.018027E-16
3915.48839828812  9.899277E-17
3919.70219585456  1.032407E-16
3923.915993421  1.123845E-16
3928.12979098743  1.340564E-16
3932.34358855387  1.295091E-16
3936.55738612031  1.106308E-16
3940.77118368675  1.192023E-16
3944.98498125318  1.245002E-16
3949.19877881962  1.302394E-16
3953.41257638606  1.419124E-16
3957.6263739525  1.407837E-16
3961.84017151894  1.542102E-16
3966.05396908537  1.590128E-16
3970.26776665181  1.620433E-16
3974.48156421825  1.558184E-16
3978.69536178469  1.461149E-16
3982.90915935112  1.545656E-16
3987.12295691756  1.695684E-16
3991.336754484  1.810545E-16
3995.55055205044  1.892545E-16
3999.76434961688  1.823526E-16
4003.97814718331  1.748308E-16
4008.19194474975  1.664535E-16
4012.40574231619  1.799125E-16
4016.61953988263  1.907624E-16
4020.83333744906  1.837272E-16
4025.0471350155  1.888360E-16
4029.26093258194  1.934108E-16
4033.47473014838  1.856819E-16
4037.68852771482  1.654149E-16
4041.90232528126  1.755434E-16
4046.11612284769  1.964989E-16
4050.32992041413  1.973352E-16
4054.54371798057  1.879068E-16
4058.75751554701  2.288236E-16
4062.97131311344  2.415020E-16
4067.18511067988  2.278421E-16
4071.39890824632  2.180825E-16
4075.61270581276  2.183511E-16
4079.82650337919  2.179003E-16
4084.04030094563  1.889548E-16
4088.25409851207  1.584171E-16
4092.46789607851  1.630236E-16
4096.68169364494  1.605856E-16
4100.89549121138  1.567242E-16
4105.10928877782  1.614880E-16
4109.32308634426  1.682059E-16
4113.5368839107  1.882688E-16
4117.75068147713  1.817175E-16
4121.96447904357  1.707848E-16
4126.17827661001  1.651243E-16
4130.39207417645  1.660711E-16
4134.60587174289  1.709390E-16
4138.81966930932  1.578489E-16
4143.03346687576  1.486526E-16
4147.2472644422  1.516093E-16
4151.46106200864  1.522386E-16
4155.67485957507  1.501078E-16
4159.88865714151  1.558051E-16
4164.10245470795  1.530265E-16
4168.31625227439  1.506386E-16
4172.53004984083  1.414400E-16
4176.74384740726  1.336956E-16
4180.9576449737  1.368621E-16
4185.17144254014  1.336505E-16
4189.38524010658  1.213649E-16
4193.59903767302  1.285277E-16
4197.81283523945  1.341133E-16
4202.02663280589  1.350891E-16
4206.24043037233  1.442302E-16
4210.45422793877  1.468234E-16
4214.6680255052  1.480320E-16
4218.88182307164  1.535006E-16
4223.09562063808  1.556136E-16
4227.30941820452  1.458490E-16
4231.52321577095  1.401119E-16
4235.73701333739  1.246900E-16
4239.95081090383  1.305728E-16
4244.16460847027  1.427064E-16
4248.37840603671  1.310141E-16
4252.59220360315  1.188498E-16
4256.80600116958  1.178487E-16
4261.01979873602  1.210022E-16
4265.23359630246  1.173997E-16
4269.4473938689  1.159187E-16
4273.66119143533  1.227742E-16
4277.87498900177  1.204541E-16
4282.08878656821  1.178968E-16
4286.30258413465  1.228494E-16
4290.51638170108  1.227531E-16
4294.73017926752  1.253372E-16
4298.94397683396  1.266523E-16
4303.1577744004  1.377015E-16
4307.37157196683  1.450735E-16
4311.58536953327  1.421621E-16
4315.79916709971  1.206362E-16
4320.01296466615  1.185746E-16
4324.22676223259  1.252052E-16
4328.44055979902  1.244661E-16
4332.65435736546  1.309083E-16
4336.8681549319  1.450690E-16
4341.08195249834  1.527548E-16
4345.29575006478  1.557450E-16
4349.50954763121  1.538547E-16
4353.72334519765  1.422738E-16
4357.93714276409  1.426439E-16
4362.15094033053  1.552896E-16
4366.36473789696  1.673756E-16
4370.5785354634  1.635117E-16
4374.79233302984  1.625750E-16
4379.00613059628  1.513664E-16
4383.21992816272  1.433298E-16
4387.43372572915  1.725832E-16
4391.64752329559  1.804278E-16
4395.86132086203  1.816008E-16
4400.07511842847  1.772883E-16
4404.28891599491  1.768933E-16
4408.50271356134  1.778795E-16
4412.71651112778  1.847073E-16
4416.93030869422  1.842280E-16
4421.14410626066  1.891207E-16
4425.3579038271  2.037513E-16
4429.57170139353  1.972635E-16
4433.78549895997  1.944309E-16
4437.99929652641  1.972826E-16
4442.21309409284  1.898616E-16
4446.42689165928  1.794622E-16
4450.64068922572  1.852122E-16
4454.85448679216  1.942920E-16
4459.0682843586  1.849863E-16
4463.28208192503  1.791183E-16
4467.49587949147  1.713235E-16
4471.70967705791  1.709694E-16
4475.92347462435  1.814685E-16
4480.13727219079  1.855460E-16
4484.35106975722  1.787000E-16
4488.56486732366  1.576883E-16
4492.7786648901  1.594103E-16
4496.99246245654  1.647857E-16
4501.20626002297  1.736498E-16
4505.42005758941  1.735377E-16
4509.63385515585  1.665095E-16
4513.84765272229  1.679578E-16
4518.06145028873  1.616315E-16
4522.27524785516  1.613955E-16
4526.4890454216  1.537548E-16
4530.70284298804  1.477701E-16
4534.91664055448  1.533962E-16
4539.13043812091  1.674427E-16
4543.34423568735  1.713460E-16
4547.55803325379  1.612631E-16
4551.77183082023  1.586340E-16
4555.98562838667  1.634795E-16
4560.1994259531  1.599848E-16
4564.41322351954  1.513283E-16
4568.62702108598  1.475818E-16
4572.84081865242  1.565505E-16
4577.05461621886  1.617691E-16
4581.26841378529  1.606737E-16
4585.48221135173  1.555619E-16
4589.69600891817  1.571737E-16
4593.90980648461  1.561270E-16
4598.12360405104  1.551115E-16
4602.33740161748  1.497614E-16
4606.55119918392  1.510257E-16
4610.76499675036  1.617034E-16
4614.9787943168  1.637818E-16
4619.19259188323  1.613543E-16
4623.40638944967  1.609756E-16
4627.62018701611  1.657827E-16
4631.83398458255  1.628556E-16
4636.04778214898  1.633740E-16
4640.26157971542  1.606575E-16
4644.47537728186  1.572781E-16
4648.6891748483  1.571016E-16
4652.90297241473  1.586506E-16
4657.11676998117  1.665753E-16
4661.33056754761  1.687372E-16
4665.54436511405  1.634708E-16
4669.75816268049  1.619773E-16
4673.97196024693  1.650554E-16
4678.18575781336  1.749932E-16
4682.3995553798  1.768472E-16
4686.61335294624  1.730941E-16
4690.82715051268  1.777287E-16
4695.04094807911  1.793201E-16
4699.25474564555  1.835293E-16
4703.46854321199  1.796415E-16
4707.68234077843  1.723398E-16
4711.89613834487  1.750581E-16
4716.1099359113  1.672088E-16
4720.32373347774  1.637245E-16
4724.53753104418  1.615647E-16
4728.75132861062  1.639686E-16
4732.96512617705  1.641613E-16
4737.17892374349  1.648979E-16
4741.39272130993  1.675983E-16
4745.60651887637  1.565479E-16
4749.8203164428  1.568703E-16
4754.03411400924  1.630361E-16
4758.24791157568  1.668256E-16
4762.46170914212  1.629624E-16
4766.67550670856  1.595725E-16
4770.88930427499  1.599396E-16
4775.10310184143  1.549750E-16
4779.31689940787  1.521230E-16
4783.53069697431  1.580290E-16
4787.74449454074  1.611807E-16
4791.95829210718  1.601870E-16
4796.17208967362  1.588028E-16
4800.38588724006  1.539431E-16
4804.5996848065  1.529978E-16
4808.81348237293  1.598976E-16
4813.02727993937  1.647474E-16
4817.24107750581  1.644623E-16
4821.45487507225  1.566080E-16
4825.66867263869  1.518682E-16
4829.88247020512  1.590972E-16
4834.09626777156  1.592175E-16
4838.310065338  1.552607E-16
4842.52386290444  1.501014E-16
4846.73766047087  1.440591E-16
4850.95145803731  1.395462E-16
4855.16525560375  1.371324E-16
4859.37905317019  1.370215E-16
4863.59285073663  1.328471E-16
4867.80664830306  1.336587E-16
4872.0204458695  1.252860E-16
4876.23424343594  1.181818E-16
4880.44804100238  1.218360E-16
4884.66183856882  1.226532E-16
4888.87563613525  1.185363E-16
4893.08943370169  1.274621E-16
4897.30323126813  1.338121E-16
4901.51702883457  1.267728E-16
4905.730826401  1.250463E-16
4909.94462396744  1.272852E-16
4914.15842153388  1.305975E-16
4918.37221910032  1.365695E-16
4922.58601666676  1.288148E-16
4926.79981423319  1.249523E-16
4931.01361179963  1.317302E-16
4935.22740936607  1.339745E-16
4939.44120693251  1.278722E-16
4943.65500449894  1.215839E-16
4947.86880206538  1.311268E-16
4952.08259963182  1.412524E-16
4956.29639719826  1.356771E-16
4960.5101947647  1.308406E-16
4964.72399233113  1.318816E-16
4968.93778989757  1.404547E-16
4973.15158746401  1.434743E-16
4977.36538503045  1.489689E-16
4981.57918259688  1.501355E-16
4985.79298016332  1.520352E-16
4990.00677772976  1.554475E-16
4994.2205752962  1.526247E-16
4998.43437286264  1.658995E-16
5002.64817042907  1.691311E-16
5006.86196799551  1.657054E-16
5011.07576556195  1.684526E-16
5015.28956312839  1.751216E-16
5019.50336069483  1.775572E-16
5023.71715826126  1.723742E-16
5027.9309558277  1.691944E-16
5032.14475339414  1.723047E-16
5036.35855096058  1.812470E-16
5040.57234852701  1.870250E-16
5044.78614609345  1.889537E-16
5048.99994365989  1.915382E-16
5053.21374122633  1.957859E-16
5057.42753879276  1.970659E-16
5061.6413363592  1.922261E-16
5065.85513392564  1.961511E-16
5070.06893149208  2.062838E-16
5074.28272905852  2.076537E-16
5078.49652662495  2.016134E-16
5082.71032419139  2.018767E-16
5086.92412175783  2.097821E-16
5091.13791932427  2.138905E-16
5095.35171689071  2.142242E-16
5099.56551445714  2.110187E-16
5103.77931202358  2.019244E-16
5107.99310959002  2.036034E-16
5112.20690715646  2.037850E-16
5116.42070472289  2.021928E-16
5120.63450228933  2.035815E-16
5124.84829985577  1.992621E-16
5129.06209742221  1.967036E-16
5133.27589498865  2.066449E-16
5137.48969255508  2.069286E-16
5141.70349012152  2.022883E-16
5145.91728768796  2.016409E-16
5150.1310852544  2.045366E-16
5154.34488282084  2.041789E-16
5158.55868038727  2.028601E-16
5162.77247795371  2.009342E-16
5166.98627552015  2.055325E-16
5171.20007308659  2.049394E-16
5175.41387065302  2.020933E-16
5179.62766821946  2.012286E-16
5183.8414657859  1.969410E-16
5188.05526335234  1.905900E-16
5192.26906091878  1.899231E-16
5196.48285848521  1.951289E-16
5200.69665605165  1.946503E-16
5204.91045361809  1.871081E-16
5209.12425118453  1.814929E-16
5213.33804875096  1.814852E-16
5217.5518463174  1.771853E-16
5221.76564388384  1.805615E-16
5225.97944145028  1.831331E-16
5230.19323901672  1.821803E-16
5234.40703658315  1.781747E-16
5238.62083414959  1.802793E-16
5242.83463171603  1.822731E-16
5247.04842928247  1.766777E-16
5251.2622268489  1.756143E-16
5255.47602441534  1.819089E-16
5259.68982198178  1.820899E-16
5263.90361954822  1.814251E-16
5268.11741711466  1.866638E-16
5272.33121468109  1.858635E-16
5276.54501224753  1.828123E-16
5280.75880981397  1.795623E-16
5284.97260738041  1.749066E-16
5289.18640494684  1.713024E-16
5293.40020251328  1.648816E-16
5297.61400007972  1.623913E-16
5301.82779764616  1.616791E-16
5306.0415952126  1.548760E-16
5310.25539277903  1.488703E-16
5314.46919034547  1.515049E-16
5318.68298791191  1.508662E-16
5322.89678547835  1.398719E-16
5327.11058304478  1.314376E-16
5331.32438061122  1.316463E-16
5335.53817817766  1.290343E-16
5339.7519757441  1.270499E-16
5343.96577331054  1.329783E-16
5348.17957087697  1.314824E-16
5352.39336844341  1.233359E-16
5356.60716600985  1.254141E-16
5360.82096357629  1.371275E-16
5365.03476114273  1.435285E-16
5369.24855870916  1.443068E-16
5373.4623562756  1.419203E-16
5377.67615384204  1.362556E-16
5381.88995140848  1.314428E-16
5386.10374897491  1.258734E-16
5390.31754654135  1.225859E-16
5394.53134410779  1.236709E-16
5398.74514167423  1.179366E-16
5402.95893924067  1.135934E-16
5407.1727368071  1.158904E-16
5411.38653437354  1.163628E-16
5415.60033193998  1.156020E-16
5419.81412950642  1.171030E-16
5424.02792707285  1.160535E-16
5428.24172463929  1.103795E-16
5432.45552220573  1.052233E-16
5436.66931977217  1.053862E-16
5440.88311733861  1.075457E-16
5445.09691490504  1.089602E-16
5449.31071247148  1.165395E-16
5453.52451003792  1.157189E-16
5457.73830760436  1.079268E-16
5461.9521051708  1.150864E-16
5466.16590273723  1.237252E-16
5470.37970030367  1.288802E-16
5474.59349787011  1.365611E-16
5478.80729543655  1.293286E-16
5483.02109300298  1.249893E-16
5487.23489056942  1.214788E-16
5491.44868813586  1.190034E-16
5495.6624857023  1.214623E-16
5499.87628326873  1.220572E-16
5504.09008083517  1.209364E-16
5508.30387840161  1.215300E-16
5512.51767596805  1.223421E-16
5516.73147353449  1.230790E-16
5520.94527110092  1.220153E-16
5525.15906866736  1.214090E-16
5529.3728662338  1.238871E-16
5533.58666380024  1.219035E-16
5537.80046136667  1.221386E-16
5542.01425893311  1.296058E-16
5546.22805649955  1.295936E-16
5550.44185406599  1.223026E-16
5554.65565163243  1.207731E-16
5558.86944919886  1.231449E-16
5563.0832467653  1.260253E-16
5567.29704433174  1.276803E-16
5571.51084189818  1.214067E-16
5575.72463946462  1.142296E-16
5579.93843703105  1.123582E-16
5584.15223459749  1.118608E-16
5588.36603216393  1.124015E-16
5592.57982973037  1.117922E-16
5596.7936272968  1.065193E-16
5601.00742486324  1.043243E-16
5605.22122242968  1.045504E-16
5609.43501999612  1.075493E-16
5613.64881756256  1.123515E-16
5617.86261512899  1.168180E-16
5622.07641269543  1.184307E-16
5626.29021026187  1.172117E-16
5630.50400782831  1.228371E-16
5634.71780539475  1.291002E-16
5638.93160296118  1.326779E-16
5643.14540052762  1.347557E-16
5647.35919809406  1.329001E-16
5651.5729956605  1.320356E-16
5655.78679322693  1.347294E-16
5660.00059079337  1.357644E-16
5664.21438835981  1.333188E-16
5668.42818592625  1.329023E-16
5672.64198349269  1.333534E-16
5676.85578105912  1.304881E-16
5681.06957862556  1.300513E-16
5685.283376192  1.292394E-16
5689.49717375844  1.254123E-16
5693.71097132488  1.263130E-16
5697.92476889131  1.328273E-16
5702.13856645775  1.323525E-16
5706.35236402419  1.281171E-16
5710.56616159063  1.305823E-16
5714.77995915706  1.303228E-16
5718.9937567235  1.311123E-16
5723.20755428994  1.343738E-16
5727.42135185638  1.371965E-16
5731.63514942281  1.361619E-16
5735.84894698925  1.350990E-16
5740.06274455569  1.317890E-16
5744.27654212213  1.317613E-16
5748.49033968857  1.382910E-16
5752.704137255  1.411953E-16
5756.91793482144  1.404259E-16
5761.13173238788  1.350384E-16
5765.34552995432  1.333307E-16
5769.55932752075  1.380835E-16
5773.77312508719  1.427152E-16
5777.98692265363  1.454865E-16
5782.20072022007  1.482584E-16
5786.41451778651  1.522977E-16
5790.62831535294  1.522120E-16
5794.84211291938  1.525514E-16
5799.05591048582  1.505547E-16
5803.26970805226  1.504140E-16
5807.4835056187  1.491626E-16
5811.69730318513  1.489134E-16
5815.91110075157  1.486226E-16
5820.12489831801  1.475129E-16
5824.33869588445  1.520893E-16
5828.55249345088  1.551035E-16
5832.76629101732  1.626642E-16
5836.98008858376  1.582047E-16
5841.1938861502  1.542430E-16
5845.40768371664  1.566078E-16
5849.62148128307  1.554551E-16
5853.83527884951  1.551967E-16
5858.04907641595  1.569237E-16
5862.26287398239  1.537988E-16
5866.47667154882  1.552562E-16
5870.69046911526  1.531583E-16
5874.9042666817  1.543554E-16
5879.11806424814  1.635308E-16
5883.33186181458  1.590685E-16
5887.54565938101  1.518882E-16
5891.75945694745  1.507953E-16
5895.97325451389  1.532879E-16
5900.18705208033  1.557867E-16
5904.40084964677  1.530855E-16
5908.6146472132  1.503620E-16
5912.82844477964  1.537645E-16
5917.04224234608  1.557204E-16
5921.25603991252  1.503873E-16
5925.46983747895  1.485319E-16
5929.68363504539  1.499081E-16
5933.89743261183  1.528068E-16
5938.11123017827  1.536180E-16
5942.3250277447  1.533370E-16
5946.53882531114  1.492505E-16
5950.75262287758  1.460834E-16
5954.96642044402  1.463555E-16
5959.18021801046  1.481492E-16
5963.39401557689  1.468559E-16
5967.60781314333  1.396683E-16
5971.82161070977  1.394453E-16
5976.03540827621  1.441673E-16
5980.24920584265  1.444028E-16
5984.46300340908  1.461123E-16
5988.67680097552  1.421668E-16
5992.89059854196  1.384927E-16
5997.1043961084  1.392109E-16
6001.31819367483  1.354296E-16
6005.53199124127  1.355672E-16
6009.74578880771  1.383562E-16
6013.95958637415  1.394600E-16
6018.17338394058  1.454087E-16
6022.38718150702  1.392222E-16
6026.60097907346  1.346622E-16
6030.8147766399  1.357807E-16
6035.02857420633  1.310506E-16
6039.24237177277  1.253925E-16
6043.45616933921  1.258516E-16
6047.66996690565  1.329254E-16
6051.88376447209  1.324584E-16
6056.09756203853  1.243222E-16
6060.31135960496  1.246308E-16
6064.5251571714  1.273577E-16
6068.73895473784  1.300011E-16
6072.95275230428  1.328805E-16
6077.16654987071  1.264654E-16
6081.38034743715  1.258822E-16
6085.59414500359  1.292793E-16
6089.80794257003  1.308667E-16
6094.02174013647  1.357526E-16
6098.2355377029  1.383554E-16
6102.44933526934  1.310897E-16
6106.66313283578  1.244870E-16
6110.87693040222  1.246131E-16
6115.09072796866  1.268009E-16
6119.30452553509  1.266063E-16
6123.51832310153  1.296464E-16
6127.73212066797  1.293621E-16
6131.94591823441  1.249066E-16
6136.15971580084  1.244145E-16
6140.37351336728  1.284013E-16
6144.58731093372  1.263780E-16
6148.80110850016  1.223517E-16
6153.01490606659  1.265335E-16
6157.22870363303  1.270838E-16
6161.44250119947  1.215485E-16
6165.65629876591  1.160165E-16
6169.87009633235  1.152429E-16
6174.08389389878  1.183348E-16
6178.29769146522  1.203860E-16
6182.51148903166  1.162692E-16
6186.7252865981  1.135020E-16
6190.93908416454  1.135125E-16
6195.15288173097  1.113406E-16
6199.36667929741  1.143348E-16
6203.58047686385  1.153824E-16
6207.79427443029  1.106807E-16
6212.00807199672  1.044165E-16
6216.22186956316  1.024221E-16
6220.4356671296  1.047702E-16
6224.64946469604  1.061607E-16
6228.86326226248  1.056587E-16
6233.07705982891  1.030538E-16
6237.29085739535  1.000172E-16
6241.50465496179  9.808799E-17
6245.71845252823  9.850877E-17
6249.93225009466  1.021842E-16
6254.1460476611  9.849817E-17
6258.35984522754  9.528052E-17
6262.57364279398  9.733241E-17
6266.78744036042  9.340349E-17
6271.00123792685  8.980343E-17
6275.21503549329  9.085070E-17
6279.42883305973  9.052113E-17
6283.64263062617  8.761144E-17
6287.8564281926  8.631364E-17
6292.07022575904  8.960251E-17
6296.28402332548  9.115411E-17
6300.49782089192  8.911968E-17
6304.71161845836  8.894217E-17
6308.92541602479  9.005750E-17
6313.13921359123  9.166839E-17
6317.35301115767  9.201515E-17
6321.56680872411  9.136318E-17
6325.78060629054  9.368821E-17
6329.99440385698  9.271038E-17
6334.20820142342  9.143723E-17
6338.42199898986  9.391307E-17
6342.6357965563  9.516839E-17
6346.84959412274  9.400812E-17
6351.06339168917  9.199215E-17
6355.27718925561  9.031683E-17
6359.49098682205  8.961482E-17
6363.70478438849  9.234808E-17
6367.91858195492  9.419810E-17
6372.13237952136  9.004760E-17
6376.3461770878  8.636269E-17
6380.55997465424  8.693356E-17
6384.77377222067  9.045851E-17
6388.98756978711  9.411069E-17
6393.20136735355  9.247940E-17
6397.41516491999  9.022867E-17
6401.62896248642  9.020992E-17
6405.84276005286  9.197986E-17
6410.0565576193  8.999616E-17
6414.27035518574  8.863298E-17
6418.48415275218  8.886959E-17
6422.69795031861  8.954292E-17
6426.91174788505  9.006319E-17
6431.12554545149  9.368472E-17
6435.33934301793  9.387745E-17
6439.55314058437  9.068098E-17
6443.7669381508  8.828777E-17
6447.98073571724  8.708936E-17
6452.19453328368  8.683951E-17
6456.40833085012  8.835351E-17
6460.62212841655  9.030050E-17
6464.83592598299  8.860804E-17
6469.04972354943  8.506176E-17
6473.26352111587  8.313043E-17
6477.47731868231  8.446133E-17
6481.69111624874  7.996600E-17
6485.90491381518  7.739505E-17
6490.11871138162  7.984929E-17
6494.33250894806  7.818587E-17
6498.5463065145  7.872529E-17
6502.76010408093  8.032544E-17
6506.97390164737  7.784944E-17
6511.18769921381  7.546591E-17
6515.40149678025  7.574090E-17
6519.61529434668  7.520406E-17
6523.82909191312  7.473505E-17
6528.04288947956  7.704965E-17
6532.256687046  7.960232E-17
6536.47048461244  8.044863E-17
6540.68428217887  7.887789E-17
6544.89807974531  7.511819E-17
6549.11187731175  7.298668E-17
6553.32567487819  7.487896E-17
6557.53947244462  7.517623E-17
6561.75327001106  7.275370E-17
6565.9670675775  7.528518E-17
6570.18086514394  7.719975E-17
6574.39466271038  7.780471E-17
6578.60846027681  7.506773E-17
6582.82225784325  7.163423E-17
6587.03605540969  7.409666E-17
6591.24985297613  7.660345E-17
6595.46365054256  7.428617E-17
6599.677448109  7.514603E-17
6603.89124567544  7.803121E-17
6608.10504324188  7.589221E-17
6612.31884080832  7.582274E-17
6616.53263837475  7.764198E-17
6620.74643594119  7.757144E-17
6624.96023350763  7.926535E-17
6629.17403107407  7.986345E-17
6633.38782864051  7.730444E-17
6637.60162620694  7.708488E-17
6641.81542377338  7.564815E-17
6646.02922133982  7.152880E-17
6650.24301890626  7.355825E-17
6654.45681647269  7.962538E-17
6658.67061403913  8.013265E-17
6662.88441160557  7.956240E-17
6667.09820917201  8.049742E-17
6671.31200673844  7.952652E-17
6675.52580430488  7.966652E-17
6679.73960187132  8.014361E-17
6683.95339943776  8.166190E-17
6688.1671970042  8.240899E-17
6692.38099457063  8.085685E-17
6696.59479213707  7.784008E-17
6700.80858970351  7.732368E-17
6705.02238726995  7.751484E-17
6709.23618483639  7.473667E-17
6713.44998240282  7.683957E-17
6717.66377996926  7.999999E-17
6721.8775775357  7.615591E-17
6726.09137510214  7.122043E-17
6730.30517266857  7.160676E-17
6734.51897023501  7.240154E-17
6738.73276780145  7.158107E-17
6742.94656536789  7.236523E-17
6747.16036293433  7.131687E-17
6751.37416050076  6.916381E-17
6755.5879580672  7.022423E-17
6759.80175563364  7.103732E-17
6764.01555320008  6.936226E-17
6768.22935076652  7.051542E-17
6772.44314833295  6.988353E-17
6776.65694589939  6.754660E-17
6780.87074346583  6.791813E-17
6785.08454103226  6.947565E-17
6789.2983385987  7.027313E-17
6793.51213616514  7.058913E-17
6797.72593373158  6.989409E-17
6801.93973129802  7.104564E-17
6806.15352886445  7.400157E-17
6810.36732643089  7.535351E-17
6814.58112399733  7.526645E-17
6818.79492156377  7.410976E-17
6823.00871913021  7.499382E-17
6827.22251669664  7.461822E-17
6831.43631426308  7.283666E-17
6835.65011182952  6.889468E-17
6839.86390939596  6.588039E-17
6844.0777069624  6.682259E-17
6848.29150452883  6.815307E-17
6852.50530209527  6.586479E-17
6856.71909966171  6.260747E-17
6860.93289722815  6.051557E-17
6865.14669479458  5.743670E-17
6869.36049236102  5.521972E-17
6873.57428992746  5.833303E-17
6877.7880874939  6.413139E-17
6882.00188506034  6.779609E-17
6886.21568262677  6.722711E-17
6890.42948019321  6.256369E-17
6894.64327775965  6.138305E-17
6898.85707532609  6.316259E-17
6903.07087289253  6.525728E-17
6907.28467045896  6.618138E-17
6911.4984680254  6.680197E-17
6915.71226559184  6.405050E-17
6919.92606315828  6.245103E-17
6924.13986072471  6.164314E-17
6928.35365829115  6.186833E-17
6932.56745585759  6.469256E-17
6936.78125342403  6.529625E-17
6940.99505099046  6.307678E-17
6945.2088485569  6.038380E-17
6949.42264612334  5.756809E-17
6953.63644368978  5.686860E-17
6957.85024125622  5.997516E-17
6962.06403882265  6.186528E-17
6966.27783638909  5.873673E-17
6970.49163395553  5.724390E-17
6974.70543152197  6.061715E-17
6978.9192290884  5.980288E-17
6983.13302665484  5.455651E-17
6987.34682422128  5.330563E-17
6991.56062178772  5.536800E-17
6995.77441935416  5.606584E-17
6999.98821692059  5.478363E-17
7004.20201448703  5.388840E-17
7008.41581205347  5.440203E-17
7012.62960961991  5.522716E-17
7016.84340718635  5.632389E-17
7021.05720475278  5.679932E-17
7025.27100231922  5.695996E-17
7029.48479988566  5.767046E-17
7033.6985974521  5.873729E-17
7037.91239501853  5.907720E-17
7042.12619258497  6.093403E-17
7046.33999015141  6.273311E-17
7050.55378771785  6.270769E-17
7054.76758528428  6.361984E-17
7058.98138285072  6.355615E-17
7063.19518041716  6.351690E-17
7067.4089779836  6.555569E-17
7071.62277555004  6.736661E-17
7075.83657311647  6.902577E-17
7080.05037068291  7.018969E-17
7084.26416824935  6.957750E-17
7088.47796581579  6.879626E-17
7092.69176338222  6.970443E-17
7096.90556094866  7.185371E-17
7101.1193585151  7.201804E-17
7105.33315608154  7.377971E-17
7109.54695364798  7.616242E-17
7113.76075121441  7.750808E-17
7117.97454878085  7.956219E-17
7122.18834634729  8.118070E-17
7126.40214391373  8.164614E-17
7130.61594148017  8.175410E-17
7134.8297390466  8.070299E-17
7139.04353661304  7.958936E-17
7143.25733417948  8.035100E-17
7147.47113174592  8.187023E-17
7151.68492931235  8.200434E-17
7155.89872687879  8.050967E-17
7160.11252444523  7.953088E-17
7164.32632201167  7.826710E-17
7168.54011957811  7.657654E-17
7172.75391714454  7.620160E-17
7176.96771471098  7.759662E-17
7181.18151227742  7.895594E-17
7185.39530984386  8.081690E-17
7189.6091074103  8.224981E-17
7193.82290497673  8.337394E-17
7198.03670254317  8.486464E-17
7202.25050010961  8.689747E-17
7206.46429767605  8.854184E-17
7210.67809524248  8.960297E-17
7214.89189280892  8.806681E-17
7219.10569037536  8.326401E-17
7223.3194879418  7.998253E-17
7227.53328550823  7.786366E-17
7231.74708307467  7.743857E-17
7235.96088064111  7.802469E-17
7240.17467820755  7.688912E-17
7244.38847577399  7.710695E-17
7248.60227334042  7.844110E-17
7252.81607090686  7.934776E-17
7257.0298684733  8.129526E-17
7261.24366603974  8.243972E-17
7265.45746360618  8.194465E-17
7269.67126117261  8.057083E-17
7273.88505873905  8.010175E-17
7278.09885630549  8.027017E-17
7282.31265387193  7.954783E-17
7286.52645143836  7.877441E-17
7290.7402490048  7.597704E-17
7294.95404657124  7.379581E-17
7299.16784413768  7.417352E-17
7303.38164170412  7.360448E-17
7307.59543927056  7.453503E-17
7311.80923683699  7.532197E-17
7316.02303440343  7.405796E-17
7320.23683196987  7.385147E-17
7324.4506295363  7.446128E-17
7328.66442710274  7.348249E-17
7332.87822466918  7.418535E-17
7337.09202223562  7.507489E-17
7341.30581980206  7.443659E-17
7345.51961736849  7.457713E-17
7349.73341493493  7.460792E-17
7353.94721250137  7.362764E-17
7358.16101006781  7.252630E-17
7362.37480763425  7.273910E-17
7366.58860520068  7.418677E-17
7370.80240276712  7.564313E-17
7375.01620033356  7.725269E-17
7379.2299979  7.905623E-17
7383.44379546643  8.030228E-17
7387.65759303287  8.119229E-17
7391.87139059931  8.279730E-17
7396.08518816575  8.413327E-17
7400.29898573219  8.336232E-17
7404.51278329862  8.146265E-17
7408.72658086506  8.004885E-17
7412.9403784315  8.016532E-17
7417.15417599794  8.004100E-17
7421.36797356438  7.798816E-17
7425.58177113081  7.598727E-17
7429.79556869725  7.543380E-17
7434.00936626369  7.583876E-17
7438.22316383013  7.621456E-17
7442.43696139656  7.844966E-17
7446.650758963  7.933956E-17
7450.86455652944  7.684646E-17
7455.07835409588  7.438471E-17
7459.29215166231  7.313462E-17
7463.50594922875  7.294501E-17
7467.71974679519  7.321468E-17
7471.93354436163  7.358979E-17
7476.14734192806  7.308860E-17
7480.3611394945  7.368465E-17
7484.57493706094  7.532236E-17
7488.78873462738  7.590959E-17
7493.00253219382  7.522943E-17
7497.21632976025  7.298122E-17
7501.43012732669  7.243250E-17
7505.64392489313  7.263657E-17
7509.85772245957  7.159124E-17
7514.07152002601  7.142850E-17
7518.28531759244  7.154209E-17
7522.49911515888  7.068691E-17
7526.71291272532  6.972324E-17
7530.92671029176  6.880288E-17
7535.1405078582  6.689962E-17
7539.35430542463  6.648138E-17
7543.56810299107  6.779003E-17
7547.78190055751  6.740544E-17
7551.99569812395  6.718702E-17
7556.20949569039  6.885212E-17
7560.42329325682  6.953509E-17
7564.63709082326  6.909587E-17
7568.8508883897  6.823810E-17
7573.06468595614  6.839087E-17
7577.27848352257  6.749364E-17
7581.49228108901  6.333140E-17
7585.70607865545  5.953135E-17
7589.91987622189  5.572681E-17
7594.13367378832  5.417083E-17
7598.34747135476  5.584826E-17
7602.5612689212  6.459002E-17
7606.77506648764  7.037474E-17
7610.98886405408  6.649636E-17
7615.20266162051  6.207546E-17
7619.41645918695  6.015665E-17
7623.63025675339  5.966302E-17
7627.84405431983  5.978628E-17
7632.05785188626  5.952977E-17
7636.2716494527  6.026448E-17
7640.48544701914  6.117084E-17
7644.69924458558  6.108983E-17
7648.91304215202  6.087629E-17
7653.12683971845  5.977592E-17
7657.34063728489  5.983197E-17
7661.55443485133  5.925921E-17
7665.76823241777  5.882746E-17
7669.9820299842  5.965547E-17
7674.19582755064  5.929659E-17
7678.40962511708  5.877784E-17
7682.62342268352  5.755651E-17
7686.83722024996  5.593740E-17
7691.05101781639  5.695356E-17
7695.26481538283  5.931833E-17
7699.47861294927  5.976981E-17
7703.69241051571  5.679114E-17
7707.90620808215  5.646782E-17
7712.12000564858  5.613452E-17
7716.33380321502  5.581708E-17
7720.54760078146  5.555414E-17
7724.7613983479  5.539960E-17
7728.97519591433  5.532996E-17
7733.18899348077  5.524173E-17
7737.40279104721  5.503197E-17
7741.61658861365  5.466206E-17
7745.83038618008  5.424509E-17
7750.04418374652  5.388291E-17
7754.25798131296  5.364473E-17
7758.4717788794  5.335225E-17
7762.68557644584  5.286626E-17
7766.89937401227  5.205462E-17
7771.11317157871  5.134726E-17
7775.32696914515  5.107640E-17
7779.54076671159  5.163384E-17
7783.75456427803  5.254168E-17
7787.96836184446  5.340333E-17
7792.1821594109  5.373103E-17
7796.39595697734  5.368016E-17
7800.60975454378  5.341453E-17
7804.82355211021  5.310921E-17
7809.03734967665  5.285004E-17
7813.25114724309  5.270835E-17
7817.46494480953  5.278255E-17
7821.67874237597  5.305080E-17
7825.8925399424  5.343202E-17
7830.10633750884  5.391821E-17
7834.32013507528  5.432726E-17
7838.53393264172  5.437990E-17
7842.74773020816  5.371211E-17
7846.96152777459  5.241875E-17
7851.17532534103  5.131083E-17
7855.38912290747  5.106359E-17
7859.60292047391  5.209265E-17
7863.81671804034  5.389841E-17
7868.03051560678  5.618317E-17
7872.24431317322  5.856921E-17
7876.45811073966  6.029176E-17
7880.67190830609  6.066066E-17
7884.88570587253  5.899276E-17
7889.09950343897  5.627615E-17
7893.31330100541  5.334873E-17
7897.52709857185  5.117787E-17
7901.74089613828  4.989066E-17
7905.95469370472  4.961234E-17
7910.16849127116  5.046385E-17
7914.3822888376  5.223016E-17
7918.59608640404  5.459818E-17
7922.80988397047  5.729746E-17
7927.02368153691  5.980006E-17
7931.23747910335  6.157744E-17
7935.45127666979  6.191884E-17
7939.66507423622  6.105783E-17
7943.87887180266  5.975273E-17
7948.0926693691  5.877029E-17
7952.30646693554  5.843676E-17
7956.52026450198  5.850918E-17
7960.73406206841  5.891100E-17
7964.94785963485  5.948172E-17
7969.16165720129  5.996590E-17
7973.37545476773  6.006492E-17
7977.58925233416  5.959228E-17
7981.8030499006  5.903197E-17
7986.01684746704  5.874275E-17
7990.23064503348  5.907564E-17
7994.44444259992  5.973980E-17
7998.65824016635  6.053739E-17
8002.87203773279  6.127608E-17
8007.08583529923  6.163138E-17
8011.29963286567  6.131924E-17
8015.5134304321  5.996866E-17
8019.72722799854  5.801840E-17
8023.94102556498  5.594187E-17
8028.15482313142  5.425981E-17
8032.36862069786  5.317026E-17
8036.58241826429  5.277929E-17
8040.79621583073  5.329203E-17
8045.01001339717  5.447007E-17
8049.22381096361  5.590121E-17
8053.43760853005  5.710429E-17
8057.65140609648  5.796342E-17
8061.86520366292  5.868348E-17
8066.07900122936  5.938772E-17
8070.2927987958  6.019518E-17
8074.50659636223  6.117198E-17
8078.72039392867  6.244629E-17
8082.93419149511  6.403121E-17
8087.14798906155  6.552105E-17
8091.36178662799  6.657622E-17
8095.57558419442  6.690729E-17
8099.78938176086  6.693538E-17
8104.0031793273  6.696947E-17
8108.21697689374  6.736153E-17
8112.43077446017  6.790807E-17
8116.64457202661  6.847915E-17
8120.85836959305  6.892575E-17
8125.07216715949  6.926331E-17
8129.28596472593  6.950707E-17
8133.49976229236  6.964219E-17
8137.7135598588  6.982936E-17
8141.92735742524  7.024305E-17
8146.14115499168  7.108133E-17
8150.35495255811  7.237642E-17
8154.56875012455  7.409983E-17
8158.78254769099  7.627542E-17
8162.99634525743  7.878825E-17
8167.21014282387  8.146241E-17
8171.4239403903  8.396106E-17
8175.63773795674  8.641301E-17
8179.85153552318  8.950183E-17
8184.06533308962  9.390497E-17
8188.27913065605  9.967740E-17
8192.49292822249  1.052527E-16
8196.70672578893  1.094255E-16
8200.92052335537  1.112090E-16
8205.13432092181  1.110384E-16
8209.34811848825  1.091142E-16
8213.56191605468  1.057488E-16
8217.77571362112  1.025177E-16
8221.98951118756  1.008144E-16
8226.203308754  1.021985E-16
8230.41710632043  1.055834E-16
8234.63090388687  1.099737E-16
8238.84470145331  1.142013E-16
8243.05849901975  1.177709E-16
8247.27229658618  1.202208E-16
8251.48609415262  1.209546E-16
8255.69989171906  1.201538E-16
8259.9136892855  1.182135E-16
8264.12748685194  1.156462E-16
8268.34128441837  1.127147E-16
8272.55508198481  1.095890E-16
8276.76887955125  1.063573E-16
8280.98267711768  1.034155E-16
8285.19647468412  1.013753E-16
8289.41027225056  1.009518E-16
8293.624069817  1.020376E-16
8297.83786738344  1.030484E-16
8302.05166494988  1.025938E-16
8306.26546251631  9.978092E-17
8310.47926008275  9.596604E-17
8314.69305764919  9.209760E-17
8318.90685521563  8.913914E-17
8323.12065278207  8.664685E-17
8327.3344503485  8.444260E-17
8331.54824791494  8.227923E-17
8335.76204548138  8.033638E-17
8339.97584304781  7.870021E-17
8344.18964061425  7.745024E-17
8348.40343818069  7.650300E-17
8352.61723574713  7.577007E-17
8356.83103331357  7.518515E-17
8361.04483088  7.459342E-17
8365.25862844644  7.384950E-17
8369.47242601288  7.275859E-17
8373.68622357932  7.142331E-17
8377.90002114576  7.004196E-17
8382.11381871219  6.882746E-17
8386.32761627863  6.786903E-17
8390.54141384507  6.716494E-17
8394.75521141151  6.673577E-17
8398.96900897795  6.657081E-17
8403.18280654438  6.662782E-17
8407.39660411082  6.685225E-17
8411.61040167726  6.718408E-17
8415.8241992437  6.757307E-17
8420.03799681013  6.796291E-17
8424.25179437657  6.829608E-17
8428.46559194301  6.850010E-17
8432.67938950945  6.851082E-17
8436.89318707589  6.827131E-17
8441.10698464232  6.779295E-17
8445.32078220876  6.709393E-17
8449.5345797752  6.622522E-17
8453.74837734164  6.513064E-17
8457.96217490807  6.378349E-17
8462.17597247451  6.209497E-17
8466.38977004095  6.038450E-17
8470.60356760739  5.896557E-17
8474.81736517383  5.821763E-17
8479.03116274026  5.803743E-17
8483.2449603067  5.820293E-17
8487.45875787314  5.852074E-17
8491.67255543957  5.877857E-17
8495.88635300601  5.878137E-17
8500.10015057245  5.823091E-17
8504.31394813889  5.719632E-17
8508.52774570533  5.608636E-17
8512.74154327176  5.532740E-17
8516.9553408382  5.504863E-17
8521.16913840464  5.474207E-17
8525.38293597108  5.401636E-17
8529.59673353752  5.262105E-17
8533.81053110395  5.105253E-17
8538.02432867039  4.964551E-17
8542.23812623683  4.872397E-17
8546.45192380327  4.819753E-17
8550.66572136971  4.804582E-17
8554.87951893614  4.827030E-17
8559.09331650258  4.839823E-17
8563.30711406902  4.802443E-17
8567.52091163546  4.660077E-17
8571.7347092019  4.474096E-17
8575.94850676833  4.304086E-17
8580.16230433477  4.222148E-17
8584.37610190121  4.220267E-17
8588.58989946765  4.278171E-17
8592.80369703408  4.377695E-17
8597.01749460052  4.497213E-17
8601.23129216696  4.613878E-17
8605.4450897334  4.705332E-17
8609.65888729984  4.755535E-17
8613.87268486627  4.757068E-17
8618.08648243271  4.688722E-17
8622.30027999915  4.577610E-17
8626.51407756558  4.515741E-17
8630.72787513202  4.591977E-17
8634.94167269846  4.842461E-17
8639.1554702649  5.140330E-17
8643.36926783134  5.389102E-17
8647.58306539778  5.501884E-17
8651.79686296421  5.519687E-17
8656.01066053065  5.461350E-17
8660.22445809709  5.353112E-17
8664.43825566353  5.229028E-17
8668.65205322997  5.125822E-17
8672.8658507964  5.085259E-17
8677.07964836284  5.098030E-17
8681.29344592928  5.154621E-17
8685.50724349572  5.243091E-17
8689.72104106215  5.351855E-17
8693.93483862859  5.468504E-17
8698.14863619503  5.572983E-17
8702.36243376147  5.672560E-17
8706.5762313279  5.779569E-17
8710.79002889434  5.908697E-17
8715.00382646078  6.053421E-17
8719.21762402722  6.195683E-17
8723.43142159366  6.324462E-17
8727.6452191601  6.420180E-17
8731.85901672653  6.457200E-17
8736.07281429297  6.408169E-17
8740.28661185941  6.271243E-17
8744.50040942584  6.096223E-17
8748.71420699228  5.924100E-17
8752.92800455872  5.791993E-17
8757.14180212516  5.705728E-17
8761.3555996916  5.677655E-17
8765.56939725803  5.715442E-17
8769.78319482447  5.786538E-17
8773.99699239091  5.861366E-17
8778.21078995735  5.902678E-17
8782.42458752379  5.945854E-17
8786.63838509022  6.017650E-17
8790.85218265666  6.156300E-17
8795.0659802231  6.320319E-17
8799.27977778954  6.470593E-17
8803.49357535597  6.562012E-17
8807.70737292241  6.601787E-17
8811.92117048885  6.607045E-17
8816.13496805529  6.588232E-17
8820.34876562173  6.574683E-17
8824.56256318816  6.599545E-17
8828.7763607546  6.707486E-17
8832.99015832104  6.891346E-17
8837.20395588748  7.105601E-17
8841.41775345391  7.303495E-17
8845.63155102035  7.467715E-17
8849.84534858679  7.631227E-17
8854.05914615323  7.815366E-17
8858.27294371967  8.030341E-17
8862.4867412861  8.243568E-17
8866.70053885254  8.434008E-17
8870.91433641898  8.579946E-17
8875.12813398542  8.655490E-17
8879.34193155185  8.636987E-17
8883.55572911829  8.502085E-17
8887.76952668473  8.302062E-17
8891.98332425117  8.081206E-17
8896.19712181761  7.891858E-17
8900.41091938405  7.725494E-17
8904.62471695048  7.575395E-17
8908.83851451692  7.434311E-17
8913.05231208336  7.294241E-17
8917.26610964979  7.146706E-17
8921.47990721623  6.975375E-17
8925.69370478267  6.792994E-17
8929.90750234911  6.618432E-17
8934.12129991555  6.477482E-17
8938.33509748198  6.363942E-17
8942.54889504842  6.255618E-17
8946.76269261486  6.128628E-17
8950.9764901813  5.985440E-17
8955.19028774774  5.858680E-17
8959.40408531417  5.770284E-17
8963.61788288061  5.737771E-17
8967.83168044705  5.767396E-17
8972.04547801349  5.873996E-17
8976.25927557992  6.052981E-17
8980.47307314636  6.196190E-17
8984.6868707128  6.211826E-17
8988.90066827924  6.013348E-17
8993.11446584568  5.742173E-17
8997.32826341211  5.507518E-17
9001.54206097855  5.440952E-17
9005.75585854499  5.448951E-17
9009.96965611143  5.459889E-17
9014.18345367786  5.384209E-17
9018.3972512443  5.256397E-17
9022.61104881074  5.111271E-17
9026.82484637718  4.975274E-17
9031.03864394361  4.883328E-17
9035.25244151005  4.865611E-17
9039.46623907649  4.976399E-17
9043.68003664293  5.161749E-17
9047.89383420937  5.328671E-17
9052.1076317758  5.376700E-17
9056.32142934224  5.284759E-17
9060.53522690868  5.100483E-17
9064.74902447512  4.858451E-17
9068.96282204156  4.596970E-17
9073.17661960799  4.349013E-17
9077.39041717443  4.153280E-17
9081.60421474087  4.038690E-17
9085.81801230731  4.004914E-17
9090.03180987375  4.053905E-17
9094.24560744018  4.179974E-17
9098.45940500662  4.347781E-17
9102.67320257306  4.522806E-17
9106.8870001395  4.666521E-17
9111.10079770593  4.791125E-17
9115.31459527237  4.903013E-17
9119.52839283881  5.016231E-17
9123.74219040525  5.099927E-17
9127.95598797169  5.128984E-17
9132.16978553812  5.078329E-17
9136.38358310456  4.955221E-17
9140.597380671  4.774563E-17
9144.81117823744  4.543444E-17
9149.02497580387  4.308084E-17
9153.23877337031  4.122188E-17
9157.45257093675  4.045001E-17
9161.66636850319  4.084749E-17
9165.88016606963  4.215607E-17
9170.09396363606  4.420638E-17
9174.3077612025  4.662800E-17
9178.52155876894  4.887083E-17
9182.73535633537  5.032109E-17
9186.94915390181  5.070352E-17
9191.16295146825  5.059592E-17
9195.37674903469  5.044336E-17
9199.59054660113  5.061300E-17
9203.80434416757  5.068627E-17
9208.018141734  5.045235E-17
9212.23193930044  4.972390E-17
9216.44573686688  4.830622E-17
9220.65953443332  4.603222E-17
9224.87333199976  4.259918E-17
9229.08712956619  3.937984E-17
9233.30092713263  3.755453E-17
9237.51472469907  3.858130E-17
9241.72852226551  4.161152E-17
9245.94231983194  4.568384E-17
9250.15611739838  4.984291E-17
9254.36991496482  5.341464E-17
9258.58371253126  5.588205E-17
9262.7975100977  5.611501E-17
9267.01130766413  5.521810E-17
9271.22510523057  5.507990E-17
9275.43890279701  5.815432E-17
9279.65270036345  6.391799E-17
9283.86649792988  6.930036E-17
9288.08029549632  7.146570E-17
9292.29409306276  6.930682E-17
9296.5078906292  6.508059E-17
9300.72168819564  6.035800E-17
9304.93548576207  5.650796E-17
9309.14928332851  5.326224E-17
9313.36308089495  5.074361E-17
9317.57687846139  4.895736E-17
9321.79067602782  4.796014E-17
9326.00447359426  4.769912E-17
9330.2182711607  4.810941E-17
9334.43206872714  4.838164E-17
9338.64586629358  4.782892E-17
9342.85966386002  4.572746E-17
9347.07346142645  4.234587E-17
9351.28725899289  3.803850E-17
9355.50105655933  3.297072E-17
9359.71485412577  2.840382E-17
9363.9286516922  2.559901E-17
9368.14244925864  2.607027E-17
9372.35624682508  2.940191E-17
9376.57004439152  3.447784E-17
9380.78384195795  4.043382E-17
9384.99763952439  4.588364E-17
9389.21143709083  4.928251E-17
9393.42523465727  4.884726E-17
9397.6390322237  4.442969E-17
9401.85282979014  3.798879E-17
9406.06662735658  3.107646E-17
9410.28042492302  2.521125E-17
9414.49422248946  2.141384E-17
9418.70802005589  2.100630E-17
9422.92181762233  2.469590E-17
9427.13561518877  2.951886E-17
9431.34941275521  3.298867E-17
9435.56321032165  3.247179E-17
9439.77700788808  3.122290E-17
9443.99080545452  3.160759E-17
9448.20460302096  3.655991E-17
9452.4184005874  4.346935E-17
9456.63219815384  5.016611E-17
9460.84599572027  5.413682E-17
9465.05979328671  5.551117E-17
9469.27359085315  5.460333E-17
9473.48738841958  5.156991E-17
9477.70118598602  4.736160E-17
9481.91498355246  4.310688E-17
9486.1287811189  4.019891E-17
9490.34257868534  3.890998E-17
9494.55637625177  3.894247E-17
9498.77017381821  4.001712E-17
9502.98397138465  4.189851E-17
9507.19776895109  4.442473E-17
9511.41156651753  4.737678E-17
9515.62536408397  5.039440E-17
9519.8391616504  5.287689E-17
9524.05295921684  5.427516E-17
9528.26675678328  5.426793E-17
9532.48055434971  5.337013E-17
9536.69435191615  5.197168E-17
9540.90814948259  5.050569E-17
9545.12194704903  4.931071E-17
9549.33574461547  4.875900E-17
9553.5495421819  4.927118E-17
9557.76333974834  5.019864E-17
9561.97713731478  5.098491E-17
9566.19093488122  5.078862E-17
9570.40473244766  5.047987E-17
9574.61853001409  5.081948E-17
9578.83232758053  5.293770E-17
9583.04612514697  5.580890E-17
9587.2599227134  5.822150E-17
9591.47372027984  5.873264E-17
9595.68751784628  5.751783E-17
9599.90131541272  5.530525E-17
9604.11511297916  5.282351E-17
9608.3289105456  5.044599E-17
9612.54270811203  4.828994E-17
9616.75650567847  4.648883E-17
9620.97030324491  4.535856E-17
9625.18410081135  4.546793E-17
9629.39789837779  4.735439E-17
9633.61169594422  5.109496E-17
9637.82549351066  5.551270E-17
9642.0392910771  5.964681E-17
9646.25308864354  6.264453E-17
9650.46688620997  6.477405E-17
9654.68068377641  6.612083E-17
9658.89448134285  6.684211E-17
9663.10827890929  6.754253E-17
9667.32207647572  6.879106E-17
9671.53587404216  7.123827E-17
9675.7496716086  7.454198E-17
9679.96346917504  7.835695E-17
9684.17726674148  8.219372E-17
9688.39106430791  8.593981E-17
9692.60486187435  8.943280E-17
9696.81865944079  9.273087E-17
9701.03245700723  9.493809E-17
9705.24625457366  9.508796E-17
9709.4600521401  9.214760E-17
9713.67384970654  8.639344E-17
9717.88764727298  7.886087E-17
9722.10144483942  7.005860E-17
9726.31524240585  6.160119E-17
9730.52903997229  5.597288E-17
9734.74283753873  5.606782E-17
9738.95663510517  6.208415E-17
9743.1704326716  6.868847E-17
9747.38423023804  7.150378E-17
9751.59802780448  6.738821E-17
9755.81182537092  5.979224E-17
9760.02562293736  5.085396E-17
9764.23942050379  4.297677E-17
9768.45321807023  3.857996E-17
9772.66701563667  4.008763E-17
9776.88081320311  5.015605E-17
9781.09461076955  6.474508E-17
9785.30840833598  8.028441E-17
9789.52220590242  9.230090E-17
9793.73600346886  1.018397E-16
9797.9498010353  1.099437E-16
9802.16359860173  1.182230E-16
9806.37739616817  1.259666E-16
9810.59119373461  1.324511E-16
9814.80499130105  1.361331E-16
9819.01878886749  1.393598E-16
9823.23258643392  1.454461E-16
9827.44638400036  1.585081E-16
9831.6601815668  1.771888E-16
9835.87397913324  1.961578E-16
9840.08777669967  2.107335E-16
9844.30157426611  2.180117E-16
9848.51537183255  2.182650E-16
9852.72916939899  2.107782E-16
9856.94296696543  1.964589E-16
9861.15676453187  1.802238E-16
9865.3705620983  1.665722E-16
9869.58435966474  1.593312E-16
9873.79815723118  1.553947E-16
9878.01195479761  1.526692E-16
9882.22575236405  1.485884E-16
9886.43954993049  1.436501E-16
9890.65334749693  1.378096E-16
9894.86714506337  1.313695E-16
9899.08094262981  1.226532E-16
9903.29474019624  1.104273E-16
9907.50853776268  9.314265E-17
9911.72233532912  7.303237E-17
9915.93613289556  5.271684E-17
9920.14993046199  3.445418E-17
9924.36372802843  2.087481E-17
9928.57752559487  1.419945E-17
9932.79132316131  1.787179E-17
9937.00512072774  2.922774E-17
9941.21891829418  4.249697E-17
9945.43271586062  5.167075E-17
9949.64651342706  5.456897E-17
9953.86031099349  5.354856E-17
9958.07410855993  4.989671E-17
9962.28790612637  4.537354E-17
9966.50170369281  4.188813E-17
9970.71550125925  4.164729E-17
9974.92929882568  4.614412E-17
9979.14309639212  5.352978E-17
9983.35689395856  6.247478E-17
9987.570691525  7.148092E-17
9991.78448909144  7.920966E-17
9995.99828665787  8.432130E-17
10000.2120842243  8.538817E-17
10004.4258817907  8.432295E-17
10008.6396793572  8.284214E-17
10012.8534769236  8.265311E-17
10017.0672744901  8.493187E-17
10021.2810720565  9.054919E-17
10025.4948696229  1.012783E-16
10029.7086671894  1.137395E-16
10033.9224647558  1.239089E-16
10038.1362623223  1.272753E-16
10042.3500598887  1.235294E-16
10046.5638574551  1.143170E-16
10050.7776550216  1.000575E-16
10054.991452588  8.418042E-17
10059.2052501544  7.197493E-17
10063.4190477209  6.975845E-17
10067.6328452873  7.804480E-17
10071.8466428538  8.795361E-17
10076.0604404202  9.202280E-17
10080.2742379866  8.540418E-17
10084.4880355531  7.390963E-17
10088.7018331195  6.112186E-17
10092.9156306859  5.084093E-17
10097.1294282524  4.375034E-17
10101.3432258188  4.128328E-17
10105.5570233853  4.482501E-17
10109.7708209517  5.155043E-17
10113.9846185181  5.890482E-17
10118.1984160846  6.333345E-17
10122.412213651  6.741372E-17
10126.6260112174  7.322081E-17
10130.8398087839  8.400883E-17
10135.0536063503  9.600968E-17
10139.2674039168  1.051820E-16
10143.4812014832  1.070239E-16
10147.6949990496  1.018879E-16
10151.9087966161  9.172745E-17
10156.1225941825  7.769590E-17
10160.3363917489  6.303300E-17
10164.5501893154  5.182809E-17
10168.7639868818  4.872220E-17
10172.9777844483  5.445282E-17
10177.1915820147  6.508866E-17
10181.4053795811  7.754288E-17
10185.6191771476  8.869973E-17
10189.832974714  9.635762E-17
10194.0467722804  9.789031E-17
10198.2605698469  9.175924E-17
10202.4743674133  8.121399E-17
10206.6881649798  6.894315E-17
10210.9019625462  5.788141E-17
10215.1157601126  4.848193E-17
10219.3295576791  4.158686E-17
10223.5433552455  3.799921E-17
10227.757152812  3.697763E-17
10231.9709503784  3.770929E-17
10236.1847479448  3.889469E-17
10240.3985455113  4.108551E-17
10244.6123430777  4.471712E-17
10248.8261406441  5.063681E-17
10253.0399382106  5.733643E-17
10257.253735777  6.304019E-17
10261.4675333435  6.551362E-17
10265.6813309099  6.516651E-17
10269.8951284763  6.346137E-17
10274.1089260428  6.224840E-17
10278.3227236092  6.142339E-17
10282.5365211756  5.927830E-17
10286.7503187421  5.410705E-17
10290.9641163085  4.606687E-17
10295.177913875  3.865708E-17
10299.3917114414  3.470178E-17
10303.6055090078  3.599139E-17
10307.8193065743  4.017891E-17
10312.0331041407  4.576605E-17
10316.2469017071  5.106938E-17
10320.4606992736  5.427254E-17
10324.67449684  5.361014E-17
10328.8882944065  4.732746E-17
10333.1020919729  3.836428E-17
10337.3158895393  2.927820E-17
10341.5296871058  2.288180E-17
10345.7434846722  2.003242E-17
10349.9572822386  2.141244E-17
10354.1710798051  2.809024E-17
10358.3848773715  3.789380E-17
10362.598674938  4.824603E-17
10366.8124725044  5.622790E-17
10371.0262700708  6.092570E-17
10375.2400676373  6.221397E-17
10379.4538652037  5.959834E-17
10383.6676627701  5.411458E-17
10387.8814603366  4.770413E-17
10392.095257903  4.251948E-17
10396.3090554695  3.964679E-17
10400.5228530359  3.868132E-17
10404.7366506023  3.938142E-17
10408.9504481688  4.157572E-17
10413.1642457352  4.575191E-17
10417.3780433017  5.208663E-17
10421.5918408681  6.039708E-17
10425.8056384345  6.879821E-17
10430.019436001  7.580557E-17
10434.2332335674  8.007066E-17
10438.4470311338  8.008255E-17
10442.6608287003  7.457485E-17
10446.8746262667  6.181108E-17
10451.0884238332  4.686412E-17
10455.3022213996  3.422929E-17
10459.516018966  2.978729E-17
10463.7298165325  3.019884E-17
10467.9436140989  3.183648E-17
10472.1574116653  3.043719E-17
10476.3712092318  2.604708E-17
10480.5850067982  1.965865E-17
10484.7988043647  1.140676E-17
10489.0126019311  3.468840E-18
10493.2263994975  -1.323673E-18
10497.440197064  5.451009E-19
10501.6539946304  8.803596E-18
10505.8677921968  1.968997E-17
10510.0815897633  3.000756E-17
10514.2953873297  3.740625E-17
10518.5091848962  4.164706E-17
10522.7229824626  4.185913E-17
10526.936780029  3.804221E-17
10531.1505775955  3.278289E-17
10535.3643751619  2.840921E-17
10539.5781727284  2.716065E-17
10543.7919702948  2.813201E-17
10548.0057678612  3.082483E-17
10552.2195654277  3.443149E-17
10556.4333629941  3.920633E-17
10560.6471605605  4.507584E-17
10564.860958127  5.209894E-17
10569.0747556934  5.859491E-17
10573.2885532599  6.299911E-17
10577.5023508263  6.374522E-17
10581.7161483927  6.049648E-17
10585.9299459592  5.333722E-17
10590.1437435256  4.205554E-17
10594.357541092  2.851444E-17
10598.5713386585  1.521621E-17
10602.7851362249  4.860792E-18
10606.9989337914  -1.376305E-18
10611.2127313578  -3.496330E-18
10615.4265289242  -1.478342E-18
10619.6403264907  4.290856E-18
10623.8541240571  1.305015E-17
10628.0679216235  2.419799E-17
10632.28171919  3.631019E-17
10636.4955167564  4.578472E-17
10640.7093143229  4.931503E-17
10644.9231118893  4.463488E-17
10649.1369094557  3.664299E-17
10653.3507070222  2.917102E-17
10657.5645045886  2.635633E-17
10661.778302155  2.568264E-17
10665.9920997215  2.558140E-17
10670.2058972879  2.406812E-17
10674.4196948544  2.197207E-17
10678.6334924208  1.982007E-17
10682.8472899872  1.790751E-17
10687.0610875537  1.696291E-17
10691.2748851201  1.760229E-17
10695.4886826865  2.137840E-17
10699.702480253  2.593484E-17
10703.9162778194  2.841939E-17
10708.1300753859  2.480367E-17
10712.3438729523  1.709171E-17
10716.5576705187  1.001608E-17
10720.7714680852  8.207016E-18
10724.9852656516  1.296412E-17
10729.1990632181  2.199882E-17
10733.4128607845  3.433272E-17
10737.6266583509  4.753249E-17
10741.8404559174  5.684460E-17
10746.0542534838  5.743220E-17
10750.2680510502  4.679249E-17
10754.4818486167  3.278070E-17
10758.6956461831  2.150770E-17
10762.9094437496  1.893912E-17
10767.123241316  2.167338E-17
10771.3370388824  2.773509E-17
10775.5508364489  3.468878E-17
10779.7646340153  4.141496E-17
10783.9784315817  4.650096E-17
10788.1922291482  4.814509E-17
10792.4060267146  4.737903E-17
10796.6198242811  4.532563E-17
10800.8336218475  4.363771E-17
10805.0474194139  4.189216E-17
10809.2612169804  3.953187E-17
10813.4750145468  3.566782E-17
10817.6888121132  3.128859E-17
10821.9026096797  2.788232E-17
10826.1164072461  2.714056E-17
10830.3302048126  2.884361E-17
10834.544002379  3.139648E-17
10838.7577999454  3.350416E-17
10842.9715975119  3.422512E-17
10847.1853950783  3.332130E-17
10851.3991926447  3.014823E-17
10855.6129902112  2.492785E-17
10859.8267877776  2.032867E-17
10864.0405853441  1.861776E-17
10868.2543829105  2.156052E-17
10872.4681804769  2.666142E-17
10876.6819780434  3.216909E-17
10880.8957756098  3.625417E-17
10885.1095731763  3.772301E-17
10889.3233707427  3.540562E-17
10893.5371683091  2.771839E-17
10897.7509658756  1.819464E-17
10901.964763442  1.007702E-17
10906.1785610084  7.438027E-18
10910.3923585749  8.906978E-18
10914.6061561413  1.267615E-17
10918.8199537078  1.688017E-17
10923.0337512742  2.040155E-17
10927.2475488406  2.238206E-17
10931.4613464071  2.145411E-17
10935.6751439735  1.816198E-17
10939.8889415399  1.405699E-17
10944.1027391064  1.066577E-17
10948.3165366728  8.887658E-18
10952.5303342393  8.803976E-18
10956.7441318057  1.080465E-17
10960.9579293721  1.465878E-17
10965.1717269386  1.900026E-17
10969.385524505  2.254429E-17
10973.5993220714  2.427140E-17
10977.8131196379  2.482551E-17
10982.0269172043  2.459400E-17
10986.2407147708  2.406714E-17
10990.4545123372  2.277807E-17
10994.6683099036  2.050023E-17
10998.8821074701  1.692928E-17
11003.0959050365  1.316235E-17
11007.3097026029  1.012693E-17
11011.5235001694  8.900280E-18
11015.7372977358  9.113915E-18
11019.9510953023  1.033417E-17
11024.1648928687  1.216885E-17
11028.3786904351  1.405731E-17
11032.5924880016  1.546857E-17
11036.806285568  1.556209E-17
11041.0200831344  1.484642E-17
11045.2338807009  1.429862E-17
11049.4476782673  1.498928E-17
11053.6614758338  1.708339E-17
11057.8752734002  2.000611E-17
11062.0890709666  2.336213E-17
11066.3028685331  2.670879E-17
11070.5166660995  2.963910E-17
11074.730463666  3.163748E-17
11078.9442612324  3.243521E-17
11083.1580587988  3.256682E-17
11087.3718563653  3.248758E-17
11091.5856539317  3.260860E-17
11095.7994514981  3.219833E-17
11100.0132490646  3.076817E-17
11104.227046631  2.780024E-17
11108.4408441975  2.421821E-17
11112.6546417639  2.075410E-17
11116.8684393303  1.816082E-17
11121.0822368968  1.666248E-17
11125.2960344632  1.642274E-17
11129.5098320296  1.787163E-17
11133.7236295961  1.982512E-17
11137.9374271625  2.105116E-17
11142.151224729  1.982526E-17
11146.3650222954  1.692198E-17
11150.5788198618  1.371720E-17
11154.7926174283  1.182479E-17
11159.0064149947  1.128430E-17
11163.2202125611  1.125966E-17
11167.4340101276  1.102544E-17
11171.647807694  1.038014E-17
11175.8616052605  9.788286E-18
11180.0754028269  9.554188E-18
11184.2892003933  9.856729E-18
11188.5029979598  1.048552E-17
11192.7167955262  1.127815E-17
11196.9305930926  1.213883E-17
11201.1443906591  1.357902E-17
11205.3581882255  1.597230E-17
11209.571985792  1.964310E-17
11213.7857833584  2.354419E-17
11217.9995809248  2.685623E-17
11222.2133784913  2.874632E-17
11226.4271760577  2.917814E-17
11230.6409736242  2.813763E-17
11234.8547711906  2.535480E-17
11239.068568757  2.236005E-17
11243.2823663235  2.061038E-17
11247.4961638899  2.218046E-17
11251.7099614563  2.575333E-17
11255.9237590228  2.949781E-17
11260.1375565892  3.119613E-17
11264.3513541557  3.091893E-17
11268.5651517221  2.965507E-17
11272.7789492885  2.826482E-17
11276.992746855  2.708616E-17
11281.2065444214  2.596123E-17
11285.4203419878  2.507493E-17
11289.6341395543  2.425179E-17
11293.8479371207  2.275293E-17
11298.0617346872  1.974982E-17
11302.2755322536  1.506805E-17
11306.48932982  1.105864E-17
11310.7031273865  9.623206E-18
11314.9169249529  1.235137E-17
11319.1307225193  1.673563E-17
11323.3445200858  2.091846E-17
11327.5583176522  2.281762E-17
11331.7721152187  2.333391E-17
11335.9859127851  2.300545E-17
11340.1997103515  2.248413E-17
11344.413507918  2.186575E-17
11348.6273054844  2.130139E-17
11352.8411030508  2.122363E-17
11357.0549006173  2.094145E-17
11361.2686981837  1.975176E-17
11365.4824957502  1.657218E-17
11369.6962933166  1.227602E-17
11373.910090883  8.229545E-18
11378.1238884495  5.927833E-18
11382.3376860159  5.576958E-18
11386.5514835823  6.555853E-18
11390.7652811488  8.423758E-18
11394.9790787152  1.068181E-17
11399.1928762817  1.286724E-17
11403.4066738481  1.438297E-17
11407.6204714145  1.493744E-17
11411.834268981  1.500082E-17
11416.0480665474  1.495868E-17
11420.2618641138  1.515007E-17
11424.4756616803  1.518723E-17
11428.6894592467  1.482966E-17
11432.9032568132  1.381805E-17
11437.1170543796  1.282835E-17
11441.330851946  1.238409E-17
11445.5446495125  1.315611E-17
11449.7584470789  1.428880E-17
11453.9722446454  1.506829E-17
11458.1860422118  1.447365E-17
11462.3998397782  1.335785E-17
11466.6136373447  1.256622E-17
11470.8274349111  1.327630E-17
11475.0412324775  1.485174E-17
11479.255030044  1.638249E-17
11483.4688276104  1.675936E-17
11487.6826251769  1.618872E-17
11491.8964227433  1.542798E-17
11496.1102203097  1.515783E-17
11500.3240178762  1.560072E-17
11504.5378154426  1.651643E-17
11508.751613009  1.787705E-17
11512.9654105755  1.936302E-17
11517.1792081419  2.019891E-17
11521.3930057084  1.967257E-17
11525.6068032748  1.740643E-17
11529.8206008412  1.425953E-17
11534.0343984077  1.083078E-17
11538.2481959741  7.760970E-18
11542.4619935406  5.985867E-18
11546.675791107  6.375326E-18
11550.8895886734  9.897788E-18
11555.1033862399  1.441961E-17
11559.3171838063  1.814245E-17
11563.5309813727  1.879154E-17
11567.7447789392  1.775141E-17
11571.9585765056  1.631394E-17
11576.1723740721  1.595204E-17
11580.3861716385  1.673664E-17
11584.5999692049  1.852020E-17
11588.8137667714  2.160451E-17
11593.0275643378  2.476653E-17
11597.2413619042  2.645617E-17
11601.4551594707  2.467273E-17
11605.6689570371  1.986651E-17
11609.8827546036  1.406728E-17
11614.09655217  9.119252E-18
11618.3103497364  6.069984E-18
11622.5241473029  4.712279E-18
11626.7379448693  5.225589E-18
11630.9517424357  7.312350E-18
11635.1655400022  9.709988E-18
11639.3793375686  1.126415E-17
11643.5931351351  1.101482E-17
11647.8069327015  9.407873E-18
11652.0207302679  6.667242E-18
11656.2345278344  3.104787E-18
11660.4483254008  -1.809583E-20
11664.6621229672  -1.561269E-18
11668.8759205337  -1.771010E-19
11673.0897181001  2.966910E-18
11677.3035156666  6.805803E-18
11681.517313233  9.862014E-18
11685.7311107994  1.259042E-17
11689.9449083659  1.542657E-17
11694.1587059323  1.929662E-17
11698.3725034987  2.287960E-17
11702.5863010652  2.462158E-17
11706.8000986316  2.237910E-17
11711.0138961981  1.733894E-17
11715.2276937645  1.214308E-17
11719.4414913309  9.574826E-18
11723.6552888974  1.019848E-17
11727.8690864638  1.233901E-17
11732.0828840302  1.483766E-17
11736.2966815967  1.667950E-17
11740.5104791631  1.747251E-17
11744.7242767296  1.648190E-17
11748.938074296  1.347128E-17
11753.1518718624  1.015921E-17
11757.3656694289  7.965174E-18
11761.5794669953  8.205924E-18
11765.7932645617  9.560935E-18
11770.0070621282  1.113889E-17
11774.2208596946  1.198252E-17
11778.4346572611  1.173147E-17
11782.6484548275  1.001699E-17
11786.8622523939  6.225378E-18
11791.0760499604  1.904573E-18
11795.2898475268  -1.453582E-18
11799.5036450933  -2.038702E-18
11803.7174426597  -2.281153E-19
11807.9312402261  3.231716E-18
11812.1450377926  7.762159E-18
11816.358835359  1.233340E-17
11820.5726329254  1.586520E-17
11824.7864304919  1.688082E-17
11829.0002280583  1.564637E-17
11833.2140256248  1.362704E-17
11837.4278231912  1.218628E-17
11841.6416207576  1.202960E-17
11845.8554183241  1.276785E-17
11850.0692158905  1.436968E-17
11854.2830134569  1.647386E-17
11858.4968110234  1.798630E-17
11862.7106085898  1.792261E-17
11866.9244061563  1.554592E-17
11871.1382037227  1.178913E-17
11875.3520012891  7.296176E-18
11879.5657988556  2.720757E-18
11883.779596422  -4.597823E-19
11887.9933939884  -9.468391E-19
11892.2071915549  2.965912E-18
11896.4209891213  8.505512E-18
11900.6347866878  1.318300E-17
11904.8485842542  1.369240E-17
11909.0623818206  1.166411E-17
11913.2761793871  8.957654E-18
11917.4899769535  7.907857E-18
11921.70377452  8.121046E-18
11925.9175720864  8.649456E-18
11930.1313696528  8.586413E-18
11934.3451672193  7.849693E-18
11938.5589647857  6.786341E-18
11942.7727623521  5.534759E-18
11946.9865599186  4.359675E-18
11951.200357485  3.605862E-18
11955.4141550515  3.714487E-18
11959.6279526179  4.728745E-18
11963.8417501843  5.855215E-18
11968.0555477508  6.427043E-18
11972.2693453172  5.971937E-18
11976.4831428836  5.126217E-18
11980.6969404501  4.312312E-18
11984.9107380165  3.971110E-18
11989.124535583  4.012125E-18
11993.3383331494  4.437556E-18
11997.5521307158  5.247334E-18
12001.7659282823  6.182562E-18
12005.9797258487  6.996401E-18
12010.1935234151  7.346109E-18
12014.4073209816  7.473933E-18
12018.621118548  7.610064E-18
12022.8349161145  8.111746E-18
12027.0487136809  8.706821E-18
12031.2625112473  9.068801E-18
12035.4763088138  8.749474E-18
12039.6901063802  7.958751E-18
12043.9039039466  7.116485E-18
12048.1177015131  6.695403E-18
12052.3314990795  6.670821E-18
12056.545296646  6.641842E-18
12060.7590942124  6.339500E-18
12064.9728917788  5.539494E-18
12069.1866893453  4.130617E-18
12073.4004869117  1.881292E-18
12077.6142844782  -1.084432E-18
12081.8280820446  -3.542171E-18
12086.041879611  -4.463213E-18
12090.2556771775  -3.028187E-18
12094.4694747439  -3.157494E-19
12098.6832723103  2.893614E-18
12102.8970698768  5.744842E-18
12107.1108674432  7.975506E-18
12111.3246650097  9.258997E-18
12115.5384625761  9.169638E-18
12119.7522601425  8.508886E-18
12123.966057709  8.027701E-18
12128.1798552754  8.703193E-18
12132.3936528418  1.013729E-17
12136.6074504083  1.181937E-17
12140.8212479747  1.326781E-17
12145.0350455412  1.413009E-17
12149.2488431076  1.413913E-17
12153.462640674  1.280874E-17
12157.6764382405  1.051948E-17
12161.8902358069  8.094079E-18
12166.1040333733  6.418620E-18
12170.3178309398  5.736844E-18
12174.5316285062  5.535428E-18
12178.7454260727  5.477621E-18
12182.9592236391  5.266407E-18
12187.1730212055  4.818667E-18
12191.386818772  3.933625E-18
12195.6006163384  2.556788E-18
12199.8144139048  1.359424E-18
12204.0282114713  8.985874E-19
12208.2420090377  1.707287E-18
12212.4558066042  3.122204E-18
12216.6696041706  4.645501E-18
12220.883401737  5.683628E-18
12225.0971993035  6.460164E-18
12229.3109968699  7.109241E-18
12233.5247944363  7.764075E-18
12237.7385920028  8.444081E-18
12241.9523895692  9.155733E-18
12246.1661871357  1.013812E-17
12250.3799847021  1.076114E-17
12254.5937822685  1.036512E-17
12258.807579835  7.896518E-18
12263.0213774014  4.194467E-18
12267.2351749679  7.522731E-19
12271.4489725343  -6.716211E-19
12275.6627701007  -6.779426E-20
12279.8765676672  1.166617E-18
12284.0903652336  1.723028E-18
12288.3041628  1.152373E-18
12292.5179603665  5.894901E-19
12296.7317579329  8.461785E-19
12300.9455554994  2.375409E-18
12305.1593530658  4.085647E-18
12309.3731506322  5.229741E-18
12313.5869481987  5.129295E-18
12317.8007457651  4.228487E-18
12322.0145433315  2.789792E-18
12326.228340898  1.131234E-18
12330.4421384644  -4.532943E-19
12334.6559360309  -1.653208E-18
12338.8697335973  -2.131739E-18
12343.0835311637  -1.961370E-18
12347.2973287302  -1.242876E-18
12351.5111262966  -6.320847E-20
12355.724923863  1.290989E-18
12359.9387214295  2.526489E-18
12364.1525189959  3.213920E-18
12368.3663165624  3.520466E-18
12372.5801141288  3.759003E-18
12376.7939116952  4.349369E-18
12381.0077092617  5.179769E-18
12385.2215068281  5.846016E-18
12389.4353043946  5.959759E-18
12393.649101961  5.465808E-18
12397.8628995274  4.727797E-18
12402.0766970939  4.007603E-18
12406.2904946603  3.526211E-18
12410.5042922267  3.344144E-18
12414.7180897932  3.572966E-18
12418.9318873596  4.237325E-18
12423.1456849261  4.974483E-18
12427.3594824925  5.473992E-18
12431.5732800589  5.423614E-18
12435.7870776254  4.951819E-18
12440.0008751918  4.143255E-18
12444.2146727582  3.135433E-18
12448.4284703247  1.900355E-18
12452.6422678911  4.576655E-19
12456.8560654576  -1.209780E-18
12461.069863024  -2.785668E-18
12465.2836605904  -3.965395E-18
12469.4974581569  -4.447894E-18
12473.7112557233  -4.170796E-18
12477.9250532897  -3.170047E-18
12482.1388508562  -1.355312E-18
12486.3526484226  8.181155E-19
12490.5664459891  2.710267E-18
12494.7802435555  3.552965E-18
12498.9940411219  3.331984E-18
12503.2078386884  2.691212E-18
12507.4216362548  2.199127E-18
12511.6354338212  2.180633E-18
12515.8492313877  2.432818E-18
12520.0630289541  2.879970E-18
12524.2768265206  3.421356E-18
12528.490624087  4.024144E-18
12532.7044216534  4.630039E-18
12536.9182192199  5.173546E-18
12541.1320167863  5.377616E-18
12545.3458143527  5.020537E-18
12549.5596119192  3.871139E-18
12553.7734094856  2.419051E-18
12557.9872070521  1.078494E-18
12562.2010046185  3.031694E-19
12566.4148021849  1.241772E-19
12570.6285997514  5.442162E-19
12574.8423973178  1.646675E-18
12579.0561948842  2.989414E-18
12583.2699924507  4.094947E-18
12587.4837900171  4.379468E-18
12591.6975875836  3.919140E-18
12595.91138515  3.018093E-18
12600.1251827164  1.862772E-18
12604.3389802829  8.523145E-19
12608.5527778493  4.543903E-19
12612.7665754158  1.292186E-18
12616.9803729822  3.247558E-18
12621.1941705486  5.266492E-18
12625.4079681151  6.432197E-18
12629.6217656815  6.177221E-18
12633.8355632479  4.988103E-18
12638.0493608144  3.125122E-18
12642.2631583808  9.411556E-19
12646.4769559472  -1.086031E-18
12650.6907535137  -2.470709E-18
12654.9045510801  -2.756378E-18
12659.1183486466  -2.306109E-18
12663.332146213  -1.411782E-18
12667.5459437794  -4.131219E-19
12671.7597413459  4.637210E-19
12675.9735389123  9.920944E-19
12680.1873364788  9.001752E-19
12684.4011340452  3.641368E-19
12688.6149316116  -3.901745E-19
12692.8287291781  -1.152643E-18
12697.0425267445  -1.654832E-18
12701.2563243109  -1.653410E-18
12705.4701218774  -8.151175E-19
12709.6839194438  6.845896E-19
12713.8977170103  2.428299E-18
12718.1115145767  4.031534E-18
12722.3253121431  5.192597E-18
12726.5391097096  5.731563E-18
12730.752907276  5.400006E-18
12734.9667048424  4.223987E-18
12739.1805024089  2.704531E-18
12743.3942999753  1.276549E-18
12747.6080975418  3.125095E-19
12751.8218951082  -1.851497E-19
12756.0356926746  -1.419689E-19
12760.2494902411  4.571411E-19
12764.4632878075  1.293865E-18
12768.677085374  2.081771E-18
12772.8908829404  2.511847E-18
12777.1046805068  2.661166E-18
12781.3184780733  2.578153E-18
12785.5322756397  2.266688E-18
12789.7460732061  2.045460E-18
12793.9598707726  2.199673E-18
12798.173668339  3.197968E-18
12802.3874659055  4.516359E-18
12806.6012634719  5.549240E-18
12810.8150610383  5.550400E-18
12815.0288586048  4.667430E-18
12819.2426561712  3.350395E-18
12823.4564537376  1.977919E-18
12827.6702513041  8.671246E-19
12831.8840488705  2.456416E-19
12836.097846437  4.759149E-19
12840.3116440034  1.474603E-18
12844.5254415698  2.567479E-18
12848.7392391363  3.136269E-18
12852.9530367027  2.819378E-18
12857.1668342691  2.091683E-18
12861.3806318356  1.260548E-18
12865.594429402  6.366329E-19
12869.8082269685  1.923341E-19
12874.0220245349  -2.189272E-20
12878.2358221013  2.534470E-20
12882.4496196678  2.565427E-19
12886.6634172342  5.882941E-19
12890.8772148006  9.195335E-19
12895.0910123671  1.205406E-18
12899.3048099335  1.398540E-18
12903.5186075  1.449534E-18
12907.7324050664  1.356176E-18
12911.9462026328  1.128712E-18
12916.1600001993  7.928478E-19
12920.3737977657  3.630374E-19
12924.5875953321  -1.391456E-19
12928.8013928986  -7.121879E-19
12933.015190465  -1.263877E-18
12937.2289880315  -1.668538E-18
12941.4427855979  -1.790247E-18
12945.6565831643  -1.619060E-18
12949.8703807308  -1.274288E-18
12954.0841782972  -8.513328E-19
12958.2979758636  -4.431015E-19
12962.5117734301  -1.134164E-19
12966.7255709965  5.407237E-20
12970.939368563  1.875648E-20
12975.1531661294  -8.217541E-20
12979.3669636958  -1.357729E-19
12983.5807612623  -3.190207E-20
12987.7945588287  1.155521E-19
12992.0083563952  2.309055E-19
12996.2221539616  2.296459E-19
13000.435951528  1.354846E-19
13004.6497490945  -3.636721E-20
13008.8635466609  -2.779443E-19
13013.0773442273  -5.151578E-19
13017.2911417938  -6.768028E-19
13021.5049393602  -6.781899E-19
13025.7187369267  -5.390738E-19
13029.9325344931  -3.007190E-19
13034.1463320595  1.030381E-20
13038.360129626  3.197726E-19
13042.5739271924  5.459584E-19
13046.7877247588  5.782815E-19
13051.0015223253  4.455624E-19
13055.2153198917  2.762917E-19
13059.4291174582  1.890411E-19
13063.6429150246  2.464343E-19
13067.856712591  4.148540E-19
13072.0705101575  6.857748E-19
13076.2843077239  1.025996E-18
13080.4981052903  1.354485E-18
13084.7119028568  1.595607E-18
13088.9257004232  1.683852E-18
13093.1394979897  1.627007E-18
13097.3532955561  1.427748E-18
13101.5670931225  1.098455E-18
13105.780890689  7.180918E-19
13109.9946882554  3.553408E-19
13114.2084858218  5.616746E-20
13118.4222833883  -7.267818E-20
13122.6360809547  6.006113E-20
13126.8498785212  7.708197E-19
13131.0636760876  1.400360E-18
13135.277473654  1.371366E-18
13139.4912712205  1.598526E-19
13143.7050687869  -1.718028E-18
13147.9188663534  -3.274738E-18
13152.1326639198  -5.405761E-18
13156.3464614862  -4.035936E-18
13160.5602590527  6.569782E-18
13164.7740566191  3.452114E-17
13168.9878541855  7.556640E-17
13173.201651752  1.125403E-16
13177.4154493184  1.295834E-16
13181.6292468849  1.193190E-16
13185.8430444513  9.447929E-17
13190.0568420177  6.383095E-17
13194.2706395842  3.606337E-17
13198.4844371506  1.281761E-17
13202.698234717  -2.358636E-18
13206.9120322835  -6.735457E-18
13211.1258298499  -4.840473E-18
13215.3396274164  -7.076460E-19
13219.5534249828  7.481478E-19
13223.7672225492  8.371256E-19
13227.9810201157  2.444934E-19
13232.1948176821  -1.110174E-19
13236.4086152485  -3.570210E-19
13240.622412815  -4.829022E-19
13244.8362103814  -2.778073E-19
13249.0500079479  1.329774E-19
13253.2638055143  5.755041E-19
13257.4776030807  8.450839E-19
13261.6914006472  9.318567E-19
13265.9051982136  9.022966E-19
13270.1189957801  8.075058E-19
13274.3327933465  6.841027E-19
13278.5465909129  5.528514E-19
13282.7603884794  4.483098E-19
13286.9741860458  3.875684E-19
13291.1879836122  3.600020E-19
13295.4017811787  3.609595E-19
13299.6155787451  3.789622E-19
13303.8293763116  3.876294E-19
13308.043173878  3.595003E-19
13312.2569714444  2.743520E-19
13316.4707690109  1.915033E-19
13320.6845665773  1.559166E-19
13324.8983641437  2.145817E-19
13329.1121617102  3.292468E-19
13333.3259592766  4.706823E-19
13337.539756843  6.109100E-19
13341.7535544095  7.106098E-19
13345.9673519759  7.347642E-19
13350.1811495424  6.292780E-19
13354.3949471088  4.578105E-19
13358.6087446752  2.913386E-19
13362.8225422417  2.218860E-19
13367.0363398081  2.286536E-19
13371.2501373746  2.614457E-19
13375.463934941  2.749550E-19
13379.6777325074  2.479892E-19
13383.8915300739  1.778305E-19
13388.1053276403  3.854022E-20
13392.3191252067  -1.379997E-19
13396.5329227732  -2.580100E-19
13400.7467203396  -2.233658E-19
13404.9605179061  -8.096533E-21
13409.1743154725  2.348932E-19
13413.3881130389  3.826493E-19
13417.6019106054  3.407742E-19
13421.8157081718  2.241544E-19
13426.0295057382  1.087991E-19
13430.2433033047  7.636914E-20
13434.4571008711  8.184293E-20
13438.6708984376  1.018401E-19
