3400.  1.560270E-16
3403.6970780038  1.656429E-16
3407.39415600761  1.318757E-16
3411.09123401141  1.276694E-16
3414.78831201522  1.161746E-16
3418.48539001902  1.191201E-16
3422.18246802282  1.618933E-16
3425.87954602663  1.420693E-16
3429.57662403043  1.070402E-16
3433.27370203423  1.024590E-16
3436.97078003804  1.147245E-16
3440.66785804184  1.039223E-16
3444.36493604564  1.129605E-16
3448.06201404945  9.326790E-17
3451.75909205325  5.154734E-17
3455.45617005706  7.380909E-17
3459.15324806086  1.018231E-16
3462.85032606466  1.042512E-16
3466.54740406847  1.225748E-16
3470.24448207227  1.120822E-16
3473.94156007607  8.280926E-17
3477.63863807988  8.614741E-17
3481.33571608368  1.296761E-16
3485.03279408749  1.666170E-16
3488.72987209129  1.305112E-16
3492.42695009509  9.868276E-17
3496.1240280989  1.139040E-16
3499.8211061027  1.041571E-16
3503.5181841065  9.832446E-17
3507.21526211031  9.890580E-17
3510.91234011411  1.234015E-16
3514.60941811791  1.370232E-16
3518.30649612172  1.116321E-16
3522.00357412552  9.469272E-17
3525.70065212933  1.107760E-16
3529.39773013313  1.001624E-16
3533.09480813693  8.532233E-17
3536.79188614074  8.018520E-17
3540.48896414454  7.609207E-17
3544.18604214834  7.232373E-17
3547.88312015215  8.322962E-17
3551.58019815595  9.819263E-17
3555.27727615976  1.022770E-16
3558.97435416356  1.247914E-16
3562.67143216736  1.321272E-16
3566.36851017117  1.349439E-16
3570.06558817497  1.359095E-16
3573.76266617877  1.503282E-16
3577.45974418258  1.445027E-16
3581.15682218638  1.147587E-16
3584.85390019019  1.272975E-16
3588.55097819399  1.481333E-16
3592.24805619779  1.313365E-16
3595.9451342016  1.238526E-16
3599.6422122054  1.161625E-16
3603.3392902092  1.306783E-16
3607.03636821301  1.338760E-16
3610.73344621681  1.160955E-16
3614.43052422062  1.492693E-16
3618.12760222442  1.543633E-16
3621.82468022822  1.228018E-16
3625.52175823203  1.420318E-16
3629.21883623583  1.291529E-16
3632.91591423963  1.286209E-16
3636.61299224344  1.366826E-16
3640.31007024724  1.231510E-16
3644.00714825104  1.177313E-16
3647.70422625485  1.179107E-16
3651.40130425865  9.700511E-17
3655.09838226246  8.198168E-17
3658.79546026626  9.209489E-17
3662.49253827006  9.631686E-17
3666.18961627387  1.261385E-16
3669.88669427767  1.361989E-16
3673.58377228148  1.373265E-16
3677.28085028528  1.317356E-16
3680.97792828908  9.682389E-17
3684.67500629289  1.067067E-16
3688.37208429669  1.308374E-16
3692.06916230049  1.215972E-16
3695.7662403043  1.473550E-16
3699.4633183081  1.488237E-16
3703.1603963119  1.395800E-16
3706.85747431571  1.384209E-16
3710.55455231951  1.122221E-16
3714.25163032332  1.172092E-16
3717.94870832712  1.138148E-16
3721.64578633092  1.193066E-16
3725.34286433473  1.331614E-16
3729.03994233853  1.240882E-16
3732.73702034233  1.193308E-16
3736.43409834614  1.301054E-16
3740.13117634994  1.236498E-16
3743.82825435375  1.338027E-16
3747.52533235755  1.458140E-16
3751.22241036135  1.467503E-16
3754.91948836516  1.249287E-16
3758.61656636896  1.198869E-16
3762.31364437276  1.289020E-16
3766.01072237657  1.405920E-16
3769.70780038037  1.130877E-16
3773.40487838417  1.197093E-16
3777.10195638798  1.443538E-16
3780.79903439178  1.279508E-16
3784.49611239559  1.282099E-16
3788.19319039939  1.215368E-16
3791.89026840319  1.077896E-16
3795.587346407  1.353396E-16
3799.2844244108  1.348191E-16
3802.98150241461  1.177098E-16
3806.67858041841  1.202884E-16
3810.37565842221  1.449858E-16
3814.07273642602  1.465218E-16
3817.76981442982  1.445120E-16
3821.46689243362  1.571206E-16
3825.16397043743  1.587090E-16
3828.86104844123  1.732852E-16
3832.55812644503  1.536683E-16
3836.25520444884  1.477981E-16
3839.95228245264  1.242884E-16
3843.64936045645  1.331612E-16
3847.34643846025  1.455575E-16
3851.04351646405  1.497513E-16
3854.74059446786  1.496095E-16
3858.43767247166  1.629980E-16
3862.13475047546  1.587611E-16
3865.83182847927  1.493090E-16
3869.52890648307  1.458672E-16
3873.22598448688  1.400232E-16
3876.92306249068  1.526020E-16
3880.62014049448  1.598407E-16
3884.31721849829  1.497890E-16
3888.01429650209  1.536570E-16
3891.71137450589  1.773338E-16
3895.4084525097  1.734159E-16
3899.1055305135  1.728628E-16
3902.80260851731  1.760771E-16
3906.49968652111  1.705357E-16
3910.19676452491  1.605977E-16
3913.89384252872  1.555827E-16
3917.59092053252  1.597785E-16
3921.28799853632  1.614751E-16
3924.98507654013  1.546045E-16
3928.68215454393  1.667386E-16
3932.37923254774  1.853722E-16
3936.07631055154  1.886138E-16
3939.77338855534  1.876538E-16
3943.47046655915  1.815195E-16
3947.16754456295  1.882562E-16
3950.86462256675  2.052094E-16
3954.56170057056  2.004415E-16
3958.25877857436  1.811219E-16
3961.95585657816  1.793167E-16
3965.65293458197  1.937982E-16
3969.35001258577  2.080423E-16
3973.04709058958  1.972573E-16
3976.74416859338  1.971562E-16
3980.44124659718  2.073188E-16
3984.13832460099  2.020338E-16
3987.83540260479  1.985520E-16
3991.53248060859  2.032876E-16
3995.2295586124  1.925521E-16
3998.9266366162  1.886310E-16
4002.62371462001  1.948454E-16
4006.32079262381  2.029304E-16
4010.01787062761  2.235132E-16
4013.71494863142  2.230989E-16
4017.41202663522  2.071146E-16
4021.10910463902  1.985756E-16
4024.80618264283  1.950361E-16
4028.50326064663  1.841289E-16
4032.20033865044  1.771738E-16
4035.89741665424  1.745419E-16
4039.59449465804  1.935132E-16
4043.29157266185  2.136383E-16
4046.98865066565  1.963068E-16
4050.68572866945  1.916379E-16
4054.38280667326  1.915026E-16
4058.07988467706  1.866317E-16
4061.77696268087  1.817301E-16
4065.47404068467  1.778486E-16
4069.17111868847  1.847331E-16
4072.86819669228  2.057248E-16
4076.56527469608  1.942264E-16
4080.26235269988  1.870173E-16
4083.95943070369  2.130003E-16
4087.65650870749  2.167299E-16
4091.35358671129  2.020379E-16
4095.0506647151  2.063224E-16
4098.7477427189  2.110497E-16
4102.44482072271  2.097344E-16
4106.14189872651  2.053036E-16
4109.83897673031  1.922294E-16
4113.53605473412  2.070500E-16
4117.23313273792  2.202481E-16
4120.93021074172  2.097755E-16
4124.62728874553  2.129748E-16
4128.32436674933  2.242762E-16
4132.02144475314  2.095472E-16
4135.71852275694  1.924956E-16
4139.41560076074  1.935620E-16
4143.11267876455  2.055259E-16
4146.80975676835  2.055863E-16
4150.50683477215  1.918789E-16
4154.20391277596  1.920192E-16
4157.90099077976  1.903019E-16
4161.59806878357  1.797954E-16
4165.29514678737  2.007323E-16
4168.99222479117  2.088143E-16
4172.68930279498  1.787958E-16
4176.38638079878  1.811722E-16
4180.08345880258  1.871817E-16
4183.78053680639  1.800556E-16
4187.47761481019  1.799602E-16
4191.174692814  1.807268E-16
4194.8717708178  1.772631E-16
4198.5688488216  1.664785E-16
4202.26592682541  1.716360E-16
4205.96300482921  1.570329E-16
4209.66008283301  1.497756E-16
4213.35716083682  1.712106E-16
4217.05423884062  1.731648E-16
4220.75131684442  1.702994E-16
4224.44839484823  1.666854E-16
4228.14547285203  1.583939E-16
4231.84255085584  1.532375E-16
4235.53962885964  1.495942E-16
4239.23670686344  1.551998E-16
4242.93378486725  1.544225E-16
4246.63086287105  1.380757E-16
4250.32794087486  1.327580E-16
4254.02501887866  1.255809E-16
4257.72209688246  1.283774E-16
4261.41917488627  1.317412E-16
4265.11625289007  1.460876E-16
4268.81333089387  1.458437E-16
4272.51040889768  1.291056E-16
4276.20748690148  1.280105E-16
4279.90456490528  1.421647E-16
4283.60164290909  1.424737E-16
4287.29872091289  1.361641E-16
4290.9957989167  1.344630E-16
4294.6928769205  1.368500E-16
4298.3899549243  1.376237E-16
4302.08703292811  1.387455E-16
4305.78411093191  1.347605E-16
4309.48118893571  1.415500E-16
4313.17826693952  1.504915E-16
4316.87534494332  1.610013E-16
4320.57242294713  1.589318E-16
4324.26950095093  1.602890E-16
4327.96657895473  1.640641E-16
4331.66365695854  1.564596E-16
4335.36073496234  1.674446E-16
4339.05781296614  1.845111E-16
4342.75489096995  1.864708E-16
4346.45196897375  1.823140E-16
4350.14904697755  1.821548E-16
4353.84612498136  1.828648E-16
4357.54320298516  1.852018E-16
4361.24028098897  1.840202E-16
4364.93735899277  1.848934E-16
4368.63443699657  1.816836E-16
4372.33151500038  1.879875E-16
4376.02859300418  1.958332E-16
4379.72567100798  1.976642E-16
4383.42274901179  1.938194E-16
4387.11982701559  1.943409E-16
4390.8169050194  1.954772E-16
4394.5139830232  1.985397E-16
4398.211061027  1.827885E-16
4401.90813903081  1.800301E-16
4405.60521703461  2.143390E-16
4409.30229503841  2.234125E-16
4412.99937304222  2.131266E-16
4416.69645104602  1.986265E-16
4420.39352904983  1.956905E-16
4424.09060705363  2.076475E-16
4427.78768505743  2.185537E-16
4431.48476306124  2.098507E-16
4435.18184106504  2.069834E-16
4438.87891906884  2.045681E-16
4442.57599707265  2.058739E-16
4446.27307507645  2.123384E-16
4449.97015308026  2.037737E-16
4453.66723108406  1.946672E-16
4457.36430908786  1.927550E-16
4461.06138709167  1.879507E-16
4464.75846509547  1.912753E-16
4468.45554309927  1.911460E-16
4472.15262110308  1.886218E-16
4475.84969910688  1.912912E-16
4479.54677711068  1.916125E-16
4483.24385511449  1.910501E-16
4486.94093311829  1.987629E-16
4490.6380111221  1.830376E-16
4494.3350891259  1.706005E-16
4498.0321671297  1.711403E-16
4501.72924513351  1.623508E-16
4505.42632313731  1.552850E-16
4509.12340114111  1.608269E-16
4512.82047914492  1.654877E-16
4516.51755714872  1.634982E-16
4520.21463515252  1.672518E-16
4523.91171315633  1.710965E-16
4527.60879116013  1.570481E-16
4531.30586916394  1.630715E-16
4535.00294716774  1.730936E-16
4538.70002517154  1.734037E-16
4542.39710317535  1.825812E-16
4546.09418117915  1.826438E-16
4549.79125918295  1.740336E-16
4553.48833718676  1.672474E-16
4557.18541519056  1.630803E-16
4560.88249319437  1.664396E-16
4564.57957119817  1.697654E-16
4568.27664920198  1.537670E-16
4571.97372720578  1.526609E-16
4575.67080520958  1.585246E-16
4579.36788321339  1.560755E-16
4583.06496121719  1.533593E-16
4586.76203922099  1.546915E-16
4590.4591172248  1.634780E-16
4594.1561952286  1.646449E-16
4597.8532732324  1.599176E-16
4601.55035123621  1.621916E-16
4605.24742924001  1.646227E-16
4608.94450724382  1.636291E-16
4612.64158524762  1.551435E-16
4616.33866325142  1.515216E-16
4620.03574125523  1.506459E-16
4623.73281925903  1.619121E-16
4627.42989726283  1.695311E-16
4631.12697526664  1.608876E-16
4634.82405327044  1.671157E-16
4638.52113127425  1.666290E-16
4642.21820927805  1.553248E-16
4645.91528728185  1.597305E-16
4649.61236528566  1.647242E-16
4653.30944328946  1.577663E-16
4657.00652129326  1.681546E-16
4660.70359929707  1.648575E-16
4664.40067730087  1.572434E-16
4668.09775530467  1.716738E-16
4671.79483330848  1.810077E-16
4675.49191131228  1.766210E-16
4679.18898931609  1.746017E-16
4682.88606731989  1.784428E-16
4686.58314532369  1.854671E-16
4690.2802233275  1.805414E-16
4693.9773013313  1.779176E-16
4697.67437933511  1.728253E-16
4701.37145733891  1.697635E-16
4705.06853534271  1.686266E-16
4708.76561334652  1.664049E-16
4712.46269135032  1.640512E-16
4716.15976935412  1.626513E-16
4719.85684735793  1.611817E-16
4723.55392536173  1.815957E-16
4727.25100336553  1.819666E-16
4730.94808136934  1.631480E-16
4734.64515937314  1.578720E-16
4738.34223737695  1.521801E-16
4742.03931538075  1.567701E-16
4745.73639338455  1.548605E-16
4749.43347138836  1.579858E-16
4753.13054939216  1.598680E-16
4756.82762739596  1.552244E-16
4760.52470539977  1.614177E-16
4764.22178340357  1.623709E-16
4767.91886140737  1.636846E-16
4771.61593941118  1.582412E-16
4775.31301741498  1.518788E-16
4779.01009541879  1.594851E-16
4782.70717342259  1.679072E-16
4786.40425142639  1.725886E-16
4790.1013294302  1.635217E-16
4793.798407434  1.604375E-16
4797.4954854378  1.666134E-16
4801.19256344161  1.631514E-16
4804.88964144541  1.629097E-16
4808.58671944922  1.637164E-16
4812.28379745302  1.728647E-16
4815.98087545682  1.703510E-16
4819.67795346063  1.643577E-16
4823.37503146443  1.612270E-16
4827.07210946823  1.627857E-16
4830.76918747204  1.527971E-16
4834.46626547584  1.461044E-16
4838.16334347965  1.469865E-16
4841.86042148345  1.424682E-16
4845.55749948725  1.409699E-16
4849.25457749106  1.476945E-16
4852.95165549486  1.463164E-16
4856.64873349866  1.422458E-16
4860.34581150247  1.360124E-16
4864.04288950627  1.394444E-16
4867.73996751008  1.382024E-16
4871.43704551388  1.365024E-16
4875.13412351768  1.371408E-16
4878.83120152149  1.333071E-16
4882.52827952529  1.326566E-16
4886.22535752909  1.311470E-16
4889.9224355329  1.258060E-16
4893.6195135367  1.311446E-16
4897.3165915405  1.380532E-16
4901.01366954431  1.316219E-16
4904.71074754811  1.331466E-16
4908.40782555192  1.369380E-16
4912.10490355572  1.382726E-16
4915.80198155952  1.340262E-16
4919.49905956333  1.310418E-16
4923.19613756713  1.247071E-16
4926.89321557093  1.202874E-16
4930.59029357474  1.319830E-16
4934.28737157854  1.278830E-16
4937.98444958235  1.210592E-16
4941.68152758615  1.344540E-16
4945.37860558995  1.356509E-16
4949.07568359376  1.288593E-16
4952.77276159756  1.274352E-16
4956.46983960136  1.311230E-16
4960.16691760517  1.368999E-16
4963.86399560897  1.406078E-16
4967.56107361277  1.427742E-16
4971.25815161658  1.426538E-16
4974.95522962038  1.490565E-16
4978.65230762419  1.648740E-16
4982.34938562799  1.487543E-16
4986.04646363179  1.485233E-16
4989.7435416356  1.626251E-16
4993.4406196394  1.691587E-16
4997.13769764321  1.679857E-16
5000.83477564701  1.732002E-16
5004.53185365081  1.786316E-16
5008.22893165462  1.743072E-16
5011.92600965842  1.824584E-16
5015.62308766223  1.872483E-16
5019.32016566603  1.805981E-16
5023.01724366983  1.779818E-16
5026.71432167364  1.840245E-16
5030.41139967744  1.940347E-16
5034.10847768124  1.932788E-16
5037.80555568505  1.895047E-16
5041.50263368885  1.915080E-16
5045.19971169265  1.973873E-16
5048.89678969646  2.042213E-16
5052.59386770026  2.110846E-16
5056.29094570407  2.042405E-16
5059.98802370787  2.081424E-16
5063.68510171167  2.059899E-16
5067.38217971548  2.082504E-16
5071.07925771928  2.092569E-16
5074.77633572308  2.041221E-16
5078.47341372689  2.196352E-16
5082.17049173069  2.231353E-16
5085.86756973449  2.219802E-16
5089.5646477383  2.234300E-16
5093.2617257421  2.275770E-16
5096.9588037459  2.372014E-16
5100.65588174971  2.254559E-16
5104.35295975351  2.207535E-16
5108.05003775732  2.142867E-16
5111.74711576112  2.193508E-16
5115.44419376492  2.234350E-16
5119.14127176873  2.191144E-16
5122.83834977253  2.164895E-16
5126.53542777634  2.211791E-16
5130.23250578014  2.243714E-16
5133.92958378394  2.159260E-16
5137.62666178775  2.163260E-16
5141.32373979155  2.222401E-16
5145.02081779535  2.205904E-16
5148.71789579916  2.190783E-16
5152.41497380296  2.271913E-16
5156.11205180677  2.360080E-16
5159.80912981057  2.300293E-16
5163.50620781437  2.251306E-16
5167.20328581818  2.159556E-16
5170.90036382198  2.171876E-16
5174.59744182578  2.335672E-16
5178.29451982959  2.370882E-16
5181.99159783339  2.276287E-16
5185.6886758372  2.129827E-16
5189.385753841  2.160613E-16
5193.0828318448  2.213432E-16
5196.77990984861  2.072431E-16
5200.47698785241  2.044945E-16
5204.17406585621  2.130565E-16
5207.87114386002  2.018796E-16
5211.56822186382  1.909135E-16
5215.26529986762  2.051679E-16
5218.96237787143  2.088843E-16
5222.65945587523  1.995802E-16
5226.35653387904  1.932912E-16
5230.05361188284  1.899038E-16
5233.75068988664  1.917612E-16
5237.44776789045  1.859978E-16
5241.14484589425  1.864105E-16
5244.84192389806  1.896905E-16
5248.53900190186  1.908968E-16
5252.23607990566  1.945867E-16
5255.93315790947  1.998536E-16
5259.63023591327  2.089133E-16
5263.32731391707  2.043637E-16
5267.02439192088  1.996218E-16
5270.72146992468  2.034560E-16
5274.41854792848  2.018442E-16
5278.11562593229  1.950488E-16
5281.81270393609  1.921153E-16
5285.5097819399  1.919889E-16
5289.2068599437  1.937261E-16
5292.9039379475  1.910560E-16
5296.60101595131  1.902309E-16
5300.29809395511  1.873450E-16
5303.99517195891  1.757541E-16
5307.69224996272  1.713293E-16
5311.38932796652  1.612434E-16
5315.08640597033  1.560330E-16
5318.78348397413  1.591454E-16
5322.48056197793  1.609605E-16
5326.17763998174  1.553204E-16
5329.87471798554  1.429719E-16
5333.57179598934  1.416257E-16
5337.26887399315  1.442261E-16
5340.96595199695  1.372535E-16
5344.66303000075  1.343417E-16
5348.36010800456  1.345593E-16
5352.05718600836  1.354955E-16
5355.75426401217  1.458995E-16
5359.45134201597  1.503706E-16
5363.14842001977  1.478183E-16
5366.84549802358  1.468718E-16
5370.54257602738  1.458642E-16
5374.23965403118  1.520631E-16
5377.93673203499  1.572116E-16
5381.63381003879  1.477809E-16
5385.3308880426  1.414962E-16
5389.0279660464  1.456751E-16
5392.7250440502  1.510247E-16
5396.42212205401  1.469143E-16
5400.11920005781  1.309098E-16
5403.81627806161  1.271975E-16
5407.51335606542  1.341012E-16
5411.21043406922  1.269872E-16
5414.90751207303  1.226561E-16
5418.60459007683  1.313525E-16
5422.30166808063  1.290579E-16
5425.99874608444  1.183270E-16
5429.69582408824  1.174391E-16
5433.39290209204  1.257757E-16
5437.08998009585  1.290921E-16
5440.78705809965  1.209243E-16
5444.48413610345  1.115150E-16
5448.18121410726  1.112972E-16
5451.87829211106  1.186286E-16
5455.57537011487  1.202891E-16
5459.27244811867  1.218374E-16
5462.96952612247  1.274759E-16
5466.66660412628  1.363748E-16
5470.36368213008  1.378512E-16
5474.06076013388  1.380640E-16
5477.75783813769  1.333648E-16
5481.45491614149  1.319528E-16
5485.1519941453  1.380773E-16
5488.8490721491  1.434767E-16
5492.5461501529  1.454612E-16
5496.24322815671  1.326365E-16
5499.94030616051  1.318375E-16
5503.63738416432  1.346656E-16
5507.33446216812  1.318532E-16
5511.03154017192  1.369716E-16
5514.72861817573  1.409328E-16
5518.42569617953  1.378152E-16
5522.12277418333  1.397950E-16
5525.81985218714  1.433117E-16
5529.51693019094  1.438876E-16
5533.21400819474  1.403773E-16
5536.91108619855  1.314942E-16
5540.60816420235  1.359292E-16
5544.30524220616  1.376348E-16
5548.00232020996  1.300564E-16
5551.69939821376  1.334803E-16
5555.39647621757  1.377251E-16
5559.09355422137  1.414032E-16
5562.79063222517  1.378061E-16
5566.48771022898  1.425442E-16
5570.18478823278  1.419788E-16
5573.88186623659  1.221638E-16
5577.57894424039  1.210823E-16
5581.27602224419  1.339119E-16
5584.973100248  1.275099E-16
5588.6701782518  1.136080E-16
5592.3672562556  1.185810E-16
5596.06433425941  1.308341E-16
5599.76141226321  1.313807E-16
5603.45849026702  1.247280E-16
5607.15556827082  1.210658E-16
5610.85264627462  1.195028E-16
5614.54972427843  1.195705E-16
5618.24680228223  1.264954E-16
5621.94388028603  1.325899E-16
5625.64095828984  1.278283E-16
5629.33803629364  1.267149E-16
5633.03511429745  1.391733E-16
5636.73219230125  1.370182E-16
5640.42927030505  1.337040E-16
5644.12634830885  1.412274E-16
5647.82342631266  1.395099E-16
5651.52050431646  1.466561E-16
5655.21758232027  1.501000E-16
5658.91466032407  1.470599E-16
5662.61173832787  1.528590E-16
5666.30881633168  1.535351E-16
5670.00589433548  1.474253E-16
5673.70297233929  1.438815E-16
5677.40005034309  1.444771E-16
5681.09712834689  1.445948E-16
5684.7942063507  1.425840E-16
5688.4912843545  1.499687E-16
5692.1883623583  1.533269E-16
5695.88544036211  1.486161E-16
5699.58251836591  1.503137E-16
5703.27959636972  1.545766E-16
5706.97667437352  1.564226E-16
5710.67375237732  1.534084E-16
5714.37083038113  1.522345E-16
5718.06790838493  1.549511E-16
5721.76498638873  1.522163E-16
5725.46206439254  1.456366E-16
5729.15914239634  1.497197E-16
5732.85622040014  1.439718E-16
5736.55329840395  1.385457E-16
5740.25037640775  1.481572E-16
5743.94745441156  1.541032E-16
5747.64453241536  1.511788E-16
5751.34161041916  1.461321E-16
5755.03868842297  1.496717E-16
5758.73576642677  1.530910E-16
5762.43284443057  1.466922E-16
5766.12992243438  1.488780E-16
5769.82700043818  1.491432E-16
5773.52407844199  1.460724E-16
5777.22115644579  1.398819E-16
5780.91823444959  1.447851E-16
5784.6153124534  1.592441E-16
5788.3123904572  1.742972E-16
5792.009468461  1.747868E-16
5795.70654646481  1.668328E-16
5799.40362446861  1.689440E-16
5803.10070247242  1.707024E-16
5806.79778047622  1.706509E-16
5810.49485848002  1.658972E-16
5814.19193648383  1.683930E-16
5817.88901448763  1.789941E-16
5821.58609249144  1.751022E-16
5825.28317049524  1.661236E-16
5828.98024849904  1.672510E-16
5832.67732650284  1.735256E-16
5836.37440450665  1.765428E-16
5840.07148251045  1.774393E-16
5843.76856051426  1.780721E-16
5847.46563851806  1.834313E-16
5851.16271652186  1.805564E-16
5854.85979452567  1.705416E-16
5858.55687252947  1.713133E-16
5862.25395053327  1.692780E-16
5865.95102853708  1.746223E-16
5869.64810654088  1.732741E-16
5873.34518454469  1.776495E-16
5877.04226254849  1.868802E-16
5880.73934055229  1.783427E-16
5884.4364185561  1.668442E-16
5888.1334965599  1.660310E-16
5891.8305745637  1.700339E-16
5895.52765256751  1.693112E-16
5899.22473057131  1.725003E-16
5902.92180857512  1.718141E-16
5906.61888657892  1.736160E-16
5910.31596458272  1.766102E-16
5914.01304258653  1.806409E-16
5917.71012059033  1.775605E-16
5921.40719859413  1.723947E-16
5925.10427659794  1.682497E-16
5928.80135460174  1.645105E-16
5932.49843260555  1.739948E-16
5936.19551060935  1.690325E-16
5939.89258861315  1.588828E-16
5943.58966661696  1.627242E-16
5947.28674462076  1.673193E-16
5950.98382262456  1.589115E-16
5954.68090062837  1.596756E-16
5958.37797863217  1.651259E-16
5962.07505663597  1.722497E-16
5965.77213463978  1.693958E-16
5969.46921264358  1.646096E-16
5973.16629064739  1.639266E-16
5976.86336865119  1.556971E-16
5980.56044665499  1.542607E-16
5984.2575246588  1.568590E-16
5987.9546026626  1.585238E-16
5991.6516806664  1.622634E-16
5995.34875867021  1.567106E-16
5999.04583667401  1.609335E-16
6002.74291467782  1.630717E-16
6006.43999268162  1.583347E-16
6010.13707068542  1.564809E-16
6013.83414868923  1.499568E-16
6017.53122669303  1.520463E-16
6021.22830469684  1.578259E-16
6024.92538270064  1.576130E-16
6028.62246070444  1.556504E-16
6032.31953870825  1.601658E-16
6036.01661671205  1.571244E-16
6039.71369471585  1.534209E-16
6043.41077271966  1.558033E-16
6047.10785072346  1.612619E-16
6050.80492872727  1.552476E-16
6054.50200673107  1.555006E-16
6058.19908473487  1.534427E-16
6061.89616273868  1.500802E-16
6065.59324074248  1.528970E-16
6069.29031874628  1.521486E-16
6072.98739675009  1.495155E-16
6076.68447475389  1.562957E-16
6080.38155275769  1.573587E-16
6084.0786307615  1.496774E-16
6087.7757087653  1.479933E-16
6091.47278676911  1.437570E-16
6095.16986477291  1.356554E-16
6098.86694277671  1.424698E-16
6102.56402078052  1.502295E-16
6106.26109878432  1.430036E-16
6109.95817678812  1.346970E-16
6113.65525479193  1.388988E-16
6117.35233279573  1.501474E-16
6121.04941079954  1.504836E-16
6124.74648880334  1.459656E-16
6128.44356680714  1.445118E-16
6132.14064481095  1.479723E-16
6135.83772281475  1.511778E-16
6139.53480081855  1.479030E-16
6143.23187882236  1.414555E-16
6146.92895682616  1.436155E-16
6150.62603482996  1.464819E-16
6154.32311283377  1.364388E-16
6158.02019083757  1.276438E-16
6161.71726884138  1.396929E-16
6165.41434684518  1.355396E-16
6169.11142484898  1.304812E-16
6172.80850285279  1.404444E-16
6176.50558085659  1.393440E-16
6180.20265886039  1.335341E-16
6183.8997368642  1.328286E-16
6187.596814868  1.333989E-16
6191.29389287181  1.284504E-16
6194.99097087561  1.273616E-16
6198.68804887941  1.257403E-16
6202.38512688322  1.147396E-16
6206.08220488702  1.224584E-16
6209.77928289083  1.252522E-16
6213.47636089463  1.188439E-16
6217.17343889843  1.284053E-16
6220.87051690224  1.238236E-16
6224.56759490604  1.218005E-16
6228.26467290984  1.240748E-16
6231.96175091365  1.182122E-16
6235.65882891745  1.123960E-16
6239.35590692125  1.149590E-16
6243.05298492506  1.164368E-16
6246.75006292886  1.179880E-16
6250.44714093267  1.221886E-16
6254.14421893647  1.184406E-16
6257.84129694027  1.145439E-16
6261.53837494408  1.069043E-16
6265.23545294788  1.144671E-16
6268.93253095168  1.120974E-16
6272.62960895549  1.104655E-16
6276.32668695929  1.083628E-16
6280.02376496309  1.060023E-16
6283.7208429669  1.084761E-16
6287.4179209707  1.023382E-16
6291.11499897451  1.057034E-16
6294.81207697831  1.126575E-16
6298.50915498212  1.166124E-16
6302.20623298592  1.103273E-16
6305.90331098972  1.005747E-16
6309.60038899352  1.048834E-16
6313.29746699733  1.075279E-16
6316.99454500113  1.074823E-16
6320.69162300494  1.022904E-16
6324.38870100874  1.016836E-16
6328.08577901254  1.085050E-16
6331.78285701635  1.093943E-16
6335.47993502015  1.121158E-16
6339.17701302395  1.121992E-16
6342.87409102776  1.071117E-16
6346.57116903156  1.006092E-16
6350.26824703536  1.090046E-16
6353.96532503917  1.182329E-16
6357.66240304297  1.146114E-16
6361.35948104678  1.082906E-16
6365.05655905058  1.078888E-16
6368.75363705438  1.004137E-16
6372.45071505819  9.660742E-17
6376.14779306199  9.759904E-17
6379.8448710658  1.022749E-16
6383.5419490696  1.037906E-16
6387.2390270734  1.073947E-16
6390.93610507721  1.077096E-16
6394.63318308101  1.050789E-16
6398.33026108481  1.082144E-16
6402.02733908862  1.023313E-16
6405.72441709242  9.278263E-17
6409.42149509623  9.906168E-17
6413.11857310003  1.006597E-16
6416.81565110383  1.011583E-16
6420.51272910764  9.948172E-17
6424.20980711144  9.866893E-17
6427.90688511524  1.060734E-16
6431.60396311905  1.104967E-16
6435.30104112285  9.862036E-17
6438.99811912666  1.019451E-16
6442.69519713046  1.027376E-16
6446.39227513426  1.047251E-16
6450.08935313807  1.042558E-16
6453.78643114187  9.967336E-17
6457.48350914567  1.012496E-16
6461.18058714948  1.035614E-16
6464.87766515328  1.085858E-16
6468.57474315708  1.011261E-16
6472.27182116089  9.676781E-17
6475.96889916469  9.567921E-17
6479.66597716849  9.779059E-17
6483.3630551723  9.577016E-17
6487.0601331761  9.526897E-17
6490.75721117991  9.146021E-17
6494.45428918371  9.320688E-17
6498.15136718751  9.039713E-17
6501.84844519132  9.226592E-17
6505.54552319512  9.015042E-17
6509.24260119893  9.026593E-17
6512.93967920273  8.932244E-17
6516.63675720653  9.150506E-17
6520.33383521034  9.204707E-17
6524.03091321414  8.975334E-17
6527.72799121794  8.838766E-17
6531.42506922175  8.735410E-17
6535.12214722555  8.657673E-17
6538.81922522935  8.529136E-17
6542.51630323316  9.703767E-17
6546.21338123696  1.010527E-16
6549.91045924077  9.497630E-17
6553.60753724457  9.127049E-17
6557.30461524837  9.560918E-17
6561.00169325218  9.829836E-17
6564.69877125598  8.942708E-17
6568.39584925978  8.569953E-17
6572.09292726359  9.273497E-17
6575.79000526739  9.037067E-17
6579.4870832712  8.359127E-17
6583.184161275  8.457723E-17
6586.8812392788  8.708591E-17
6590.57831728261  8.841563E-17
6594.27539528641  8.759031E-17
6597.97247329021  8.321636E-17
6601.66955129402  8.418195E-17
6605.36662929782  8.799133E-17
6609.06370730163  9.333768E-17
6612.76078530543  9.204012E-17
6616.45786330923  8.427955E-17
6620.15494131304  8.916126E-17
6623.85201931684  8.898082E-17
6627.54909732064  8.260580E-17
6631.24617532445  7.890011E-17
6634.94325332825  8.393015E-17
6638.64033133206  9.147667E-17
6642.33740933586  9.080095E-17
6646.03448733966  9.198063E-17
6649.73156534347  9.211735E-17
6653.42864334727  8.315852E-17
6657.12572135107  9.142475E-17
6660.82279935488  9.435264E-17
6664.51987735868  9.319990E-17
6668.21695536249  8.917865E-17
6671.91403336629  9.039431E-17
6675.61111137009  9.752033E-17
6679.3081893739  9.379103E-17
6683.0052673777  9.285584E-17
6686.7023453815  9.225295E-17
6690.39942338531  9.035704E-17
6694.09650138911  9.000494E-17
6697.79357939291  9.044717E-17
6701.49065739672  8.810194E-17
6705.18773540052  9.316519E-17
6708.88481340433  9.976175E-17
6712.58189140813  1.015162E-16
6716.27896941193  9.231066E-17
6719.97604741574  9.349051E-17
6723.67312541954  9.140223E-17
6727.37020342334  8.624454E-17
6731.06728142715  8.478287E-17
6734.76435943095  8.815264E-17
6738.46143743476  8.457424E-17
6742.15851543856  8.620564E-17
6745.85559344236  8.407676E-17
6749.55267144617  8.332602E-17
6753.24974944997  8.523241E-17
6756.94682745377  8.640880E-17
6760.64390545758  8.272334E-17
6764.34098346138  7.924681E-17
6768.03806146519  8.195819E-17
6771.73513946899  8.143646E-17
6775.43221747279  8.201975E-17
6779.1292954766  8.573689E-17
6782.8263734804  8.652843E-17
6786.5234514842  8.372352E-17
6790.22052948801  8.410995E-17
6793.91760749181  8.436522E-17
6797.61468549562  8.123328E-17
6801.31176349942  8.070331E-17
6805.00884150322  8.128045E-17
6808.70591950703  8.485584E-17
6812.40299751083  8.803787E-17
6816.10007551463  8.883315E-17
6819.79715351844  8.040490E-17
6823.49423152224  7.856347E-17
6827.19130952605  8.407552E-17
6830.88838752985  8.113914E-17
6834.58546553365  7.622751E-17
6838.28254353746  8.241432E-17
6841.97962154126  9.181625E-17
6845.67669954506  8.865166E-17
6849.37377754887  7.922295E-17
6853.07085555267  8.351687E-17
6856.76793355647  8.387772E-17
6860.46501156028  7.426242E-17
6864.16208956408  6.762875E-17
6867.85916756789  7.132945E-17
6871.55624557169  6.810528E-17
6875.25332357549  7.210822E-17
6878.9504015793  7.747174E-17
6882.6474795831  7.282935E-17
6886.3445575869  6.880004E-17
6890.04163559071  6.969911E-17
6893.73871359451  7.431348E-17
6897.43579159831  7.596552E-17
6901.13286960212  7.687306E-17
6904.82994760592  7.123293E-17
6908.52702560973  6.814306E-17
6912.22410361353  7.178246E-17
6915.92118161733  7.948656E-17
6919.61825962114  7.600349E-17
6923.31533762494  7.153625E-17
6927.01241562874  7.007241E-17
6930.70949363255  7.140861E-17
6934.40657163635  7.278569E-17
6938.10364964016  7.635641E-17
6941.80072764396  7.563701E-17
6945.49780564776  6.333613E-17
6949.19488365157  5.860448E-17
6952.89196165537  5.814675E-17
6956.58903965918  6.460758E-17
6960.28611766298  6.470782E-17
6963.98319566678  7.256755E-17
6967.68027367059  7.688963E-17
6971.37735167439  7.223793E-17
6975.07442967819  6.969396E-17
6978.771507682  5.933326E-17
6982.4685856858  6.045907E-17
6986.1656636896  6.690384E-17
6989.86274169341  6.772597E-17
6993.55981969721  6.157682E-17
6997.25689770102  6.771887E-17
7000.95397570482  7.203796E-17
7004.65105370862  6.978886E-17
7008.34813171243  6.854997E-17
7012.04520971623  6.867387E-17
7015.74228772003  6.790814E-17
7019.43936572384  6.966472E-17
7023.13644372764  7.317126E-17
7026.83352173145  7.525992E-17
7030.53059973525  7.209348E-17
7034.22767773905  7.656190E-17
7037.92475574286  8.315074E-17
7041.62183374666  8.258895E-17
7045.31891175046  7.695406E-17
7049.01598975427  7.475149E-17
7052.71306775807  7.380786E-17
7056.41014576188  7.888106E-17
7060.10722376568  8.360428E-17
7063.80430176948  8.796190E-17
7067.50137977329  8.996190E-17
7071.19845777709  8.331394E-17
7074.89553578089  7.825646E-17
7078.5926137847  8.020720E-17
7082.2896917885  8.464166E-17
7085.98676979231  8.985188E-17
7089.68384779611  9.480574E-17
7093.38092579991  9.937421E-17
7097.07800380371  9.507161E-17
7100.77508180752  8.875113E-17
7104.47215981132  9.467635E-17
7108.16923781513  9.560473E-17
7111.86631581893  9.578266E-17
7115.56339382274  9.774759E-17
7119.26047182654  1.050070E-16
7122.95754983034  1.059462E-16
7126.65462783415  9.969115E-17
7130.35170583795  9.925390E-17
7134.04878384175  9.982995E-17
7137.74586184556  1.007118E-16
7141.44293984936  9.999602E-17
7145.14001785317  1.023226E-16
7148.83709585697  1.036238E-16
7152.53417386077  1.005906E-16
7156.23125186458  9.846048E-17
7159.92832986838  1.039886E-16
7163.62540787218  1.099496E-16
7167.32248587599  1.082921E-16
7171.01956387979  1.064513E-16
7174.71664188359  1.055841E-16
7178.4137198874  1.003723E-16
7182.1107978912  1.040390E-16
7185.807875895  1.036906E-16
7189.50495389881  1.069311E-16
7193.20203190261  1.047883E-16
7196.89910990642  1.102718E-16
7200.59618791022  1.114566E-16
7204.29326591402  1.063902E-16
7207.99034391783  1.044881E-16
7211.68742192163  1.045845E-16
7215.38449992543  1.006236E-16
7219.08157792924  1.007204E-16
7222.77865593304  1.012957E-16
7226.47573393685  1.040238E-16
7230.17281194065  1.030658E-16
7233.86988994445  1.035914E-16
7237.56696794826  1.106197E-16
7241.26404595206  1.105817E-16
7244.96112395586  1.062047E-16
7248.65820195967  1.017066E-16
7252.35527996347  1.007357E-16
7256.05235796728  1.103841E-16
7259.74943597108  1.014389E-16
7263.44651397488  1.019431E-16
7267.14359197869  1.101420E-16
7270.84066998249  1.044773E-16
7274.53774798629  9.654055E-17
7278.2348259901  1.009733E-16
7281.9319039939  1.079917E-16
7285.6289819977  1.096242E-16
7289.32606000151  1.067940E-16
7293.02313800531  1.047966E-16
7296.72021600912  9.915944E-17
7300.41729401292  9.761654E-17
7304.11437201673  9.422252E-17
7307.81145002053  9.157279E-17
7311.50852802433  9.723284E-17
7315.20560602814  1.061529E-16
7318.90268403194  1.138548E-16
7322.59976203574  1.154968E-16
7326.29684003955  1.038375E-16
7329.99391804335  9.368919E-17
7333.69099604715  9.110119E-17
7337.38807405096  9.381835E-17
7341.08515205476  8.937708E-17
7344.78223005857  9.339757E-17
7348.47930806237  9.304034E-17
7352.17638606617  9.364492E-17
7355.87346406998  9.375828E-17
7359.57054207378  9.141451E-17
7363.26762007758  9.672188E-17
7366.96469808139  1.021410E-16
7370.66177608519  1.010718E-16
7374.35885408899  9.987317E-17
7378.0559320928  9.961479E-17
7381.7530100966  1.020259E-16
7385.4500881004  1.002274E-16
7389.14716610421  1.010834E-16
7392.84424410802  9.945616E-17
7396.54132211182  9.524028E-17
7400.23840011562  9.862112E-17
7403.93547811942  1.044403E-16
7407.63255612323  9.830005E-17
7411.32963412703  1.007497E-16
7415.02671213084  1.041111E-16
7418.72379013464  1.033326E-16
7422.42086813844  1.044154E-16
7426.11794614225  1.081692E-16
7429.81502414605  1.076327E-16
7433.51210214985  1.048286E-16
7437.20918015366  9.896921E-17
7440.90625815746  9.818851E-17
7444.60333616127  1.011277E-16
7448.30041416507  9.344837E-17
7451.99749216887  9.404823E-17
7455.69457017268  1.063390E-16
7459.39164817648  1.044793E-16
7463.08872618028  9.925725E-17
7466.78580418409  9.937593E-17
7470.48288218789  9.925111E-17
7474.17996019169  1.009604E-16
7477.8770381955  1.003241E-16
7481.5741161993  9.631635E-17
7485.27119420311  8.946903E-17
7488.96827220691  9.365666E-17
7492.66535021071  1.021094E-16
7496.36242821452  9.502004E-17
7500.05950621832  9.179704E-17
7503.75658422212  9.726491E-17
7507.45366222593  9.403230E-17
7511.15074022973  8.926072E-17
7514.84781823354  9.277772E-17
7518.54489623734  9.548558E-17
7522.24197424114  9.195413E-17
7525.93905224495  9.002126E-17
7529.63613024875  9.667936E-17
7533.33320825256  9.603912E-17
7537.03028625636  9.240919E-17
7540.72736426016  9.663582E-17
7544.42444226396  9.742842E-17
7548.12152026777  8.997236E-17
7551.81859827157  8.487433E-17
7555.51567627538  8.279270E-17
7559.21275427918  8.182813E-17
7562.90983228298  8.954519E-17
7566.60691028679  9.163331E-17
7570.30398829059  9.074797E-17
7574.0010662944  8.820257E-17
7577.6981442982  9.277832E-17
7581.395222302  9.116908E-17
7585.09230030581  8.543021E-17
7588.78937830961  8.626877E-17
7592.48645631342  8.521253E-17
7596.18353431722  8.059973E-17
7599.88061232102  8.771609E-17
7603.57769032482  9.037865E-17
7607.27476832863  8.450194E-17
7610.97184633243  8.458823E-17
7614.66892433624  8.197720E-17
7618.36600234004  8.183498E-17
7622.06308034384  8.909939E-17
7625.76015834765  8.795995E-17
7629.45723635145  7.431771E-17
7633.15431435525  7.216719E-17
7636.85139235906  7.559632E-17
7640.54847036286  7.407705E-17
7644.24554836667  8.305377E-17
7647.94262637047  8.447718E-17
7651.63970437427  8.065407E-17
7655.33678237808  8.607170E-17
7659.03386038188  8.600668E-17
7662.73093838568  8.255216E-17
7666.42801638949  8.035559E-17
7670.12509439329  8.557886E-17
7673.8221723971  8.860495E-17
7677.5192504009  7.692033E-17
7681.2163284047  7.661244E-17
7684.91340640851  8.558839E-17
7688.61048441231  8.754649E-17
7692.30756241611  9.273339E-17
7696.00464041992  9.714617E-17
7699.70171842372  9.511549E-17
7703.39879642753  9.064669E-17
7707.09587443133  8.625118E-17
7710.79295243513  8.596017E-17
7714.49003043894  8.790902E-17
7718.18710844274  8.876604E-17
7721.88418644654  8.592253E-17
7725.58126445035  8.039826E-17
7729.27834245415  8.230008E-17
7732.97542045796  8.290029E-17
7736.67249846176  7.881554E-17
7740.36957646556  7.622151E-17
7744.06665446937  8.811003E-17
7747.76373247317  9.132426E-17
7751.46081047697  7.886397E-17
7755.15788848078  7.981067E-17
7758.85496648458  7.066764E-17
7762.55204448839  6.704115E-17
7766.24912249219  7.683896E-17
7769.94620049599  7.030714E-17
7773.6432784998  6.503336E-17
7777.3403565036  6.958812E-17
7781.0374345074  7.430096E-17
7784.73451251121  7.295073E-17
7788.43159051501  6.861681E-17
7792.12866851882  7.078688E-17
7795.82574652262  7.543844E-17
7799.52282452642  7.216468E-17
7803.21990253023  6.543181E-17
7806.91698053403  6.648651E-17
7810.61405853783  6.170658E-17
7814.31113654164  6.213518E-17
7818.00821454544  6.775407E-17
7821.70529254924  7.656811E-17
7825.40237055305  8.478912E-17
7829.09944855685  7.541219E-17
7832.79652656065  7.016393E-17
7836.49360456446  7.697342E-17
7840.19068256826  8.430760E-17
7843.88776057207  7.672595E-17
7847.58483857587  7.284992E-17
7851.28191657967  8.455481E-17
7854.97899458348  8.162373E-17
7858.67607258728  7.641608E-17
7862.37315059109  8.052904E-17
7866.07022859489  7.988295E-17
7869.76730659869  8.624865E-17
7873.4643846025  7.862725E-17
7877.1614626063  7.084122E-17
7880.8585406101  7.516377E-17
7884.55561861391  7.119766E-17
7888.25269661771  7.086537E-17
7891.94977462151  6.442396E-17
7895.64685262532  6.713592E-17
7899.34393062912  7.623054E-17
7903.04100863293  7.070132E-17
7906.73808663673  6.870749E-17
7910.43516464053  7.291538E-17
7914.13224264434  7.184731E-17
7917.82932064814  7.144113E-17
7921.52639865194  7.224656E-17
7925.22347665575  7.376541E-17
7928.92055465955  6.827514E-17
7932.61763266336  6.773697E-17
7936.31471066716  7.326801E-17
7940.01178867096  7.497290E-17
7943.70886667477  7.852108E-17
7947.40594467857  7.617601E-17
7951.10302268238  7.257941E-17
7954.80010068618  6.704474E-17
7958.49717868998  7.126493E-17
7962.19425669379  7.607622E-17
7965.89133469759  6.980867E-17
7969.58841270139  6.552926E-17
7973.2854907052  7.470839E-17
7976.982568709  7.760440E-17
7980.6796467128  6.961904E-17
7984.37672471661  6.488177E-17
7988.07380272041  6.100603E-17
7991.77088072421  6.575128E-17
7995.46795872802  6.658601E-17
7999.16503673182  7.092051E-17
8002.86211473563  7.198529E-17
8006.55919273943  6.929978E-17
8010.25627074323  6.100974E-17
8013.95334874704  5.528890E-17
8017.65042675084  6.849026E-17
8021.34750475464  7.984168E-17
8025.04458275845  6.619017E-17
8028.74166076225  6.026106E-17
8032.43873876606  6.305870E-17
8036.13581676986  6.186238E-17
8039.83289477366  6.624023E-17
8043.52997277747  6.062228E-17
8047.22705078127  5.921265E-17
8050.92412878507  6.624618E-17
8054.62120678888  6.944221E-17
8058.31828479268  6.872099E-17
8062.01536279649  6.574344E-17
8065.71244080029  6.120849E-17
8069.40951880409  5.606772E-17
8073.1065968079  5.602673E-17
8076.8036748117  6.298418E-17
8080.5007528155  6.812399E-17
8084.19783081931  6.975277E-17
8087.89490882311  6.633694E-17
8091.59198682691  6.950494E-17
8095.28906483072  6.781926E-17
8098.98614283452  6.527063E-17
8102.68322083833  6.899434E-17
8106.38029884213  7.898774E-17
8110.07737684593  7.632430E-17
8113.77445484974  6.864760E-17
8117.47153285354  7.587151E-17
8121.16861085734  7.301533E-17
8124.86568886115  5.958880E-17
8128.56276686495  6.217757E-17
8132.25984486876  7.711678E-17
8135.95692287256  7.832841E-17
8139.65400087636  7.137266E-17
8143.35107888017  7.322763E-17
8147.04815688397  7.785487E-17
8150.74523488778  8.405046E-17
8154.44231289158  8.301283E-17
8158.13939089538  8.119723E-17
8161.83646889919  7.916909E-17
8165.53354690299  8.612460E-17
8169.23062490679  8.916320E-17
8172.9277029106  8.837344E-17
8176.6247809144  9.452362E-17
8180.3218589182  1.036905E-16
8184.01893692201  9.786999E-17
8187.71601492581  9.690345E-17
8191.41309292962  9.687896E-17
8195.11017093342  1.020986E-16
8198.80724893722  1.084054E-16
8202.50432694103  1.119129E-16
8206.20140494483  1.230179E-16
8209.89848294863  1.243809E-16
8213.59556095244  1.268669E-16
8217.29263895624  1.246069E-16
8220.98971696004  1.178082E-16
8224.68679496385  1.191000E-16
8228.38387296765  1.108088E-16
8232.08095097146  1.037365E-16
8235.77802897526  1.053072E-16
8239.47510697906  1.152182E-16
8243.17218498287  1.275901E-16
8246.86926298667  1.242921E-16
8250.56634099047  1.171175E-16
8254.26341899428  1.161017E-16
8257.96049699808  1.143695E-16
8261.65757500189  1.237944E-16
8265.35465300569  1.295955E-16
8269.05173100949  1.236811E-16
8272.7488090133  1.189727E-16
8276.4458870171  1.228679E-16
8280.1429650209  1.238567E-16
8283.84004302471  1.191877E-16
8287.53712102851  1.229069E-16
8291.23419903231  1.215259E-16
8294.93127703612  1.102916E-16
8298.62835503992  1.008235E-16
8302.32543304373  8.986740E-17
8306.02251104753  1.014405E-16
8309.71958905134  1.055164E-16
8313.41666705514  9.790980E-17
8317.11374505894  9.724299E-17
8320.81082306275  9.308175E-17
8324.50790106655  9.590152E-17
8328.20497907035  9.533537E-17
8331.90205707416  1.009956E-16
8335.59913507796  1.055754E-16
8339.29621308177  9.572731E-17
8342.99329108557  8.472192E-17
8346.69036908937  8.356627E-17
8350.38744709317  8.622122E-17
8354.08452509698  8.571882E-17
8357.78160310078  7.466407E-17
8361.47868110458  7.742666E-17
8365.17575910839  7.726582E-17
8368.87283711219  7.061771E-17
8372.569915116  7.872412E-17
8376.2669931198  8.158558E-17
8379.9640711236  7.511323E-17
8383.66114912741  6.941856E-17
8387.35822713121  7.633644E-17
8391.05530513502  8.124084E-17
8394.75238313882  8.042455E-17
8398.44946114262  7.327411E-17
8402.14653914643  7.643564E-17
8405.84361715023  8.242618E-17
8409.54069515404  8.241013E-17
8413.23777315784  7.284634E-17
8416.93485116164  7.232606E-17
8420.63192916545  7.407785E-17
8424.32900716925  7.679989E-17
8428.02608517305  8.122150E-17
8431.72316317686  8.380917E-17
8435.42024118066  8.035254E-17
8439.11731918447  7.076871E-17
8442.81439718827  7.132302E-17
8446.51147519207  7.789875E-17
8450.20855319588  7.679993E-17
8453.90563119968  7.253548E-17
8457.60270920348  7.181829E-17
8461.29978720729  6.753676E-17
8464.99686521109  6.417691E-17
8468.69394321489  6.468166E-17
8472.3910212187  5.790947E-17
8476.0880992225  5.941573E-17
8479.78517722631  6.815656E-17
8483.48225523011  6.877340E-17
8487.17933323391  6.319516E-17
8490.87641123772  6.821250E-17
8494.57348924152  6.669672E-17
8498.27056724532  6.187693E-17
8501.96764524913  6.549326E-17
8505.66472325293  6.235767E-17
8509.36180125673  5.949004E-17
8513.05887926054  6.630431E-17
8516.75595726434  6.584709E-17
8520.45303526815  6.019424E-17
8524.15011327195  5.656704E-17
8527.84719127575  5.434077E-17
8531.54426927956  5.215913E-17
8535.24134728336  5.598142E-17
8538.93842528716  5.880349E-17
8542.63550329097  5.684520E-17
8546.33258129477  5.603402E-17
8550.02965929858  6.500441E-17
8553.72673730238  6.501630E-17
8557.42381530618  5.732763E-17
8561.12089330999  5.944194E-17
8564.81797131379  5.280998E-17
8568.51504931759  5.111717E-17
8572.2121273214  5.600831E-17
8575.9092053252  5.223608E-17
8579.60628332901  5.053508E-17
8583.30336133281  4.644364E-17
8587.00043933661  4.476445E-17
8590.69751734042  5.308810E-17
8594.39459534422  5.381425E-17
8598.09167334802  4.938664E-17
8601.78875135183  4.964331E-17
8605.48582935563  4.811694E-17
8609.18290735943  4.984637E-17
8612.87998536324  5.334274E-17
8616.57706336704  4.843227E-17
8620.27414137085  4.158377E-17
8623.97121937465  4.310976E-17
8627.66829737845  3.923922E-17
8631.36537538226  3.843197E-17
8635.06245338606  5.344493E-17
8638.75953138986  6.209739E-17
8642.45660939367  6.357217E-17
8646.15368739747  6.230801E-17
8649.85076540128  6.368681E-17
8653.54784340508  6.979531E-17
8657.24492140889  5.960836E-17
8660.94199941269  5.299323E-17
8664.63907741649  6.009384E-17
8668.3361554203  6.431773E-17
8672.0332334241  6.826692E-17
8675.7303114279  5.878797E-17
8679.42738943171  5.236527E-17
8683.12446743551  5.629097E-17
8686.82154543931  6.205362E-17
8690.51862344312  6.190165E-17
8694.21570144692  5.789292E-17
8697.91277945072  5.710504E-17
8701.60985745453  5.761567E-17
8705.30693545833  6.635079E-17
8709.00401346214  7.738324E-17
8712.70109146594  7.918300E-17
8716.39816946974  7.590962E-17
8720.09524747355  7.686189E-17
8723.79232547735  7.467989E-17
8727.48940348115  6.287094E-17
8731.18648148496  6.197016E-17
8734.88355948876  7.067846E-17
8738.58063749256  7.417978E-17
8742.27771549637  7.248133E-17
8745.97479350017  7.701386E-17
8749.67187150397  7.914559E-17
8753.36894950778  7.245137E-17
8757.06602751158  7.231605E-17
8760.76310551539  6.246133E-17
8764.46018351919  6.928568E-17
8768.157261523  8.773632E-17
8771.8543395268  9.393182E-17
8775.5514175306  7.981753E-17
8779.24849553441  7.004859E-17
8782.94557353821  7.077969E-17
8786.64265154201  6.982715E-17
8790.33972954582  7.723422E-17
8794.03680754962  8.057278E-17
8797.73388555343  8.128828E-17
8801.43096355723  7.844543E-17
8805.12804156103  8.138731E-17
8808.82511956484  8.477454E-17
8812.52219756864  8.024253E-17
8816.21927557244  8.522107E-17
8819.91635357625  8.729274E-17
8823.61343158005  7.627946E-17
8827.31050958386  7.320916E-17
8831.00758758766  8.747553E-17
8834.70466559146  9.637362E-17
8838.40174359527  8.234669E-17
8842.09882159907  9.927960E-17
8845.79589960287  9.548526E-17
8849.49297760668  7.309646E-17
8853.19005561048  8.048147E-17
8856.88713361428  8.835689E-17
8860.58421161809  9.965163E-17
8864.28128962189  9.388537E-17
8867.9783676257  9.018384E-17
8871.6754456295  8.994877E-17
8875.3725236333  8.224768E-17
8879.06960163711  8.767392E-17
8882.76667964091  8.829791E-17
8886.46375764471  8.706587E-17
8890.16083564852  7.783730E-17
8893.85791365232  7.965487E-17
8897.55499165613  9.449085E-17
8901.25206965993  8.897328E-17
8904.94914766373  9.079140E-17
8908.64622566754  8.890983E-17
8912.34330367134  6.870743E-17
8916.04038167514  9.036285E-17
8919.73745967895  1.003618E-16
8923.43453768275  6.159164E-17
8927.13161568655  5.502785E-17
8930.82869369036  7.849140E-17
8934.52577169416  7.683597E-17
8938.22284969797  8.221123E-17
8941.91992770177  7.816494E-17
8945.61700570558  7.578887E-17
8949.31408370938  6.695936E-17
8953.01116171318  6.314822E-17
8956.70823971699  6.406493E-17
8960.40531772079  6.518912E-17
8964.10239572459  7.043914E-17
8967.79947372839  7.429577E-17
8971.4965517322  7.013277E-17
8975.193629736  6.415350E-17
8978.89070773981  6.673509E-17
8982.58778574361  6.506608E-17
8986.28486374741  6.104344E-17
8989.98194175122  6.756162E-17
8993.67901975502  6.950465E-17
8997.37609775882  5.999790E-17
9001.07317576263  6.560457E-17
9004.77025376643  6.412753E-17
9008.46733177024  5.465426E-17
9012.16440977404  5.587488E-17
9015.86148777784  5.676516E-17
9019.55856578165  5.657983E-17
9023.25564378545  5.904001E-17
9026.95272178925  6.372380E-17
9030.64979979306  6.471308E-17
9034.34687779686  6.371873E-17
9038.04395580067  6.070236E-17
9041.74103380447  6.543480E-17
9045.43811180828  5.874796E-17
9049.13518981208  5.607522E-17
9052.83226781588  5.617730E-17
9056.52934581969  5.515085E-17
9060.22642382349  6.238439E-17
9063.92350182729  6.586737E-17
9067.6205798311  5.387039E-17
9071.3176578349  4.176198E-17
9075.0147358387  5.518021E-17
9078.71181384251  6.083671E-17
9082.40889184631  5.060836E-17
9086.10596985011  5.124756E-17
9089.80304785392  5.072943E-17
9093.50012585772  4.692560E-17
9097.19720386153  4.669547E-17
9100.89428186533  4.623596E-17
9104.59135986913  5.460892E-17
9108.28843787294  5.197944E-17
9111.98551587674  4.470608E-17
9115.68259388054  4.819112E-17
9119.37967188435  5.449754E-17
9123.07674988815  5.653482E-17
9126.77382789196  5.411495E-17
9130.47090589576  4.401255E-17
9134.16798389956  4.570656E-17
9137.86506190337  4.376646E-17
9141.56213990717  4.464151E-17
9145.25921791097  4.988789E-17
9148.95629591478  5.423861E-17
9152.65337391858  4.873067E-17
9156.35045192239  4.588557E-17
9160.04752992619  4.138714E-17
9163.74460792999  4.070032E-17
9167.4416859338  4.489522E-17
9171.1387639376  4.708564E-17
9174.8358419414  5.345836E-17
9178.53291994521  5.234027E-17
9182.22999794901  4.464864E-17
9185.92707595282  5.141963E-17
9189.62415395662  5.493671E-17
9193.32123196042  5.025519E-17
9197.01830996423  5.163099E-17
9200.71538796803  5.663455E-17
9204.41246597183  5.396178E-17
9208.10954397564  3.874527E-17
9211.80662197944  3.582538E-17
9215.50369998325  4.338508E-17
9219.20077798705  4.403349E-17
9222.89785599085  4.962322E-17
9226.59493399466  5.225424E-17
9230.29201199846  4.553275E-17
9233.98909000226  4.645701E-17
9237.68616800607  5.102630E-17
9241.38324600987  4.379523E-17
9245.08032401367  4.609457E-17
9248.77740201748  5.888606E-17
9252.47448002128  4.932266E-17
9256.17155802509  4.207277E-17
9259.86863602889  4.833810E-17
9263.56571403269  4.635231E-17
9267.2627920365  3.940843E-17
9270.9598700403  4.330747E-17
9274.6569480441  4.636766E-17
9278.35402604791  4.505448E-17
9282.05110405171  4.457553E-17
9285.74818205552  4.264436E-17
9289.44526005932  4.393407E-17
9293.14233806312  3.952106E-17
9296.83941606693  5.222704E-17
9300.53649407073  4.372998E-17
9304.23357207453  3.710768E-17
9307.93065007834  3.551762E-17
9311.62772808214  2.791508E-17
9315.32480608594  6.052830E-17
9319.02188408975  5.616781E-17
9322.71896209355  2.461569E-17
9326.41604009736  3.637789E-17
9330.11311810116  4.033456E-17
9333.81019610496  3.685422E-17
9337.50727410877  3.597572E-17
9341.20435211257  4.423140E-17
9344.90143011637  3.322680E-17
9348.59850812018  1.658823E-17
9352.29558612398  1.192676E-17
9355.99266412779  3.200418E-17
9359.68974213159  4.524334E-17
9363.38682013539  3.971397E-17
9367.0838981392  1.464102E-17
9370.780976143  8.216120E-18
9374.4780541468  2.240770E-17
9378.17513215061  1.814866E-17
9381.87221015441  9.317544E-18
9385.56928815821  3.195106E-17
9389.26636616202  5.380149E-17
9392.96344416582  5.264985E-17
9396.66052216963  3.679486E-17
9400.35760017343  4.445074E-17
9404.05467817723  5.425307E-17
9407.75175618104  4.375283E-17
9411.44883418484  3.912549E-17
9415.14591218864  4.372632E-17
9418.84299019245  3.176611E-17
9422.54006819625  4.918785E-17
9426.23714620006  5.325227E-17
9429.93422420386  5.753854E-17
9433.63130220767  5.578695E-17
9437.32838021147  5.565124E-17
9441.02545821527  4.862946E-17
9444.72253621908  4.976397E-17
9448.41961422288  3.476789E-17
9452.11669222668  2.619340E-17
9455.81377023049  4.357173E-17
9459.51084823429  5.362510E-17
9463.2079262381  6.281957E-17
9466.9050042419  6.427854E-17
9470.6020822457  7.392403E-17
9474.2991602495  7.304006E-17
9477.99623825331  3.418633E-17
9481.69331625711  6.013714E-17
9485.39039426091  7.702547E-17
9489.08747226472  6.586682E-17
9492.78455026852  5.748271E-17
9496.48162827233  6.546727E-17
9500.17870627613  5.707509E-17
9503.87578427994  4.312706E-17
9507.57286228374  7.653621E-17
9511.26994028754  1.030334E-16
9514.96701829135  9.130862E-17
9518.66409629515  5.805622E-17
9522.36117429895  5.369352E-17
9526.05825230276  7.629579E-17
9529.75533030656  7.413043E-17
9533.45240831036  7.760919E-17
9537.14948631417  7.794107E-17
9540.84656431797  6.642847E-17
9544.54364232178  6.443787E-17
9548.24072032558  9.686495E-17
9551.93779832938  8.856830E-17
9555.63487633319  4.845521E-17
9559.33195433699  4.531176E-17
9563.02903234079  8.493941E-17
9566.7261103446  9.710409E-17
9570.4231883484  8.197384E-17
9574.12026635221  8.706070E-17
9577.81734435601  1.015180E-16
9581.51442235981  7.165698E-17
9585.21150036362  9.451446E-17
9588.90857836742  1.191856E-16
9592.60565637122  1.061720E-16
9596.30273437503  1.222537E-16
