3175.  2.498465E-17
3178.23451198945  1.098650E-17
3181.4690239789  1.688551E-17
3184.70353596834  3.140147E-17
3187.93804795779  3.394327E-17
3191.17255994724  3.634426E-17
3194.40707193669  1.432773E-17
3197.64158392613  7.081187E-18
3200.87609591558  5.695194E-18
3204.11060790503  1.125431E-17
3207.34511989448  2.559192E-17
3210.57963188392  2.903598E-17
3213.81414387337  2.223562E-17
3217.04865586282  1.768987E-17
3220.28316785227  1.994960E-17
3223.51767984172  1.834432E-17
3226.75219183116  1.097769E-17
3229.98670382061  9.870907E-18
3233.22121581006  8.346974E-18
3236.45572779951  1.076819E-17
3239.69023978895  1.930972E-17
3242.9247517784  1.401305E-17
3246.15926376785  3.502828E-18
3249.3937757573  6.330984E-18
3252.62828774675  1.244501E-17
3255.86279973619  3.834574E-18
3259.09731172564  2.074647E-18
3262.33182371509  1.220623E-17
3265.56633570454  2.276827E-17
3268.80084769398  1.826442E-17
3272.03535968343  2.520433E-17
3275.26987167288  3.034970E-17
3278.50438366233  1.993276E-17
3281.73889565177  1.578715E-17
3284.97340764122  1.737420E-17
3288.20791963067  1.840943E-17
3291.44243162012  2.918917E-17
3294.67694360956  2.262130E-17
3297.91145559901  2.597988E-17
3301.14596758846  2.475943E-17
3304.38047957791  2.555513E-17
3307.61499156736  2.372354E-17
3310.8495035568  3.301455E-17
3314.08401554625  1.922057E-17
3317.3185275357  1.265542E-17
3320.55303952515  2.104873E-17
3323.78755151459  2.535549E-17
3327.02206350404  1.283970E-17
3330.25657549349  1.534806E-17
3333.49108748294  2.634785E-17
3336.72559947239  3.414108E-17
3339.96011146183  2.850840E-17
3343.19462345128  1.888572E-17
3346.42913544073  1.806487E-17
3349.66364743018  2.741501E-17
3352.89815941962  1.673049E-17
3356.13267140907  4.527637E-18
3359.36718339852  1.916861E-17
3362.60169538797  2.894304E-17
3365.83620737741  2.690800E-17
3369.07071936686  3.222219E-17
3372.30523135631  1.793085E-17
3375.53974334576  1.821420E-17
3378.77425533521  2.323069E-17
3382.00876732465  2.950794E-17
3385.2432793141  2.657055E-17
3388.47779130355  2.233203E-17
3391.712303293  3.490175E-17
3394.94681528244  3.702002E-17
3398.18132727189  3.310096E-17
3401.41583926134  2.877001E-17
3404.65035125079  2.158672E-17
3407.88486324023  1.689317E-17
3411.11937522968  1.933329E-17
3414.35388721913  1.639646E-17
3417.58839920858  2.171537E-17
3420.82291119803  1.671842E-17
3424.05742318747  1.035003E-17
3427.29193517692  1.891000E-17
3430.52644716637  2.329612E-17
3433.76095915582  1.798499E-17
3436.99547114526  1.586645E-17
3440.22998313471  1.424888E-17
3443.46449512416  1.027757E-17
3446.69900711361  7.158156E-18
3449.93351910305  1.008673E-17
3453.1680310925  1.393402E-17
3456.40254308195  1.152783E-17
3459.6370550714  2.419979E-17
3462.87156706085  2.208032E-17
3466.10607905029  2.234572E-17
3469.34059103974  1.848105E-17
3472.57510302919  1.766234E-17
3475.80961501864  1.018211E-17
3479.04412700808  1.570302E-17
3482.27863899753  1.830625E-17
3485.51315098698  1.187250E-17
3488.74766297643  1.464969E-17
3491.98217496588  1.462483E-17
3495.21668695532  1.295337E-17
3498.45119894477  9.858851E-18
3501.68571093422  1.299394E-17
3504.92022292367  1.737942E-17
3508.15473491311  2.304484E-17
3511.38924690256  2.313207E-17
3514.62375889201  1.574749E-17
3517.85827088146  1.286295E-17
3521.0927828709  1.787610E-17
3524.32729486035  2.484734E-17
3527.5618068498  2.876648E-17
3530.79631883925  2.504108E-17
3534.0308308287  1.624597E-17
3537.26534281814  1.459439E-17
3540.49985480759  1.828450E-17
3543.73436679704  2.350192E-17
3546.96887878649  2.186607E-17
3550.20339077593  1.251353E-17
3553.43790276538  1.300880E-17
3556.67241475483  1.856511E-17
3559.90692674428  2.321199E-17
3563.14143873372  2.012621E-17
3566.37595072317  1.935285E-17
3569.61046271262  1.599292E-17
3572.84497470207  2.278194E-17
3576.07948669152  2.855255E-17
3579.31399868096  2.995948E-17
3582.54851067041  2.564045E-17
3585.78302265986  2.295944E-17
3589.01753464931  2.086367E-17
3592.25204663875  2.082522E-17
3595.4865586282  2.301592E-17
3598.72107061765  1.486691E-17
3601.9555826071  1.213586E-17
3605.19009459655  1.787258E-17
3608.42460658599  1.775766E-17
3611.65911857544  2.227110E-17
3614.89363056489  2.309356E-17
3618.12814255434  2.114274E-17
3621.36265454378  2.295649E-17
3624.59716653323  2.150619E-17
3627.83167852268  1.362328E-17
3631.06619051213  1.632790E-17
3634.30070250157  2.323980E-17
3637.53521449102  2.047821E-17
3640.76972648047  1.998366E-17
3644.00423846992  2.391273E-17
3647.23875045936  3.166547E-17
3650.47326244881  2.857525E-17
3653.70777443826  2.685311E-17
3656.94228642771  2.500939E-17
3660.17679841716  2.031371E-17
3663.4113104066  1.878045E-17
3666.64582239605  1.420533E-17
3669.8803343855  2.260326E-17
3673.11484637495  2.548522E-17
3676.3493583644  2.082283E-17
3679.58387035384  2.791286E-17
3682.81838234329  2.913940E-17
3686.05289433274  1.798789E-17
3689.28740632219  1.494984E-17
3692.52191831163  1.550981E-17
3695.75643030108  2.036466E-17
3698.99094229053  2.454609E-17
3702.22545427998  2.081141E-17
3705.45996626942  1.696490E-17
3708.69447825887  2.347200E-17
3711.92899024832  2.875620E-17
3715.16350223777  2.511668E-17
3718.39801422721  2.862040E-17
3721.63252621666  2.536195E-17
3724.86703820611  1.963445E-17
3728.10155019556  2.009650E-17
3731.33606218501  1.849454E-17
3734.57057417445  2.092577E-17
3737.8050861639  2.511650E-17
3741.03959815335  2.063967E-17
3744.2741101428  1.460492E-17
3747.50862213224  2.033627E-17
3750.74313412169  2.700174E-17
3753.97764611114  1.957711E-17
3757.21215810059  1.612525E-17
3760.44667009003  2.577673E-17
3763.68118207948  3.271338E-17
3766.91569406893  2.737829E-17
3770.15020605838  2.938207E-17
3773.38471804783  1.928164E-17
3776.61923003727  1.793818E-17
3779.85374202672  2.358375E-17
3783.08825401617  2.696205E-17
3786.32276600562  2.230577E-17
3789.55727799506  2.465404E-17
3792.79178998451  2.672105E-17
3796.02630197396  3.044788E-17
3799.26081396341  2.993748E-17
3802.49532595285  2.030553E-17
3805.7298379423  1.758060E-17
3808.96434993175  2.237685E-17
3812.1988619212  2.694991E-17
3815.43337391065  2.750446E-17
3818.66788590009  2.490047E-17
3821.90239788954  2.359775E-17
3825.13690987899  2.604732E-17
3828.37142186844  2.677217E-17
3831.60593385788  2.818892E-17
3834.84044584733  2.611017E-17
3838.07495783678  2.705196E-17
3841.30946982623  2.864288E-17
3844.54398181567  2.193076E-17
3847.77849380512  2.470802E-17
3851.01300579457  2.740689E-17
3854.24751778402  1.631441E-17
3857.48202977347  1.307315E-17
3860.71654176291  2.591141E-17
3863.95105375236  3.094140E-17
3867.18556574181  2.904358E-17
3870.42007773126  2.699039E-17
3873.6545897207  2.715460E-17
3876.88910171015  2.180873E-17
3880.1236136996  1.997620E-17
3883.35812568905  1.769081E-17
3886.59263767849  1.843887E-17
3889.82714966794  2.433516E-17
3893.06166165739  2.689036E-17
3896.29617364684  2.733748E-17
3899.53068563629  2.890691E-17
3902.76519762573  2.625141E-17
3905.99970961518  2.224688E-17
3909.23422160463  2.410446E-17
3912.46873359408  2.254147E-17
3915.70324558352  2.850118E-17
3918.93775757297  2.834627E-17
3922.17226956242  2.221618E-17
3925.40678155187  2.255797E-17
3928.64129354132  2.547637E-17
3931.87580553076  2.528872E-17
3935.11031752021  2.249765E-17
3938.34482950966  2.065249E-17
3941.57934149911  2.237147E-17
3944.81385348855  2.799707E-17
3948.048365478  2.728421E-17
3951.28287746745  2.566850E-17
3954.5173894569  3.128899E-17
3957.75190144634  3.043191E-17
3960.98641343579  2.397122E-17
3964.22092542524  2.106001E-17
3967.45543741469  2.433404E-17
3970.68994940413  2.541574E-17
3973.92446139358  2.452952E-17
3977.15897338303  2.276928E-17
3980.39348537248  2.541887E-17
3983.62799736193  2.948481E-17
3986.86250935137  2.946971E-17
3990.09702134082  2.708589E-17
3993.33153333027  2.180180E-17
3996.56604531972  1.788559E-17
3999.80055730916  2.035829E-17
4003.03506929861  2.634302E-17
4006.26958128806  2.439030E-17
4009.50409327751  1.920494E-17
4012.73860526696  2.314326E-17
4015.9731172564  2.451642E-17
4019.20762924585  2.623449E-17
4022.4421412353  2.138248E-17
4025.67665322475  2.232153E-17
4028.91116521419  2.494726E-17
4032.14567720364  2.798839E-17
4035.38018919309  2.576699E-17
4038.61470118254  2.190932E-17
4041.84921317198  2.266118E-17
4045.08372516143  2.590971E-17
4048.31823715088  2.197965E-17
4051.55274914033  2.572199E-17
4054.78726112978  2.948991E-17
4058.02177311922  2.717042E-17
4061.25628510867  2.201731E-17
4064.49079709812  2.351976E-17
4067.72530908757  3.017440E-17
4070.95982107701  2.834473E-17
4074.19433306646  2.264916E-17
4077.42884505591  1.931272E-17
4080.66335704536  1.943997E-17
4083.89786903481  1.845432E-17
4087.13238102425  1.881498E-17
4090.3668930137  1.993738E-17
4093.60140500315  2.195102E-17
4096.8359169926  2.552329E-17
4100.07042898204  2.834640E-17
4103.30494097149  2.654205E-17
4106.53945296094  2.443651E-17
4109.77396495039  2.255590E-17
4113.00847693983  2.025010E-17
4116.24298892928  2.757104E-17
4119.47750091873  2.773879E-17
4122.71201290818  2.232699E-17
4125.94652489762  2.462857E-17
4129.18103688707  2.100955E-17
4132.41554887652  2.281351E-17
4135.65006086597  2.591407E-17
4138.88457285542  2.580651E-17
4142.11908484486  2.161837E-17
4145.35359683431  1.858999E-17
4148.58810882376  2.582301E-17
4151.82262081321  2.469380E-17
4155.05713280266  2.173215E-17
4158.2916447921  2.666849E-17
4161.52615678155  2.604383E-17
4164.760668771  2.823871E-17
4167.99518076045  2.516063E-17
4171.22969274989  2.305840E-17
4174.46420473934  2.785821E-17
4177.69871672879  2.963781E-17
4180.93322871824  3.076712E-17
4184.16774070768  2.854163E-17
4187.40225269713  2.823534E-17
4190.63676468658  2.822940E-17
4193.87127667603  2.353376E-17
4197.10578866548  2.148078E-17
4200.34030065492  2.703131E-17
4203.57481264437  2.983767E-17
4206.80932463382  2.584444E-17
4210.04383662327  2.595363E-17
4213.27834861271  2.626439E-17
4216.51286060216  2.423561E-17
4219.74737259161  2.263984E-17
4222.98188458106  2.195580E-17
4226.2163965705  2.033826E-17
4229.45090855995  2.129111E-17
4232.6854205494  2.516471E-17
4235.91993253885  2.354740E-17
4239.1544445283  2.052277E-17
4242.38895651774  1.942095E-17
4245.62346850719  2.011690E-17
4248.85798049664  1.689002E-17
4252.09249248609  1.983891E-17
4255.32700447553  2.153474E-17
4258.56151646498  2.043995E-17
4261.79602845443  1.732537E-17
4265.03054044388  1.618364E-17
4268.26505243332  2.003266E-17
4271.49956442277  1.962710E-17
4274.73407641222  1.833465E-17
4277.96858840167  1.991440E-17
4281.20310039112  2.086098E-17
4284.43761238056  1.738808E-17
4287.67212437001  1.685059E-17
4290.90663635946  1.476874E-17
4294.14114834891  1.662550E-17
4297.37566033835  2.097717E-17
4300.6101723278  2.161003E-17
4303.84468431725  2.270663E-17
4307.0791963067  2.060570E-17
4310.31370829614  1.807400E-17
4313.54822028559  2.005123E-17
4316.78273227504  2.302504E-17
4320.01724426449  2.206816E-17
4323.25175625394  2.151971E-17
4326.48626824338  2.116680E-17
4329.72078023283  2.190572E-17
4332.95529222228  2.578240E-17
4336.18980421173  2.704685E-17
4339.42431620117  2.839527E-17
4342.65882819062  3.105125E-17
4345.89334018007  2.936508E-17
4349.12785216952  3.177698E-17
4352.36236415897  3.651378E-17
4355.59687614841  3.292779E-17
4358.83138813786  3.428236E-17
4362.06590012731  3.631075E-17
4365.30041211675  3.488751E-17
4368.5349241062  3.144869E-17
4371.76943609565  3.667326E-17
4375.0039480851  3.780298E-17
4378.23846007455  3.582287E-17
4381.47297206399  3.773483E-17
4384.70748405344  3.667804E-17
4387.94199604289  3.721663E-17
4391.17650803234  4.015198E-17
4394.41102002179  3.612992E-17
4397.64553201123  3.508917E-17
4400.88004400068  3.778600E-17
4404.11455599013  3.674217E-17
4407.34906797958  3.874394E-17
4410.58357996902  3.772746E-17
4413.81809195847  3.381449E-17
4417.05260394792  3.719205E-17
4420.28711593737  4.024514E-17
4423.52162792681  3.986511E-17
4426.75613991626  4.040833E-17
4429.99065190571  3.881587E-17
4433.22516389516  3.610836E-17
4436.4596758846  3.763832E-17
4439.69418787405  3.937553E-17
4442.9286998635  4.443673E-17
4446.16321185295  4.698862E-17
4449.3977238424  4.483666E-17
4452.63223583184  4.314082E-17
4455.86674782129  3.840339E-17
4459.10125981074  3.930175E-17
4462.33577180019  4.655773E-17
4465.57028378963  4.862752E-17
4468.80479577908  4.705372E-17
4472.03930776853  4.385676E-17
4475.27381975798  4.095765E-17
4478.50833174743  4.433991E-17
4481.74284373687  4.522022E-17
4484.97735572632  4.056374E-17
4488.21186771577  3.647478E-17
4491.44637970522  4.010505E-17
4494.68089169466  4.230875E-17
4497.91540368411  4.001576E-17
4501.14991567356  3.772843E-17
4504.38442766301  3.698765E-17
4507.61893965245  3.850095E-17
4510.8534516419  3.647731E-17
4514.08796363135  3.431140E-17
4517.3224756208  3.593779E-17
4520.55698761025  3.510465E-17
4523.79149959969  3.150540E-17
4527.02601158914  3.046605E-17
4530.26052357859  2.930912E-17
4533.49503556804  2.692844E-17
4536.72954755748  2.758451E-17
4539.96405954693  2.892356E-17
4543.19857153638  2.855296E-17
4546.43308352583  2.800971E-17
4549.66759551528  2.760242E-17
4552.90210750472  3.224435E-17
4556.13661949417  3.064310E-17
4559.37113148362  2.496193E-17
4562.60564347306  2.568256E-17
4565.84015546251  2.436143E-17
4569.07466745196  2.540219E-17
4572.30917944141  2.410480E-17
4575.54369143086  2.193267E-17
4578.7782034203  2.322814E-17
4582.01271540975  2.798843E-17
4585.2472273992  2.823295E-17
4588.48173938865  2.623549E-17
4591.7162513781  2.688730E-17
4594.95076336754  2.678421E-17
4598.18527535699  2.513365E-17
4601.41978734644  2.402720E-17
4604.65429933589  2.423996E-17
4607.88881132533  2.701366E-17
4611.12332331478  2.455355E-17
4614.35783530423  2.390153E-17
4617.59234729368  2.671290E-17
4620.82685928313  2.964285E-17
4624.06137127257  3.100580E-17
4627.29588326202  3.301807E-17
4630.53039525147  2.941767E-17
4633.76490724091  2.599274E-17
4636.99941923036  2.743519E-17
4640.23393121981  2.469036E-17
4643.46844320926  2.201282E-17
4646.70295519871  2.452722E-17
4649.93746718815  2.209353E-17
4653.1719791776  1.948354E-17
4656.40649116705  2.033440E-17
4659.6410031565  2.163254E-17
4662.87551514594  2.050828E-17
4666.11002713539  2.237926E-17
4669.34453912484  2.116780E-17
4672.57905111429  1.771164E-17
4675.81356310374  1.907049E-17
4679.04807509318  1.677833E-17
4682.28258708263  1.702146E-17
4685.51709907208  1.809660E-17
4688.75161106153  1.607847E-17
4691.98612305097  1.758951E-17
4695.22063504042  2.167140E-17
4698.45514702987  2.315510E-17
4701.68965901932  2.461239E-17
4704.92417100876  2.423964E-17
4708.15868299821  2.369583E-17
4711.39319498766  2.220264E-17
4714.62770697711  2.262933E-17
4717.86221896655  2.281804E-17
4721.096730956  2.370179E-17
4724.33124294545  2.187284E-17
4727.5657549349  2.316973E-17
4730.80026692435  2.381824E-17
4734.03477891379  2.316533E-17
4737.26929090324  2.538848E-17
4740.50380289269  2.584981E-17
4743.73831488214  2.249757E-17
4746.97282687159  2.085017E-17
4750.20733886103  2.086697E-17
4753.44185085048  2.262098E-17
4756.67636283993  2.292937E-17
4759.91087482938  2.014347E-17
4763.14538681882  1.684227E-17
4766.37989880827  1.724957E-17
4769.61441079772  1.630547E-17
4772.84892278717  2.099882E-17
4776.08343477661  1.958147E-17
4779.31794676606  1.706379E-17
4782.55245875551  1.961509E-17
4785.78697074496  2.274653E-17
4789.0214827344  2.125096E-17
4792.25599472385  2.436211E-17
4795.4905067133  2.803877E-17
4798.72501870275  2.319696E-17
4801.9595306922  2.052164E-17
4805.19404268164  2.263372E-17
4808.42855467109  2.363589E-17
4811.66306666054  2.438097E-17
4814.89757864999  2.505247E-17
4818.13209063943  2.547061E-17
4821.36660262888  2.425719E-17
4824.60111461833  2.378735E-17
4827.83562660778  2.585544E-17
4831.07013859723  2.766369E-17
4834.30465058667  2.658092E-17
4837.53916257612  2.183564E-17
4840.77367456557  2.086628E-17
4844.00818655502  2.152775E-17
4847.24269854446  2.349581E-17
4850.47721053391  2.823415E-17
4853.71172252336  2.731387E-17
4856.94623451281  2.472302E-17
4860.18074650225  2.489984E-17
4863.4152584917  2.513458E-17
4866.64977048115  2.300285E-17
4869.8842824706  2.391153E-17
4873.11879446005  3.051690E-17
4876.35330644949  3.072718E-17
4879.58781843894  3.035370E-17
4882.82233042839  3.189906E-17
4886.05684241784  2.815117E-17
4889.29135440728  2.578905E-17
4892.52586639673  2.691474E-17
4895.76037838618  2.863389E-17
4898.99489037563  2.676203E-17
4902.22940236507  2.251650E-17
4905.46391435452  2.589969E-17
4908.69842634397  2.980484E-17
4911.93293833342  2.645705E-17
4915.16745032286  2.512151E-17
4918.40196231231  2.598279E-17
4921.63647430176  2.991802E-17
4924.87098629121  2.607002E-17
4928.10549828066  2.176231E-17
4931.3400102701  2.112330E-17
4934.57452225955  2.055916E-17
4937.809034249  1.996266E-17
4941.04354623845  1.808977E-17
4944.27805822789  1.834523E-17
4947.51257021734  1.768196E-17
4950.74708220679  2.041744E-17
4953.98159419624  2.188131E-17
4957.21610618569  1.851092E-17
4960.45061817513  1.814867E-17
4963.68513016458  1.911369E-17
4966.91964215403  2.126168E-17
4970.15415414348  2.388202E-17
4973.38866613292  2.343293E-17
4976.62317812237  1.848052E-17
4979.85769011182  1.756437E-17
4983.09220210127  2.143334E-17
4986.32671409071  2.235248E-17
4989.56122608016  2.093579E-17
4992.79573806961  2.141030E-17
4996.03025005906  2.203964E-17
4999.26476204851  2.239700E-17
5002.49927403795  2.210230E-17
5005.7337860274  2.418592E-17
5008.96829801685  2.632398E-17
5012.2028100063  2.623992E-17
5015.43732199574  2.621956E-17
5018.67183398519  2.440735E-17
5021.90634597464  2.303427E-17
5025.14085796409  2.143745E-17
5028.37536995354  2.187165E-17
5031.60988194298  2.094748E-17
5034.84439393243  2.498735E-17
5038.07890592188  2.790896E-17
5041.31341791133  2.603984E-17
5044.54792990077  2.778737E-17
5047.78244189022  2.774003E-17
5051.01695387967  2.909705E-17
5054.25146586912  2.997606E-17
5057.48597785856  3.008600E-17
5060.72048984801  3.029975E-17
5063.95500183746  2.995271E-17
5067.18951382691  3.124792E-17
5070.42402581636  2.982525E-17
5073.6585378058  2.827314E-17
5076.89304979525  2.929616E-17
5080.1275617847  3.239307E-17
5083.36207377415  3.045252E-17
5086.59658576359  3.085106E-17
5089.83109775304  3.201999E-17
5093.06560974249  3.286068E-17
5096.30012173194  3.730140E-17
5099.53463372139  3.417225E-17
5102.76914571083  3.542150E-17
5106.00365770028  3.858699E-17
5109.23816968973  3.976377E-17
5112.47268167918  3.943684E-17
5115.70719366862  3.695182E-17
5118.94170565807  3.779103E-17
5122.17621764752  3.580937E-17
5125.41072963697  3.542028E-17
5128.64524162641  3.822824E-17
5131.87975361586  4.018943E-17
5135.11426560531  4.082794E-17
5138.34877759476  3.899405E-17
5141.58328958421  3.730622E-17
5144.81780157365  4.033699E-17
5148.0523135631  4.116012E-17
5151.28682555255  4.184409E-17
5154.521337542  4.042329E-17
5157.75584953144  3.831385E-17
5160.99036152089  3.795960E-17
5164.22487351034  4.051790E-17
5167.45938549979  4.039140E-17
5170.69389748923  3.953531E-17
5173.92840947868  3.710561E-17
5177.16292146813  3.642030E-17
5180.39743345758  3.713993E-17
5183.63194544703  3.740261E-17
5186.86645743647  3.498100E-17
5190.10096942592  3.664511E-17
5193.33548141537  3.939700E-17
5196.56999340482  3.935272E-17
5199.80450539426  3.556021E-17
5203.03901738371  3.025985E-17
5206.27352937316  2.891677E-17
5209.50804136261  3.139143E-17
5212.74255335205  3.533085E-17
5215.9770653415  4.071183E-17
5219.21157733095  3.858673E-17
5222.4460893204  3.646090E-17
5225.68060130985  3.714863E-17
5228.91511329929  3.600705E-17
5232.14962528874  4.004102E-17
5235.38413727819  3.851212E-17
5238.61864926764  3.221683E-17
5241.85316125708  3.022159E-17
5245.08767324653  3.535730E-17
5248.32218523598  3.588051E-17
5251.55669722543  2.978973E-17
5254.79120921488  3.781220E-17
5258.02572120432  3.953633E-17
5261.26023319377  3.658470E-17
5264.49474518322  3.220039E-17
5267.72925717267  3.341182E-17
5270.96376916211  3.567727E-17
5274.19828115156  3.419625E-17
5277.43279314101  3.314456E-17
5280.66730513046  3.297275E-17
5283.90181711991  3.127958E-17
5287.13632910935  2.824641E-17
5290.3708410988  2.855395E-17
5293.60535308825  2.962793E-17
5296.83986507769  2.751310E-17
5300.07437706714  2.436600E-17
5303.30888905659  2.747394E-17
5306.54340104604  2.847275E-17
5309.77791303548  2.669676E-17
5313.01242502493  2.688584E-17
5316.24693701438  2.983534E-17
5319.48144900383  2.867845E-17
5322.71596099328  2.402029E-17
5325.95047298272  2.174621E-17
5329.18498497217  2.281120E-17
5332.41949696162  2.132907E-17
5335.65400895107  2.101471E-17
5338.88852094051  1.976826E-17
5342.12303292996  1.873433E-17
5345.35754491941  1.778334E-17
5348.59205690886  1.605938E-17
5351.82656889831  1.449860E-17
5355.06108088775  1.552602E-17
5358.2955928772  1.717494E-17
5361.53010486665  1.523312E-17
5364.7646168561  1.157835E-17
5367.99912884554  1.291516E-17
5371.23364083499  1.260743E-17
5374.46815282444  1.316591E-17
5377.70266481389  1.759298E-17
5380.93717680333  1.908714E-17
5384.17168879278  1.582788E-17
5387.40620078223  1.502666E-17
5390.64071277168  1.603879E-17
5393.87522476113  1.545786E-17
5397.10973675057  1.650449E-17
5400.34424874002  2.088305E-17
5403.57876072947  2.078662E-17
5406.81327271892  1.615121E-17
5410.04778470836  1.404084E-17
5413.28229669781  1.594140E-17
5416.51680868726  1.744144E-17
5419.75132067671  1.607556E-17
5422.98583266615  1.468110E-17
5426.2203446556  1.611162E-17
5429.45485664505  1.635692E-17
5432.6893686345  1.468927E-17
5435.92388062395  1.516637E-17
5439.15839261339  1.634764E-17
5442.39290460284  1.388877E-17
5445.62741659229  1.444188E-17
5448.86192858174  1.467067E-17
5452.09644057118  1.503413E-17
5455.33095256063  1.582075E-17
5458.56546455008  1.521410E-17
5461.79997653953  1.343414E-17
5465.03448852898  1.565484E-17
5468.26900051843  1.892291E-17
5471.50351250787  1.685625E-17
5474.73802449732  1.608442E-17
5477.97253648677  1.884498E-17
5481.20704847621  2.134338E-17
5484.44156046566  2.180751E-17
5487.67607245511  1.905549E-17
5490.91058444456  1.711757E-17
5494.145096434  1.792059E-17
5497.37960842345  1.744936E-17
5500.6141204129  1.545470E-17
5503.84863240235  1.551884E-17
5507.0831443918  1.808124E-17
5510.31765638124  2.077937E-17
5513.55216837069  2.209848E-17
5516.78668036014  2.108563E-17
5520.02119234959  2.011001E-17
5523.25570433903  2.042081E-17
5526.49021632848  2.180472E-17
5529.72472831793  2.337466E-17
5532.95924030738  2.307949E-17
5536.19375229683  2.216829E-17
5539.42826428627  2.344107E-17
5542.66277627572  2.332107E-17
5545.89728826517  2.254210E-17
5549.13180025462  2.331108E-17
5552.36631224406  2.520642E-17
5555.60082423351  2.589162E-17
5558.83533622296  2.441418E-17
5562.06984821241  2.287871E-17
5565.30436020185  2.402258E-17
5568.5388721913  2.491944E-17
5571.77338418075  2.672185E-17
5575.0078961702  2.723445E-17
5578.24240815964  2.661071E-17
5581.47692014909  2.683777E-17
5584.71143213854  2.589340E-17
5587.94594412799  2.601676E-17
5591.18045611744  2.829939E-17
5594.41496810688  2.611809E-17
5597.64948009633  2.226124E-17
5600.88399208578  2.270500E-17
5604.11850407523  2.313385E-17
5607.35301606467  2.269945E-17
5610.58752805412  2.196306E-17
5613.82204004357  2.043757E-17
5617.05655203302  2.098047E-17
5620.29106402247  2.335336E-17
5623.52557601191  2.314972E-17
5626.76008800136  2.297719E-17
5629.99459999081  2.387971E-17
5633.22911198026  2.359411E-17
5636.4636239697  2.316717E-17
5639.69813595915  2.329331E-17
5642.9326479486  2.471984E-17
5646.16715993805  2.663689E-17
5649.40167192749  2.390664E-17
5652.63618391694  1.802027E-17
5655.87069590639  1.759473E-17
5659.10520789584  1.843199E-17
5662.33971988529  1.886720E-17
5665.57423187473  1.825025E-17
5668.80874386418  1.789122E-17
5672.04325585363  1.904373E-17
5675.27776784308  2.045658E-17
5678.51227983252  2.114974E-17
5681.74679182197  2.287477E-17
5684.98130381142  2.492462E-17
5688.21581580087  2.432550E-17
5691.45032779032  2.308633E-17
5694.68483977976  2.155074E-17
5697.91935176921  1.961075E-17
5701.15386375866  1.894226E-17
5704.38837574811  2.032648E-17
5707.62288773755  2.212989E-17
5710.857399727  2.294616E-17
5714.09191171645  2.169667E-17
5717.3264237059  2.024118E-17
5720.56093569535  1.944561E-17
5723.79544768479  1.933576E-17
5727.02995967424  1.942535E-17
5730.26447166369  2.080912E-17
5733.49898365314  2.005947E-17
5736.73349564258  1.731195E-17
5739.96800763203  1.868024E-17
5743.20251962148  2.008087E-17
5746.43703161093  1.853103E-17
5749.67154360037  1.776271E-17
5752.90605558982  1.728265E-17
5756.14056757927  1.962189E-17
5759.37507956871  2.241474E-17
5762.60959155816  2.174681E-17
5765.84410354761  1.781693E-17
5769.07861553706  1.383453E-17
5772.31312752651  1.409287E-17
5775.54763951596  1.641570E-17
5778.7821515054  1.662946E-17
5782.01666349485  1.683225E-17
5785.2511754843  1.771296E-17
5788.48568747375  1.762532E-17
5791.72019946319  1.789741E-17
5794.95471145264  1.922433E-17
5798.18922344209  1.922901E-17
5801.42373543154  1.809511E-17
5804.65824742098  1.789593E-17
5807.89275941043  1.914057E-17
5811.12727139988  2.056153E-17
5814.36178338933  2.119869E-17
5817.59629537878  2.151633E-17
5820.83080736822  2.173242E-17
5824.06531935767  2.266247E-17
5827.29983134712  2.331862E-17
5830.53434333656  2.250087E-17
5833.76885532601  2.233139E-17
5837.00336731546  2.143028E-17
5840.23787930491  2.090430E-17
5843.47239129436  2.006131E-17
5846.70690328381  2.123809E-17
5849.94141527325  2.331668E-17
5853.1759272627  2.248211E-17
5856.41043925215  2.212873E-17
5859.6449512416  2.433877E-17
5862.87946323104  2.419439E-17
5866.11397522049  2.291694E-17
5869.34848720994  2.196289E-17
5872.58299919939  2.434160E-17
5875.81751118884  2.589108E-17
5879.05202317828  2.573693E-17
5882.28653516773  2.581842E-17
5885.52104715718  2.600672E-17
5888.75555914662  2.668710E-17
5891.99007113607  2.537175E-17
5895.22458312552  2.468271E-17
5898.45909511497  2.485024E-17
5901.69360710441  2.491156E-17
5904.92811909386  2.596674E-17
5908.16263108331  2.729632E-17
5911.39714307276  2.677084E-17
5914.63165506221  2.547670E-17
5917.86616705165  2.629945E-17
5921.1006790411  2.742991E-17
5924.33519103055  2.792040E-17
5927.56970302  2.878123E-17
5930.80421500944  3.024074E-17
5934.03872699889  3.028483E-17
5937.27323898834  2.847918E-17
5940.50775097779  2.709652E-17
5943.74226296724  2.660900E-17
5946.97677495668  2.571618E-17
5950.21128694613  2.460613E-17
5953.44579893558  2.474073E-17
5956.68031092503  2.616683E-17
5959.91482291447  2.711202E-17
5963.14933490392  2.684646E-17
5966.38384689337  2.588781E-17
5969.61835888282  2.513482E-17
5972.85287087226  2.527006E-17
5976.08738286171  2.701094E-17
5979.32189485116  2.713626E-17
5982.55640684061  2.514304E-17
5985.79091883006  2.442553E-17
5989.0254308195  2.580042E-17
5992.25994280895  2.775198E-17
5995.4944547984  2.825212E-17
5998.72896678785  2.756078E-17
6001.9634787773  2.577343E-17
6005.19799076674  2.523515E-17
6008.43250275619  2.583940E-17
6011.66701474564  2.623504E-17
6014.90152673508  2.594557E-17
6018.13603872453  2.730536E-17
6021.37055071398  2.659479E-17
6024.60506270343  2.397445E-17
6027.83957469288  2.389725E-17
6031.07408668232  2.576412E-17
6034.30859867177  2.570365E-17
6037.54311066122  2.435333E-17
6040.77762265067  2.399771E-17
6044.01213464011  2.496935E-17
6047.24664662956  2.612571E-17
6050.48115861901  2.641604E-17
6053.71567060846  2.475253E-17
6056.9501825979  2.278729E-17
6060.18469458735  2.262079E-17
6063.4192065768  2.340529E-17
6066.65371856625  2.367228E-17
6069.8882305557  2.318780E-17
6073.12274254514  2.356408E-17
6076.35725453459  2.422280E-17
6079.59176652404  2.495235E-17
6082.82627851349  2.528547E-17
6086.06079050293  2.438648E-17
6089.29530249238  2.353402E-17
6092.52981448183  2.392314E-17
6095.76432647128  2.385903E-17
6098.99883846073  2.311561E-17
6102.23335045017  2.265211E-17
6105.46786243962  2.348401E-17
6108.70237442907  2.418186E-17
6111.93688641852  2.371748E-17
6115.17139840796  2.409359E-17
6118.40591039741  2.412534E-17
6121.64042238686  2.228945E-17
6124.87493437631  2.163647E-17
6128.10944636575  2.140395E-17
6131.3439583552  2.077630E-17
6134.57847034465  2.178626E-17
6137.8129823341  2.400564E-17
6141.04749432355  2.453785E-17
6144.28200631299  2.293153E-17
6147.51651830244  2.212782E-17
6150.75103029189  2.293207E-17
6153.98554228134  2.277084E-17
6157.22005427078  2.146919E-17
6160.45456626023  2.092980E-17
6163.68907824968  2.207326E-17
6166.92359023913  2.283014E-17
6170.15810222858  2.298082E-17
6173.39261421802  2.177443E-17
6176.62712620747  1.933796E-17
6179.86163819692  1.863627E-17
6183.09615018637  2.082667E-17
6186.33066217581  2.223365E-17
6189.56517416526  2.127712E-17
6192.79968615471  2.148919E-17
6196.03419814416  1.990049E-17
6199.2687101336  1.937431E-17
6202.50322212305  2.009784E-17
6205.7377341125  2.139118E-17
6208.97224610195  2.289548E-17
6212.2067580914  2.248911E-17
6215.44127008084  2.064090E-17
6218.67578207029  1.983423E-17
6221.91029405974  1.946187E-17
6225.14480604919  1.932873E-17
6228.37931803863  2.062836E-17
6231.61383002808  2.129896E-17
6234.84834201753  2.063670E-17
6238.08285400698  1.956425E-17
6241.31736599643  1.810733E-17
6244.55187798587  1.747867E-17
6247.78638997532  1.880438E-17
6251.02090196477  1.929078E-17
6254.25541395422  1.925685E-17
6257.48992594366  1.959674E-17
6260.72443793311  2.001562E-17
6263.95894992256  1.935970E-17
6267.19346191201  1.755159E-17
6270.42797390145  1.696452E-17
6273.6624858909  1.804380E-17
6276.89699788035  1.736073E-17
6280.1315098698  1.677860E-17
6283.36602185925  1.676462E-17
6286.60053384869  1.598679E-17
6289.83504583814  1.592138E-17
6293.06955782759  1.524902E-17
6296.30406981704  1.448784E-17
6299.53858180648  1.424284E-17
6302.77309379593  1.324213E-17
6306.00760578538  1.435325E-17
6309.24211777483  1.603057E-17
6312.47662976428  1.458266E-17
6315.71114175372  1.498652E-17
6318.94565374317  1.674418E-17
6322.18016573262  1.713727E-17
6325.41467772206  1.652430E-17
6328.64918971151  1.611961E-17
6331.88370170096  1.586605E-17
6335.11821369041  1.532389E-17
6338.35272567986  1.457049E-17
6341.5872376693  1.442641E-17
6344.82174965875  1.442609E-17
6348.0562616482  1.512137E-17
6351.29077363765  1.486505E-17
6354.52528562709  1.516353E-17
6357.75979761654  1.581498E-17
6360.99430960599  1.572967E-17
6364.22882159544  1.689167E-17
6367.46333358489  1.529119E-17
6370.69784557433  1.250826E-17
6373.93235756378  1.149259E-17
6377.16686955323  1.254949E-17
6380.40138154268  1.418579E-17
6383.63589353212  1.515115E-17
6386.87040552157  1.527686E-17
6390.10491751102  1.500866E-17
6393.33942950047  1.447041E-17
6396.57394148992  1.340761E-17
6399.80845347936  1.251638E-17
6403.04296546881  1.338570E-17
6406.27747745826  1.415707E-17
6409.51198944771  1.487316E-17
6412.74650143715  1.488773E-17
6415.9810134266  1.410068E-17
6419.21552541605  1.366417E-17
6422.45003740549  1.359307E-17
6425.68454939494  1.362343E-17
6428.91906138439  1.357564E-17
6432.15357337384  1.309158E-17
6435.38808536329  1.323183E-17
6438.62259735274  1.379998E-17
6441.85710934218  1.291307E-17
6445.09162133163  1.243903E-17
6448.32613332108  9.827556E-18
6451.56064531053  2.905543E-18
6454.79515729997  2.454669E-18
6458.02966928942  8.709610E-18
6461.26418127887  1.049512E-17
6464.49869326832  1.174329E-17
6467.73320525776  1.419310E-17
6470.96771724721  1.412264E-17
6474.20222923666  1.318111E-17
6477.43674122611  1.331560E-17
6480.67125321555  1.227358E-17
6483.905765205  1.086070E-17
6487.14027719445  1.049360E-17
6490.3747891839  9.429224E-18
6493.60930117335  1.082854E-17
6496.84381316279  1.316500E-17
6500.07832515224  1.288531E-17
6503.31283714169  1.153878E-17
6506.54734913114  1.072349E-17
6509.78186112058  1.052813E-17
6513.01637311003  1.146038E-17
6516.25088509948  1.106308E-17
6519.48539708893  1.067839E-17
6522.71990907837  1.043459E-17
6525.95442106782  9.521612E-18
6529.18893305727  9.219767E-18
6532.42344504672  9.402833E-18
6535.65795703617  9.274451E-18
6538.89246902561  9.493165E-18
6542.12698101506  1.062787E-17
6545.36149300451  1.154599E-17
6548.59600499396  1.058514E-17
6551.8305169834  9.848110E-18
6555.06502897285  1.127151E-17
6558.2995409623  1.194297E-17
6561.53405295175  1.103616E-17
6564.7685649412  1.023457E-17
6568.00307693064  1.024097E-17
6571.23758892009  1.023383E-17
6574.47210090954  9.167717E-18
6577.70661289898  7.836750E-18
6580.94112488844  7.516651E-18
6584.17563687788  9.432084E-18
6587.41014886733  1.053666E-17
6590.64466085678  1.042737E-17
6593.87917284623  1.093973E-17
6597.11368483567  1.176736E-17
6600.34819682512  1.192665E-17
6603.58270881457  1.231858E-17
6606.81722080401  1.263325E-17
6610.05173279346  1.077784E-17
6613.28624478291  1.142132E-17
6616.52075677236  1.244243E-17
6619.75526876181  1.297473E-17
6622.98978075125  1.375587E-17
6626.2242927407  1.338677E-17
6629.45880473015  1.225192E-17
6632.6933167196  1.256788E-17
6635.92782870904  1.272993E-17
6639.16234069849  1.294167E-17
6642.39685268794  1.276779E-17
6645.63136467739  1.277355E-17
6648.86587666684  1.309128E-17
6652.10038865628  1.350352E-17
6655.33490064573  1.443182E-17
6658.56941263518  1.553645E-17
6661.80392462463  1.497904E-17
6665.03843661407  1.280115E-17
6668.27294860352  1.190219E-17
6671.50746059297  1.201729E-17
6674.74197258242  1.262739E-17
6677.97648457186  1.342456E-17
6681.21099656131  1.354372E-17
6684.44550855076  1.358334E-17
6687.68002054021  1.403727E-17
6690.91453252966  1.365154E-17
6694.1490445191  1.254210E-17
6697.38355650855  1.187107E-17
6700.618068498  1.141067E-17
6703.85258048745  1.272141E-17
6707.08709247689  1.419482E-17
6710.32160446634  1.549417E-17
6713.55611645579  1.546640E-17
6716.79062844524  1.439299E-17
6720.02514043469  1.467137E-17
6723.25965242413  1.504779E-17
6726.49416441358  1.453461E-17
6729.72867640303  1.486530E-17
6732.96318839248  1.496193E-17
6736.19770038192  1.466748E-17
6739.43221237137  1.519466E-17
6742.66672436082  1.573904E-17
6745.90123635027  1.532561E-17
6749.13574833971  1.480334E-17
6752.37026032916  1.437976E-17
6755.60477231861  1.395893E-17
6758.83928430806  1.511603E-17
6762.0737962975  1.478590E-17
6765.30830828695  1.286370E-17
6768.5428202764  1.194950E-17
6771.77733226585  1.223406E-17
6775.0118442553  1.256546E-17
6778.24635624474  1.255024E-17
6781.48086823419  1.201999E-17
6784.71538022364  1.153982E-17
6787.94989221309  1.183186E-17
6791.18440420253  1.237242E-17
6794.41891619198  1.339147E-17
6797.65342818143  1.285224E-17
6800.88794017088  1.170733E-17
6804.12245216033  1.244270E-17
6807.35696414977  1.290450E-17
6810.59147613922  1.132611E-17
6813.82598812867  1.152868E-17
6817.06050011812  1.257622E-17
6820.29501210756  1.325953E-17
6823.52952409701  1.264229E-17
6826.76403608646  1.165980E-17
6829.99854807591  1.234899E-17
6833.23306006535  1.334977E-17
6836.4675720548  1.288917E-17
6839.70208404425  1.238932E-17
6842.9365960337  1.264765E-17
6846.17110802315  1.287333E-17
6849.40562001259  1.292180E-17
6852.64013200204  1.295248E-17
6855.87464399149  1.264273E-17
6859.10915598094  1.302611E-17
6862.34366797038  1.513032E-17
6865.57817995983  1.694837E-17
6868.81269194928  1.571709E-17
6872.04720393873  1.247081E-17
6875.28171592818  1.049392E-17
6878.51622791762  1.114960E-17
6881.75073990707  1.190777E-17
6884.98525189652  1.227294E-17
6888.21976388597  1.407023E-17
6891.45427587541  1.480799E-17
6894.68878786486  1.387028E-17
6897.92329985431  1.402028E-17
6901.15781184376  1.449678E-17
6904.3923238332  1.455512E-17
6907.62683582265  1.510252E-17
6910.8613478121  1.465151E-17
6914.09585980155  1.392837E-17
6917.33037179099  1.342539E-17
6920.56488378044  1.278078E-17
6923.79939576989  1.247987E-17
6927.03390775934  1.344459E-17
6930.26841974879  1.453011E-17
6933.50293173823  1.420529E-17
6936.73744372768  1.456617E-17
6939.97195571713  1.403149E-17
6943.20646770658  1.435106E-17
6946.44097969602  1.354171E-17
6949.67549168547  1.251907E-17
6952.91000367492  1.260864E-17
6956.14451566437  1.242100E-17
6959.37902765382  1.226406E-17
6962.61353964326  1.298737E-17
6965.84805163271  1.233766E-17
6969.08256362216  1.254800E-17
6972.31707561161  1.322888E-17
6975.55158760105  1.250711E-17
6978.7860995905  1.172483E-17
6982.02061157995  1.211185E-17
6985.2551235694  1.237655E-17
6988.48963555884  1.231492E-17
6991.72414754829  1.272614E-17
6994.95865953774  1.216572E-17
6998.19317152719  1.275478E-17
7001.42768351664  1.321130E-17
7004.66219550608  1.178140E-17
7007.89670749553  1.059716E-17
7011.13121948498  1.181599E-17
7014.36573147443  1.260609E-17
7017.60024346387  1.095170E-17
7020.83475545332  9.944820E-18
7024.06926744277  1.039327E-17
7027.30377943222  1.165427E-17
7030.53829142167  1.207243E-17
7033.77280341111  1.245830E-17
7037.00731540056  1.276553E-17
7040.24182739001  1.231323E-17
7043.47633937946  1.181029E-17
7046.7108513689  1.156411E-17
7049.94536335835  1.129197E-17
7053.1798753478  1.224219E-17
7056.41438733724  1.342099E-17
7059.64889932669  1.347873E-17
7062.88341131614  1.368785E-17
7066.11792330559  1.379426E-17
7069.35243529504  1.358975E-17
7072.58694728448  1.354861E-17
7075.82145927393  1.355093E-17
7079.05597126338  1.337399E-17
7082.29048325283  1.341251E-17
7085.52499524227  1.369689E-17
7088.75950723172  1.413923E-17
7091.99401922117  1.475759E-17
7095.22853121062  1.350746E-17
7098.46304320007  1.330695E-17
7101.69755518951  1.410132E-17
7104.93206717896  1.431469E-17
7108.16657916841  1.503566E-17
7111.40109115786  1.525079E-17
7114.6356031473  1.539975E-17
7117.87011513675  1.558115E-17
7121.1046271262  1.520410E-17
7124.33913911565  1.528079E-17
7127.5736511051  1.494478E-17
7130.80816309454  1.395497E-17
7134.04267508399  1.408984E-17
7137.27718707344  1.568399E-17
7140.51169906289  1.668730E-17
7143.74621105234  1.658829E-17
7146.98072304178  1.715629E-17
7150.21523503123  1.738401E-17
7153.44974702068  1.749548E-17
7156.68425901012  1.771181E-17
7159.91877099957  1.797307E-17
7163.15328298902  1.856593E-17
7166.38779497847  1.918754E-17
7169.62230696791  1.892067E-17
7172.85681895736  1.804358E-17
7176.09133094681  1.764653E-17
7179.32584293626  1.831580E-17
7182.56035492571  1.923142E-17
7185.79486691515  1.947576E-17
7189.0293789046  1.800501E-17
7192.26389089405  1.643004E-17
7195.4984028835  1.686009E-17
7198.73291487294  1.810932E-17
7201.96742686239  1.841857E-17
7205.20193885184  1.799266E-17
7208.43645084129  1.859528E-17
7211.67096283074  1.921350E-17
7214.90547482018  2.009200E-17
7218.13998680963  2.075128E-17
7221.37449879908  1.989179E-17
7224.60901078853  1.893589E-17
7227.84352277797  1.886391E-17
7231.07803476742  1.809001E-17
7234.31254675687  1.900897E-17
7237.54705874632  2.018793E-17
7240.78157073576  2.088657E-17
7244.01608272521  2.007982E-17
7247.25059471466  1.817389E-17
7250.48510670411  1.805620E-17
7253.71961869356  1.876528E-17
7256.954130683  1.743850E-17
7260.18864267245  1.658819E-17
7263.4231546619  1.774202E-17
7266.65766665135  1.851869E-17
7269.89217864079  1.875523E-17
7273.12669063024  1.848814E-17
7276.36120261969  1.751475E-17
7279.59571460914  1.699991E-17
7282.83022659859  1.747838E-17
7286.06473858803  1.793295E-17
7289.29925057748  1.758200E-17
7292.53376256693  1.668518E-17
7295.76827455638  1.668328E-17
7299.00278654582  1.624154E-17
7302.23729853527  1.651094E-17
7305.47181052472  1.743730E-17
7308.70632251417  1.712396E-17
7311.94083450361  1.667840E-17
7315.17534649306  1.725892E-17
7318.40985848251  1.629824E-17
7321.64437047196  1.420981E-17
7324.87888246141  1.537000E-17
7328.11339445085  1.745959E-17
7331.3479064403  1.751928E-17
7334.58241842975  1.642458E-17
7337.8169304192  1.623913E-17
7341.05144240864  1.679256E-17
7344.28595439809  1.682719E-17
7347.52046638754  1.618654E-17
7350.75497837699  1.581883E-17
7353.98949036643  1.681755E-17
7357.22400235588  1.771244E-17
7360.45851434533  1.743153E-17
7363.69302633478  1.767613E-17
7366.92753832423  1.684423E-17
7370.16205031367  1.582206E-17
7373.39656230312  1.671832E-17
7376.63107429257  1.758183E-17
7379.86558628202  1.708358E-17
7383.10009827146  1.724882E-17
7386.33461026091  1.826041E-17
7389.56912225036  1.764401E-17
7392.80363423981  1.741511E-17
7396.03814622926  1.869399E-17
7399.2726582187  2.048842E-17
7402.50717020815  2.158773E-17
7405.7416821976  2.090021E-17
7408.97619418705  1.904236E-17
7412.21070617649  1.869453E-17
7415.44521816594  1.930558E-17
7418.67973015539  1.911052E-17
7421.91424214484  1.819926E-17
7425.14875413428  1.780277E-17
7428.38326612373  1.808546E-17
7431.61777811318  1.819694E-17
7434.85229010263  1.754923E-17
7438.08680209208  1.686255E-17
7441.32131408152  1.721292E-17
7444.55582607097  1.728985E-17
7447.79033806042  1.648563E-17
7451.02485004986  1.549132E-17
7454.25936203931  1.524717E-17
7457.49387402876  1.575889E-17
7460.72838601821  1.650138E-17
7463.96289800766  1.634273E-17
7467.1974099971  1.540514E-17
7470.43192198655  1.552282E-17
7473.666433976  1.516068E-17
7476.90094596545  1.374011E-17
7480.1354579549  1.310412E-17
7483.36996994434  1.368548E-17
7486.60448193379  1.428966E-17
7489.83899392324  1.273954E-17
7493.07350591269  1.072040E-17
7496.30801790213  1.139010E-17
7499.54252989158  1.273104E-17
7502.77704188103  1.329218E-17
7506.01155387048  1.312605E-17
7509.24606585993  1.121234E-17
7512.48057784937  1.105449E-17
7515.71508983882  1.272589E-17
7518.94960182827  1.345356E-17
7522.18411381772  1.241205E-17
7525.41862580716  1.189266E-17
7528.65313779661  1.321045E-17
7531.88764978606  1.355696E-17
7535.12216177551  1.331783E-17
7538.35667376495  1.226989E-17
7541.5911857544  1.143735E-17
7544.82569774385  1.118097E-17
7548.0602097333  1.080036E-17
7551.29472172275  1.053189E-17
7554.52923371219  1.044439E-17
7557.76374570164  1.029754E-17
7560.99825769109  1.143056E-17
7564.23276968054  1.251392E-17
7567.46728166998  1.211787E-17
7570.70179365943  1.170657E-17
7573.93630564888  1.293984E-17
7577.17081763833  1.370445E-17
7580.40532962778  1.248107E-17
7583.63984161722  1.100600E-17
7586.87435360667  1.072082E-17
7590.10886559612  1.187505E-17
7593.34337758556  1.466385E-17
7596.57788957501  1.518765E-17
7599.81240156446  1.307513E-17
7603.04691355391  9.879881E-18
7606.28142554336  8.832372E-18
7609.5159375328  7.285744E-18
7612.75044952225  4.239395E-18
7615.9849615117  4.438267E-18
7619.21947350115  7.177272E-18
7622.45398549059  9.698569E-18
7625.68849748004  1.085940E-17
7628.92300946949  1.007625E-17
7632.15752145894  8.722242E-18
7635.39203344839  7.144981E-18
7638.62654543783  6.973575E-18
7641.86105742728  8.539191E-18
7645.09556941673  8.955730E-18
7648.33008140618  8.204820E-18
7651.56459339562  9.135134E-18
7654.79910538507  9.326834E-18
7658.03361737452  9.588208E-18
7661.26812936397  9.606938E-18
7664.50264135341  9.555099E-18
7667.73715334286  9.472166E-18
7670.97166533231  9.830894E-18
7674.20617732176  1.121438E-17
7677.4406893112  1.204931E-17
7680.67520130065  1.070410E-17
7683.9097132901  9.172675E-18
7687.14422527955  8.888527E-18
7690.378737269  9.162359E-18
7693.61324925845  9.436158E-18
7696.84776124789  9.760731E-18
7700.08227323734  1.038729E-17
7703.31678522679  1.073591E-17
7706.55129721624  1.013947E-17
7709.78580920568  9.553175E-18
7713.02032119513  9.606705E-18
7716.25483318458  1.080868E-17
7719.48934517403  1.329178E-17
7722.72385716347  1.240388E-17
7725.95836915292  1.008184E-17
7729.19288114237  1.040282E-17
7732.42739313182  1.171165E-17
7735.66190512126  1.160082E-17
7738.89641711071  1.114791E-17
7742.13092910016  1.087600E-17
7745.36544108961  1.135853E-17
7748.59995307905  1.127695E-17
7751.8344650685  1.259346E-17
7755.06897705795  1.266103E-17
7758.3034890474  1.087463E-17
7761.53800103685  1.012239E-17
7764.7725130263  1.066014E-17
7768.00702501574  1.118113E-17
7771.24153700519  1.110241E-17
7774.47604899464  1.025648E-17
7777.71056098409  1.062631E-17
7780.94507297353  1.165242E-17
7784.17958496298  1.169010E-17
7787.41409695243  1.104582E-17
7790.64860894187  1.041807E-17
7793.88312093132  1.108280E-17
7797.11763292077  1.307122E-17
7800.35214491022  1.268497E-17
7803.58665689967  1.184294E-17
7806.82116888911  9.329448E-18
7810.05568087856  8.053226E-18
7813.29019286801  8.908694E-18
7816.52470485746  1.044549E-17
7819.7592168469  1.005266E-17
7822.99372883635  8.401483E-18
7826.2282408258  8.203029E-18
7829.46275281525  8.255485E-18
7832.6972648047  9.789117E-18
7835.93177679414  8.876782E-18
7839.16628878359  7.753305E-18
7842.40080077304  8.456607E-18
7845.63531276249  1.010850E-17
7848.86982475193  1.048298E-17
7852.10433674138  1.044155E-17
7855.33884873083  1.132968E-17
7858.57336072028  1.048091E-17
7861.80787270972  9.343441E-18
7865.04238469917  9.715808E-18
7868.27689668862  9.854423E-18
7871.51140867807  9.391455E-18
7874.74592066752  9.780627E-18
7877.98043265696  1.064479E-17
7881.21494464641  1.114426E-17
7884.44945663586  1.165289E-17
7887.68396862531  1.156322E-17
7890.91848061475  1.028063E-17
7894.1529926042  9.639177E-18
7897.38750459365  1.005200E-17
7900.6220165831  1.042983E-17
7903.85652857254  1.041164E-17
7907.09104056199  9.876205E-18
7910.32555255144  9.767256E-18
7913.56006454089  1.068272E-17
7916.79457653034  1.097253E-17
7920.02908851978  9.919698E-18
7923.26360050923  8.661962E-18
7926.49811249868  9.729868E-18
7929.73262448813  1.087836E-17
7932.96713647757  1.018150E-17
7936.20164846702  9.750686E-18
7939.43616045647  1.075409E-17
7942.67067244592  1.126713E-17
7945.90518443536  1.033559E-17
7949.13969642481  9.325322E-18
7952.37420841426  9.436259E-18
7955.60872040371  1.049614E-17
7958.84323239316  1.231462E-17
7962.0777443826  1.405688E-17
7965.31225637205  1.344619E-17
7968.5467683615  1.190786E-17
7971.78128035095  1.202062E-17
7975.01579234039  1.235729E-17
7978.25030432984  1.155811E-17
7981.48481631929  1.070092E-17
7984.71932830874  1.097323E-17
7987.95384029819  1.082801E-17
7991.18835228763  1.113043E-17
7994.42286427708  1.123920E-17
7997.65737626653  1.098706E-17
8000.89188825598  1.105537E-17
8004.12640024542  1.120412E-17
8007.36091223487  1.120502E-17
8010.59542422432  1.047670E-17
8013.82993621377  1.022852E-17
8017.06444820321  9.783628E-18
8020.29896019266  1.001029E-17
8023.53347218211  1.095754E-17
8026.76798417156  1.170634E-17
8030.00249616101  1.166887E-17
8033.23700815045  1.103932E-17
8036.4715201399  1.057659E-17
8039.70603212935  1.060269E-17
8042.9405441188  1.086071E-17
8046.17505610824  1.086096E-17
8049.40956809769  9.851205E-18
8052.64408008714  1.000847E-17
8055.87859207659  1.054263E-17
8059.11310406603  1.006954E-17
8062.34761605548  1.032776E-17
8065.58212804493  1.129647E-17
8068.81664003438  1.083951E-17
8072.05115202383  1.128258E-17
8075.28566401327  1.263000E-17
8078.52017600272  1.123331E-17
8081.75468799217  1.073012E-17
8084.98919998162  1.120213E-17
8088.22371197106  1.070941E-17
8091.45822396051  1.044882E-17
8094.69273594996  1.111268E-17
8097.92724793941  1.206215E-17
8101.16175992885  1.223949E-17
8104.3962719183  1.139519E-17
8107.63078390775  1.154464E-17
8110.8652958972  1.261298E-17
8114.09980788664  1.255045E-17
8117.33431987609  1.163807E-17
8120.56883186554  1.203415E-17
8123.80334385499  1.340625E-17
8127.03785584444  1.383871E-17
8130.27236783388  1.422208E-17
8133.50687982333  1.462031E-17
8136.74139181278  1.470152E-17
8139.97590380223  1.464645E-17
8143.21041579168  1.511826E-17
8146.44492778112  1.574227E-17
8149.67943977057  1.595299E-17
8152.91395176002  1.596149E-17
8156.14846374947  1.632364E-17
8159.38297573891  1.751462E-17
8162.61748772836  1.805929E-17
8165.85199971781  1.834837E-17
8169.08651170725  1.933629E-17
8172.32102369671  1.966853E-17
8175.55553568615  2.046461E-17
8178.7900476756  2.225463E-17
8182.02455966505  2.374051E-17
8185.25907165449  2.551288E-17
8188.49358364394  2.741267E-17
8191.72809563339  2.885954E-17
8194.96260762284  2.980595E-17
8198.19711961229  2.945946E-17
8201.43163160173  3.037690E-17
8204.66614359118  3.265175E-17
8207.90065558063  3.491064E-17
8211.13516757008  3.671628E-17
8214.36967955953  3.770028E-17
8217.60419154897  3.851362E-17
8220.83870353842  3.908279E-17
8224.07321552787  3.916705E-17
8227.30772751732  3.874368E-17
8230.54223950676  3.846231E-17
8233.77675149621  3.994655E-17
8237.01126348566  4.351557E-17
8240.24577547511  4.699630E-17
8243.48028746455  4.795476E-17
8246.714799454  4.689536E-17
8249.94931144345  4.703757E-17
8253.1838234329  4.885907E-17
8256.41833542234  4.941743E-17
8259.65284741179  4.831184E-17
8262.88735940124  4.821863E-17
8266.12187139069  4.859175E-17
8269.35638338013  4.755748E-17
8272.59089536958  4.595856E-17
8275.82540735903  4.425574E-17
8279.05991934848  4.211856E-17
8282.29443133793  4.174863E-17
8285.52894332737  4.173880E-17
8288.76345531682  4.243539E-17
8291.99796730627  4.296896E-17
8295.23247929572  4.168556E-17
8298.46699128516  3.877404E-17
8301.70150327461  3.527637E-17
8304.93601526406  3.318440E-17
8308.17052725351  3.467173E-17
8311.40503924295  3.481722E-17
8314.6395512324  3.295284E-17
8317.87406322185  3.122434E-17
8321.1085752113  2.929208E-17
8324.34308720075  2.834537E-17
8327.57759919019  2.864262E-17
8330.81211117964  2.897435E-17
8334.04662316909  2.888047E-17
8337.28113515854  2.721801E-17
8340.51564714799  2.600946E-17
8343.75015913743  2.529466E-17
8346.98467112688  2.457785E-17
8350.21918311633  2.473600E-17
8353.45369510577  2.321428E-17
8356.68820709522  2.061630E-17
8359.92271908467  2.081633E-17
8363.15723107412  2.231853E-17
8366.39174306357  2.164034E-17
8369.62625505301  2.129192E-17
8372.86076704246  2.204065E-17
8376.09527903191  2.165561E-17
8379.32979102136  1.902807E-17
8382.5643030108  1.843090E-17
8385.79881500025  1.908936E-17
8389.0333269897  1.853548E-17
8392.26783897915  1.870085E-17
8395.5023509686  1.884526E-17
8398.73686295804  1.730782E-17
8401.97137494749  1.627966E-17
8405.20588693694  1.872091E-17
8408.44039892639  1.861561E-17
8411.67491091583  1.778992E-17
8414.90942290528  1.851362E-17
8418.14393489473  1.863287E-17
8421.37844688418  1.744976E-17
8424.61295887362  1.569805E-17
8427.84747086307  1.475464E-17
8431.08198285252  1.588917E-17
8434.31649484197  1.534040E-17
8437.55100683142  1.420153E-17
8440.78551882086  1.431310E-17
8444.02003081031  1.504804E-17
8447.25454279976  1.420276E-17
8450.48905478921  1.156244E-17
8453.72356677865  1.103207E-17
8456.9580787681  1.427793E-17
8460.19259075755  1.591280E-17
8463.427102747  1.802358E-17
8466.66161473645  1.837047E-17
8469.89612672589  1.742736E-17
8473.13063871534  1.593118E-17
8476.36515070479  1.434423E-17
8479.59966269424  1.340098E-17
8482.83417468368  1.272214E-17
8486.06868667313  1.238661E-17
8489.30319866258  1.310651E-17
8492.53771065203  1.397206E-17
8495.77222264147  1.388199E-17
8499.00673463092  1.238375E-17
8502.24124662037  1.241457E-17
8505.47575860982  1.313649E-17
8508.71027059926  1.295945E-17
8511.94478258871  1.340962E-17
8515.17929457816  1.307295E-17
8518.41380656761  1.122797E-17
8521.64831855706  1.052394E-17
8524.8828305465  1.052602E-17
8528.11734253595  1.043430E-17
8531.3518545254  1.074964E-17
8534.58636651485  1.211602E-17
8537.82087850429  1.272521E-17
8541.05539049374  1.184206E-17
8544.28990248319  1.175020E-17
8547.52441447264  1.164051E-17
8550.75892646209  1.196002E-17
8553.99343845153  1.209689E-17
8557.22795044098  1.098179E-17
8560.46246243043  1.009386E-17
8563.69697441988  1.068115E-17
8566.93148640932  1.119504E-17
8570.16599839877  1.110896E-17
8573.40051038822  1.140135E-17
8576.63502237767  1.043092E-17
8579.86953436711  9.334524E-18
8583.10404635656  9.103717E-18
8586.33855834601  8.600144E-18
8589.57307033546  8.581598E-18
8592.80758232491  9.085301E-18
8596.04209431435  9.118582E-18
8599.2766063038  8.690477E-18
8602.51111829325  8.317809E-18
8605.7456302827  8.207168E-18
8608.98014227214  8.573160E-18
8612.21465426159  8.452703E-18
8615.44916625104  7.812079E-18
8618.68367824049  8.670472E-18
8621.91819022994  9.999578E-18
8625.15270221938  1.046545E-17
8628.38721420883  9.558439E-18
8631.62172619828  7.677846E-18
8634.85623818773  7.899066E-18
8638.09075017717  1.007386E-17
8641.32526216662  1.045050E-17
8644.55977415607  1.007819E-17
8647.79428614552  8.624987E-18
8651.02879813496  7.260824E-18
8654.26331012441  7.276464E-18
8657.49782211386  8.157159E-18
8660.73233410331  9.569039E-18
8663.96684609276  1.112580E-17
8667.2013580822  1.106119E-17
8670.43587007165  9.946963E-18
8673.6703820611  8.206858E-18
8676.90489405055  8.731570E-18
8680.13940603999  9.938141E-18
8683.37391802944  1.083188E-17
8686.60843001889  1.127297E-17
8689.84294200834  1.047095E-17
8693.07745399778  9.824893E-18
8696.31196598723  1.020541E-17
8699.54647797668  1.031685E-17
8702.78098996613  1.119779E-17
8706.01550195558  1.248838E-17
8709.25001394502  1.337036E-17
8712.48452593447  1.340084E-17
8715.71903792392  1.291059E-17
8718.95354991337  1.281468E-17
8722.18806190281  1.327814E-17
8725.42257389226  1.375962E-17
8728.65708588171  1.428072E-17
8731.89159787116  1.315583E-17
8735.12610986061  1.276928E-17
8738.36062185005  1.353428E-17
8741.5951338395  1.355981E-17
8744.82964582895  1.307106E-17
8748.06415781839  1.110662E-17
8751.29866980784  8.252479E-18
8754.53318179729  1.009048E-17
8757.76769378674  1.347112E-17
8761.00220577619  1.668092E-17
8764.23671776563  1.758625E-17
8767.47122975508  1.847491E-17
8770.70574174453  1.693551E-17
8773.94025373398  1.261617E-17
8777.17476572343  9.786490E-18
8780.40927771287  1.057051E-17
8783.64378970232  1.350471E-17
8786.87830169177  1.553967E-17
8790.11281368122  1.682644E-17
8793.34732567066  1.726886E-17
8796.58183766011  1.556904E-17
8799.81634964956  1.536869E-17
8803.050861639  1.642904E-17
8806.28537362846  1.616811E-17
8809.5198856179  1.569042E-17
8812.75439760735  1.552509E-17
8815.9889095968  1.446042E-17
8819.22342158624  1.377353E-17
8822.45793357569  1.599077E-17
8825.69244556514  1.921843E-17
8828.92695755459  2.140755E-17
8832.16146954404  2.196847E-17
8835.39598153348  1.969475E-17
8838.63049352293  1.557307E-17
8841.86500551238  1.415967E-17
8845.09951750183  1.624010E-17
8848.33402949127  1.765802E-17
8851.56854148072  1.868856E-17
8854.80305347017  1.765187E-17
8858.03756545962  1.666875E-17
8861.27207744906  1.688402E-17
8864.50658943851  1.726410E-17
8867.74110142796  1.806868E-17
8870.97561341741  1.873057E-17
8874.21012540686  1.705535E-17
8877.44463739631  1.512493E-17
8880.67914938575  1.341941E-17
8883.9136613752  1.269272E-17
8887.14817336465  1.332361E-17
8890.38268535409  1.493196E-17
8893.61719734354  1.645251E-17
8896.85170933299  1.657006E-17
8900.08622132244  1.548577E-17
8903.32073331188  1.475550E-17
8906.55524530133  1.460197E-17
8909.78975729078  1.586036E-17
8913.02426928023  1.670923E-17
8916.25878126968  1.798008E-17
8919.49329325912  1.883596E-17
8922.72780524857  1.725108E-17
8925.96231723802  1.564807E-17
8929.19682922747  1.642255E-17
8932.43134121691  1.637843E-17
8935.66585320636  1.512381E-17
8938.90036519581  1.605144E-17
8942.13487718526  1.767455E-17
8945.3693891747  1.580769E-17
8948.60390116415  1.331683E-17
8951.8384131536  1.373161E-17
8955.07292514305  1.598351E-17
8958.3074371325  1.746080E-17
8961.54194912194  1.672046E-17
8964.77646111139  1.392525E-17
8968.01097310084  1.135253E-17
8971.24548509029  1.146226E-17
8974.47999707974  1.213919E-17
8977.71450906918  1.241474E-17
8980.94902105863  1.230785E-17
8984.18353304808  1.075987E-17
8987.41804503753  8.722485E-18
8990.65255702697  7.921118E-18
8993.88706901642  7.797964E-18
8997.12158100587  1.077671E-17
9000.35609299532  1.237831E-17
9003.59060498476  9.291525E-18
9006.82511697421  8.196211E-18
9010.05962896366  9.890339E-18
9013.29414095311  1.082886E-17
9016.52865294255  1.152601E-17
9019.763164932  1.215295E-17
9022.99767692145  1.047032E-17
9026.2321889109  8.946910E-18
9029.46670090035  9.231339E-18
9032.70121288979  9.085088E-18
9035.93572487924  7.863664E-18
9039.17023686869  8.071664E-18
9042.40474885814  9.411424E-18
9045.63926084758  9.528582E-18
9048.87377283703  8.367065E-18
9052.10828482648  7.816042E-18
9055.34279681593  8.949626E-18
9058.57730880537  9.278018E-18
9061.81182079482  9.527260E-18
9065.04633278427  7.599390E-18
9068.28084477372  6.462188E-18
9071.51535676317  7.332495E-18
9074.74986875261  8.281097E-18
9077.98438074206  8.141947E-18
9081.21889273151  6.844006E-18
9084.45340472096  6.552648E-18
9087.6879167104  7.508999E-18
9090.92242869985  7.120249E-18
9094.1569406893  6.394841E-18
9097.39145267875  6.771474E-18
9100.6259646682  7.073762E-18
9103.86047665764  7.058471E-18
9107.09498864709  7.345872E-18
9110.32950063654  7.166950E-18
9113.56401262599  6.712897E-18
9116.79852461543  6.816771E-18
9120.03303660488  7.578754E-18
9123.26754859433  8.441837E-18
9126.50206058378  7.625371E-18
9129.73657257322  5.649365E-18
9132.97108456267  4.915307E-18
9136.20559655212  5.676346E-18
9139.44010854157  6.368750E-18
9142.67462053101  6.667091E-18
9145.90913252046  6.350936E-18
9149.14364450991  5.887522E-18
9152.37815649936  5.920330E-18
9155.61266848881  6.270188E-18
9158.84718047825  5.760134E-18
9162.0816924677  5.225347E-18
9165.31620445715  5.530354E-18
9168.5507164466  5.859252E-18
9171.78522843605  5.980972E-18
9175.01974042549  5.606261E-18
9178.25425241494  5.148957E-18
9181.48876440439  4.998949E-18
9184.72327639384  5.640797E-18
9187.95778838328  6.272453E-18
9191.19230037273  6.170123E-18
9194.42681236218  5.836050E-18
9197.66132435163  5.394386E-18
9200.89583634107  4.763279E-18
9204.13034833052  4.967327E-18
9207.36486031997  4.604446E-18
9210.59937230942  4.106238E-18
9213.83388429886  4.179668E-18
9217.06839628831  4.190787E-18
9220.30290827776  3.807007E-18
9223.53742026721  3.345609E-18
9226.77193225666  4.033558E-18
9230.0064442461  5.902399E-18
9233.24095623555  5.831330E-18
9236.475468225  4.061044E-18
9239.70998021445  2.833600E-18
9242.94449220389  3.597916E-18
9246.17900419334  4.504300E-18
9249.41351618279  4.459637E-18
9252.64802817224  4.013786E-18
9255.88254016169  3.585373E-18
9259.11705215113  3.336355E-18
9262.35156414058  3.453004E-18
9265.58607613003  3.529718E-18
9268.82058811948  2.733525E-18
9272.05510010892  2.088019E-18
9275.28961209837  3.245716E-18
9278.52412408782  4.300274E-18
9281.75863607727  4.009329E-18
9284.99314806671  3.374025E-18
9288.22766005616  3.390516E-18
9291.46217204561  3.781301E-18
9294.69668403506  2.721456E-18
9297.9311960245  3.174085E-18
9301.16570801395  6.132717E-18
9304.4002200034  8.507514E-18
9307.63473199285  1.199122E-17
9310.86924398229  1.477500E-17
9314.10375597174  1.287726E-17
9317.33826796119  6.948111E-18
9320.57277995064  3.262784E-19
9323.80729194009  -2.903724E-18
9327.04180392954  -3.142118E-18
9330.27631591898  -1.290845E-18
9333.51082790843  3.032314E-18
9336.74533989788  6.563530E-18
9339.97985188733  7.257191E-18
9343.21436387677  5.738487E-18
9346.44887586622  3.232945E-18
9349.68338785567  1.234698E-18
9352.91789984512  2.891521E-19
9356.15241183456  2.324604E-19
9359.38692382401  1.026444E-18
9362.62143581346  1.851474E-18
9365.85594780291  1.056979E-19
9369.09045979236  -2.321564E-18
9372.3249717818  -3.435252E-18
9375.55948377125  -5.604189E-18
9378.7939957607  -8.484286E-18
9382.02850775014  -6.723176E-18
9385.26301973959  -1.383607E-18
9388.49753172904  1.894307E-18
9391.73204371849  3.687477E-18
9394.96655570794  4.593108E-18
9398.20106769738  3.368728E-18
9401.43557968683  2.162081E-18
9404.67009167628  2.636860E-18
9407.90460366573  2.778240E-18
9411.13911565518  2.115063E-18
9414.37362764462  1.591198E-18
9417.60813963407  3.429084E-18
9420.84265162352  6.864619E-18
9424.07716361297  7.381195E-18
9427.31167560241  5.630276E-18
9430.54618759186  3.182607E-18
9433.78069958131  3.547024E-19
9437.01521157076  -2.591329E-18
9440.2497235602  -5.733249E-18
9443.48423554965  -6.222040E-18
9446.7187475391  -2.551550E-18
9449.95325952855  5.014350E-19
9453.18777151799  2.164643E-18
9456.42228350744  4.786426E-18
9459.65679549689  6.626532E-18
9462.89130748634  4.807574E-18
9466.12581947579  1.655405E-18
9469.36033146523  3.086188E-18
9472.59484345468  1.039819E-17
9475.82935544413  1.682201E-17
9479.06386743358  2.133445E-17
9482.29837942302  1.983052E-17
9485.53289141247  1.159622E-17
9488.76740340192  5.540824E-18
9492.00191539137  5.422640E-18
9495.23642738081  5.889343E-18
9498.47093937026  4.621813E-18
9501.70545135971  4.120083E-18
9504.93996334916  6.301303E-18
9508.17447533861  8.996905E-18
9511.40898732805  9.382873E-18
9514.6434993175  7.203785E-18
9517.87801130695  6.870924E-18
9521.1125232964  4.396720E-18
9524.34703528584  -2.771716E-19
9527.58154727529  1.703923E-18
9530.81605926474  6.242694E-18
9534.05057125419  7.529978E-18
9537.28508324364  7.073455E-18
9540.51959523308  6.535550E-18
9543.75410722253  4.280708E-18
9546.98861921198  2.591945E-18
9550.22313120143  3.850890E-18
9553.45764319087  5.899581E-18
9556.69215518032  5.658994E-18
9559.92666716977  4.230705E-18
9563.16117915922  4.869960E-18
9566.39569114866  4.874951E-18
9569.63020313811  3.527992E-18
9572.86471512756  4.120221E-18
9576.09922711701  5.877157E-18
9579.33373910646  6.135833E-18
9582.5682510959  5.598820E-18
9585.80276308535  6.276831E-18
9589.0372750748  7.297169E-18
9592.27178706425  6.393423E-18
9595.50629905369  4.203173E-18
9598.74081104314  4.495994E-18
9601.97532303259  5.288939E-18
9605.20983502204  4.988307E-18
9608.44434701149  5.072889E-18
9611.67885900093  5.435269E-18
9614.91337099038  4.655185E-18
9618.14788297983  4.564364E-18
9621.38239496928  6.703670E-18
9624.61690695872  6.592625E-18
9627.85141894817  4.789566E-18
9631.08593093762  4.025143E-18
9634.32044292707  3.666452E-18
9637.55495491651  4.204137E-18
9640.78946690596  4.311373E-18
9644.02397889541  2.941234E-18
9647.25849088486  2.536616E-18
9650.4930028743  3.892620E-18
9653.72751486375  6.599496E-18
9656.9620268532  7.646275E-18
9660.19653884265  6.131104E-18
9663.4310508321  4.239292E-18
9666.66556282154  4.401943E-18
9669.90007481099  5.377873E-18
9673.13458680044  5.141639E-18
9676.36909878989  4.978880E-18
9679.60361077934  5.900116E-18
9682.83812276878  5.504624E-18
9686.07263475823  4.573350E-18
9689.30714674768  6.015494E-18
9692.54165873712  6.589545E-18
9695.77617072657  6.550462E-18
9699.01068271602  7.148720E-18
9702.24519470547  6.762541E-18
9705.47970669492  4.655125E-18
9708.71421868436  3.429428E-18
9711.94873067381  5.266422E-18
9715.18324266326  7.270950E-18
9718.41775465271  8.373043E-18
9721.65226664215  8.737852E-18
9724.8867786316  7.259593E-18
9728.12129062105  5.816748E-18
9731.3558026105  5.371466E-18
9734.59031459995  4.287568E-18
9737.82482658939  3.450757E-18
9741.05933857884  4.281158E-18
9744.29385056829  4.800642E-18
9747.52836255774  4.946852E-18
9750.76287454718  5.369282E-18
9753.99738653663  6.073830E-18
9757.23189852608  6.080780E-18
9760.46641051553  5.736347E-18
9763.70092250498  5.626495E-18
9766.93543449442  5.365309E-18
9770.16994648387  5.408550E-18
9773.40445847332  5.164135E-18
9776.63897046277  4.133915E-18
9779.87348245221  4.643719E-18
9783.10799444166  7.637313E-18
9786.34250643111  1.000316E-17
9789.57701842056  7.741899E-18
9792.81153041  4.203930E-18
9796.04604239945  4.744725E-18
9799.2805543889  5.570683E-18
9802.51506637835  4.012202E-18
9805.7495783678  3.537995E-18
9808.98409035724  4.809996E-18
9812.21860234669  4.632337E-18
9815.45311433614  4.060513E-18
9818.68762632559  5.543556E-18
9821.92213831503  6.507652E-18
9825.15665030448  4.618803E-18
9828.39116229393  3.475353E-18
9831.62567428338  4.775678E-18
9834.86018627282  5.634318E-18
9838.09469826227  4.560789E-18
9841.32921025172  4.177170E-18
9844.56372224117  6.812954E-18
9847.79823423061  8.438014E-18
9851.03274622006  5.959452E-18
9854.26725820951  2.958477E-18
9857.50177019896  2.644687E-18
9860.73628218841  3.175689E-18
9863.97079417785  3.076982E-18
9867.2053061673  3.964331E-18
9870.43981815675  7.313957E-18
9873.6743301462  9.486330E-18
9876.90884213565  7.923898E-18
9880.14335412509  5.053356E-18
9883.37786611454  2.974458E-18
9886.61237810399  1.570791E-18
9889.84689009343  2.099390E-18
9893.08140208288  3.646163E-18
9896.31591407233  4.025918E-18
9899.55042606178  3.939159E-18
9902.78493805123  4.492461E-18
9906.01945004067  4.190200E-18
9909.25396203012  2.184567E-18
9912.48847401957  1.703595E-18
9915.72298600902  4.186536E-18
9918.95749799847  4.528320E-18
9922.19200998791  1.603450E-18
9925.42652197736  1.735555E-18
9928.66103396681  4.453727E-18
9931.89554595626  3.695873E-18
9935.1300579457  8.503144E-19
9938.36456993515  3.000126E-18
9941.5990819246  1.032338E-17
9944.83359391404  1.462689E-17
9948.06810590349  1.119540E-17
9951.30261789294  4.159667E-18
9954.53712988239  -1.558463E-18
9957.77164187184  -5.195447E-18
9961.00615386128  -5.625590E-18
9964.24066585073  -1.530330E-18
9967.47517784018  3.508949E-18
9970.70968982963  5.888294E-18
9973.94420181908  6.357606E-18
9977.17871380852  5.742565E-18
9980.41322579797  3.598125E-18
9983.64773778742  1.129673E-18
9986.88224977687  8.148416E-20
9990.11676176631  2.656761E-19
9993.35127375576  1.438664E-18
9996.58578574521  4.348331E-18
9999.82029773466  5.713100E-18
10003.0548097241  3.408391E-18
10006.2893217135  2.398553E-18
10009.523833703  4.961936E-18
10012.7583456924  7.143489E-18
10015.9928576819  6.650279E-18
10019.2273696713  3.248549E-18
10022.4618816608  3.083217E-18
10025.6963936502  3.928180E-18
10028.9309056397  2.566382E-18
10032.1654176291  1.640701E-18
10035.3999296186  1.660303E-18
10038.634441608  1.149617E-18
10041.8689535975  1.424271E-18
10045.1034655869  1.026925E-18
10048.3379775764  8.666662E-19
10051.5724895658  1.499376E-18
10054.8070015553  6.193813E-19
10058.0415135447  -1.113623E-18
10061.2760255342  -1.764258E-18
10064.5105375236  -1.291502E-18
10067.7450495131  6.206564E-19
10070.9795615025  2.438161E-18
10074.214073492  2.683565E-18
10077.4485854814  1.350458E-18
10080.6830974709  1.640102E-19
10083.9176094603  -1.174716E-18
10087.1521214497  -1.096440E-18
10090.3866334392  3.728311E-19
10093.6211454286  5.643552E-19
10096.8556574181  4.706414E-20
10100.0901694075  2.710745E-19
10103.324681397  8.286816E-19
10106.5591933864  1.880909E-19
10109.7937053759  -6.789348E-19
10113.0282173653  1.902550E-19
10116.2627293548  2.552275E-18
10119.4972413442  2.473619E-18
10122.7317533337  -8.190228E-19
10125.9662653231  -2.207366E-18
10129.2007773126  -5.953858E-19
10132.435289302  7.247896E-19
10135.6698012915  1.701652E-18
10138.9043132809  1.975951E-18
10142.1388252704  2.756179E-18
10145.3733372598  3.725481E-18
10148.6078492493  2.066837E-18
10151.8423612387  -7.550259E-19
10155.0768732281  -4.672902E-19
10158.3113852176  3.276968E-19
10161.545897207  -1.782253E-18
10164.7804091965  -2.806343E-18
10168.0149211859  3.477098E-18
10171.2494331754  1.195389E-17
10174.4839451648  1.435485E-17
10177.7184571543  1.043340E-17
10180.9529691437  6.783888E-18
10184.1874811332  5.357291E-18
10187.4219931226  1.005855E-18
10190.6565051121  -4.583114E-18
10193.8910171015  -5.122711E-18
10197.125529091  -1.461392E-18
10200.3600410804  2.225484E-18
10203.5945530699  3.260417E-18
10206.8290650593  2.736172E-18
10210.0635770488  1.706400E-18
10213.2980890382  8.071697E-19
10216.5326010277  1.898285E-18
10219.7671130171  3.454233E-18
10223.0016250065  3.176555E-18
10226.236136996  1.163902E-18
10229.4706489854  2.329320E-18
10232.7051609749  4.210634E-18
10235.9396729643  2.659800E-18
10239.1741849538  6.671858E-19
10242.4086969432  9.709598E-19
10245.6432089327  9.273837E-19
10248.8777209221  4.408330E-19
10252.1122329116  -1.465759E-19
10255.346744901  4.159545E-20
10258.5812568905  8.119352E-19
10261.8157688799  1.091479E-18
10265.0502808694  3.791888E-19
10268.2847928588  1.830326E-19
10271.5193048483  1.325964E-18
10274.7538168377  2.084312E-18
10277.9883288272  9.890452E-19
10281.2228408166  -1.726440E-18
10284.4573528061  -1.977419E-18
10287.6918647955  2.666732E-18
10290.926376785  4.402144E-18
10294.1608887744  2.647102E-18
10297.3954007638  2.097468E-18
10300.6299127533  1.635249E-18
10303.8644247427  -4.393282E-20
10307.0989367322  7.143826E-19
10310.3334487216  2.644168E-18
10313.5679607111  3.071319E-18
10316.8024727005  2.098726E-18
10320.03698469  1.317968E-18
10323.2714966794  1.735184E-18
10326.5060086689  2.642304E-18
10329.7405206583  2.320281E-18
10332.9750326478  4.662685E-19
10336.2095446372  -1.049547E-18
10339.4440566267  -1.077914E-18
10342.6785686161  -6.031130E-19
10345.9130806056  -2.003403E-19
10349.147592595  8.857654E-19
10352.3821045845  1.295323E-18
10355.6166165739  1.356476E-18
10358.8511285634  2.314414E-18
10362.0856405528  2.556164E-18
10365.3201525422  1.386221E-18
10368.5546645317  2.212270E-18
10371.7891765211  4.247202E-18
10375.0236885106  3.420195E-18
10378.2582005  2.028079E-18
10381.4927124895  1.471139E-18
10384.7272244789  2.045869E-18
10387.9617364684  3.237428E-18
10391.1962484578  2.913039E-18
10394.4307604473  1.405696E-18
10397.6652724367  1.608856E-18
10400.8997844262  1.270765E-18
10404.1342964156  8.626654E-19
10407.3688084051  1.579003E-18
10410.6033203945  1.117266E-18
10413.837832384  -1.196736E-18
10417.0723443734  -2.912191E-18
10420.3068563629  -2.143333E-18
10423.5413683523  -1.097754E-19
10426.7758803418  5.019000E-19
10430.0103923312  -1.733218E-19
10433.2449043206  4.840401E-19
10436.4794163101  2.014200E-18
10439.7139282995  2.289282E-18
10442.948440289  1.987986E-18
10446.1829522784  2.286226E-18
10449.4174642679  2.461703E-18
10452.6519762573  1.711903E-18
10455.8864882468  8.077415E-19
10459.1210002362  8.102088E-19
10462.3555122257  1.542426E-18
10465.5900242151  3.536666E-18
10468.8245362046  5.505814E-18
10472.059048194  5.046487E-18
10475.2935601835  2.336288E-18
10478.5280721729  1.346404E-19
10481.7625841624  4.006313E-19
10484.9970961518  1.694456E-18
10488.2316081413  9.271961E-19
10491.4661201307  -1.065146E-18
10494.7006321202  -1.831272E-18
10497.9351441096  -3.343400E-19
10501.169656099  1.797628E-18
10504.4041680885  2.425442E-18
10507.6386800779  2.300137E-18
10510.8731920674  2.585943E-18
10514.1077040568  2.424483E-18
10517.3422160463  2.191096E-18
10520.5767280357  2.170532E-18
10523.8112400252  1.196531E-18
10527.0457520146  -5.916654E-19
10530.2802640041  -3.977007E-19
10533.5147759935  1.767607E-18
10536.749287983  2.969867E-18
10539.9837999724  2.973519E-18
10543.2183119619  3.526299E-18
10546.4528239513  3.643492E-18
10549.6873359408  3.040966E-18
10552.9218479302  2.545422E-18
10556.1563599197  1.628656E-18
10559.3908719091  1.418371E-18
10562.6253838986  2.127753E-18
10565.859895888  2.759102E-18
10569.0944078775  3.425489E-18
10572.3289198669  4.446069E-18
10575.5634318563  4.961303E-18
10578.7979438458  4.867900E-18
10582.0324558352  4.060211E-18
10585.2669678247  4.731102E-18
10588.5014798141  4.054185E-18
10591.7359918036  1.038606E-18
10594.970503793  -7.563958E-19
10598.2050157825  -1.625582E-18
10601.4395277719  -2.425869E-18
10604.6740397614  -5.204744E-19
10607.9085517508  -2.310121E-20
10611.1430637403  -9.596724E-19
10614.3775757297  -1.699810E-19
10617.6120877192  2.359957E-18
10620.8465997086  4.798343E-18
10624.0811116981  4.457478E-18
10627.3156236875  1.022959E-18
10630.550135677  -1.573364E-18
10633.7846476664  -9.434967E-19
10637.0191596559  -2.613562E-19
10640.2536716453  -1.371453E-19
10643.4881836347  1.452081E-18
10646.7226956242  2.274452E-18
10649.9572076136  1.257455E-18
10653.1917196031  4.648913E-19
10656.4262315925  1.618327E-18
10659.660743582  2.957642E-18
10662.8952555714  2.825356E-18
10666.1297675609  2.707862E-18
10669.3642795503  6.280894E-19
10672.5987915398  -3.831958E-18
10675.8333035292  -4.202715E-18
10679.0678155187  -3.363846E-18
10682.3023275081  -1.745953E-18
10685.5368394976  -2.056804E-18
10688.771351487  -2.919512E-18
10692.0058634765  1.786661E-18
10695.2403754659  4.295506E-18
10698.4748874554  -1.335320E-18
10701.7093994448  -3.219472E-18
10704.9439114343  2.100754E-19
10708.1784234237  1.492083E-18
10711.4129354132  9.295426E-19
10714.6474474026  3.709235E-18
10717.881959392  4.798420E-18
10721.1164713815  5.646681E-19
10724.3509833709  1.372882E-18
10727.5854953604  7.967894E-18
10730.8200073498  1.186405E-17
10734.0545193393  6.627369E-18
10737.2890313287  3.071474E-19
10740.5235433182  -1.212371E-18
10743.7580553076  6.108020E-19
10746.9925672971  5.510185E-18
10750.2270792865  1.082378E-17
10753.461591276  9.546204E-18
10756.6961032654  3.855812E-18
10759.9306152549  5.725839E-19
10763.1651272443  2.357937E-18
10766.3996392338  3.335472E-18
10769.6341512232  5.877031E-18
10772.8686632127  8.604361E-18
10776.1031752021  6.151383E-18
10779.3376871916  5.014171E-18
10782.572199181  1.039579E-17
10785.8067111704  1.025772E-17
10789.0412231599  8.535268E-18
10792.2757351493  1.327067E-17
10795.5102471388  1.166407E-17
10798.7447591282  6.942023E-18
10801.9792711177  1.120604E-17
10805.2137831071  1.715308E-17
10808.4482950966  1.666716E-17
10811.682807086  1.503279E-17
10814.9173190755  9.425488E-18
10818.1518310649  9.703701E-19
10821.3863430544  3.800730E-18
10824.6208550438  3.987130E-18
10827.8553670333  -6.529377E-19
10831.0898790227  1.266473E-18
10834.3243910122  2.544293E-18
10837.5589030016  -1.853933E-18
10840.7934149911  1.981490E-19
10844.0279269805  6.421291E-18
10847.26243897  5.446415E-18
10850.4969509594  4.128510E-18
10853.7314629488  5.160152E-18
10856.9659749383  7.965974E-18
10860.2004869277  7.258884E-18
10863.4349989172  1.482186E-18
10866.6695109066  -3.741383E-18
10869.9040228961  -4.024673E-18
10873.1385348855  -4.974846E-19
10876.373046875  3.827828E-18
