3700.  7.978272E-16
3702.97085165978  8.053947E-16
3705.94170331955  8.146884E-16
3708.91255497933  8.039088E-16
3711.8834066391  7.856432E-16
3714.85425829888  7.803559E-16
3717.82510995865  7.982167E-16
3720.79596161843  8.004454E-16
3723.7668132782  7.585907E-16
3726.73766493797  7.206764E-16
3729.70851659775  7.140176E-16
3732.67936825752  7.321674E-16
3735.6502199173  7.397799E-16
3738.62107157707  7.150362E-16
3741.59192323685  6.772690E-16
3744.56277489662  6.669500E-16
3747.5336265564  6.903883E-16
3750.50447821617  7.295592E-16
3753.47532987595  7.551299E-16
3756.44618153572  7.672914E-16
3759.4170331955  7.796238E-16
3762.38788485527  7.822546E-16
3765.35873651505  7.774785E-16
3768.32958817482  7.598023E-16
3771.3004398346  7.357548E-16
3774.27129149437  7.238619E-16
3777.24214315415  7.307200E-16
3780.21299481392  7.502715E-16
3783.1838464737  7.731943E-16
3786.15469813347  7.957592E-16
3789.12554979325  7.963864E-16
3792.09640145302  7.863281E-16
3795.0672531128  7.724287E-16
3798.03810477257  7.502999E-16
3801.00895643234  7.293244E-16
3803.97980809212  7.138330E-16
3806.95065975189  7.113258E-16
3809.92151141167  7.167387E-16
3812.89236307144  7.324624E-16
3815.86321473122  7.649501E-16
3818.83406639099  7.777431E-16
3821.80491805077  7.574836E-16
3824.77576971054  7.347189E-16
3827.74662137032  7.360543E-16
3830.71747303009  7.484976E-16
3833.68832468987  7.500094E-16
3836.65917634964  7.536289E-16
3839.63002800942  7.533537E-16
3842.60087966919  7.404298E-16
3845.57173132897  7.267359E-16
3848.54258298874  7.325647E-16
3851.51343464852  7.529589E-16
3854.48428630829  7.603106E-16
3857.45513796806  7.582002E-16
3860.42598962784  7.555479E-16
3863.39684128762  7.506648E-16
3866.36769294739  7.491328E-16
3869.33854460716  7.460804E-16
3872.30939626694  7.402762E-16
3875.28024792671  7.351141E-16
3878.25109958649  7.431162E-16
3881.22195124626  7.555795E-16
3884.19280290604  7.665587E-16
3887.16365456581  7.780211E-16
3890.13450622559  7.880507E-16
3893.10535788536  7.808967E-16
3896.07620954514  7.668744E-16
3899.04706120491  7.597210E-16
3902.01791286469  7.719265E-16
3904.98876452446  7.818356E-16
3907.95961618424  7.850153E-16
3910.93046784401  7.820403E-16
3913.90131950379  7.833433E-16
3916.87217116356  7.826557E-16
3919.84302282334  7.737963E-16
3922.81387448311  7.622445E-16
3925.78472614289  7.615366E-16
3928.75557780266  7.730995E-16
3931.72642946244  7.902676E-16
3934.69728112221  8.068189E-16
3937.66813278198  8.163989E-16
3940.63898444176  8.169302E-16
3943.60983610153  8.114869E-16
3946.58068776131  8.110842E-16
3949.55153942108  8.180684E-16
3952.52239108086  8.203421E-16
3955.49324274063  8.115688E-16
3958.46409440041  7.948665E-16
3961.43494606018  7.845627E-16
3964.40579771996  7.881706E-16
3967.37664937973  7.965499E-16
3970.34750103951  8.003015E-16
3973.31835269928  8.036927E-16
3976.28920435906  8.008269E-16
3979.26005601883  7.991802E-16
3982.23090767861  7.983657E-16
3985.20175933838  7.993262E-16
3988.17261099816  7.955229E-16
3991.14346265793  7.693276E-16
3994.11431431771  7.325911E-16
3997.08516597748  7.108777E-16
4000.05601763726  7.190776E-16
4003.02686929703  7.427610E-16
4005.9977209568  7.453551E-16
4008.96857261658  7.299274E-16
4011.93942427635  7.177418E-16
4014.91027593613  7.093716E-16
4017.8811275959  7.000026E-16
4020.85197925568  6.903431E-16
4023.82283091545  6.898761E-16
4026.79368257523  6.995270E-16
4029.764534235  7.094191E-16
4032.73538589478  7.156187E-16
4035.70623755455  7.155643E-16
4038.67708921433  7.124701E-16
4041.6479408741  7.160918E-16
4044.61879253388  7.261304E-16
4047.58964419365  7.311385E-16
4050.56049585343  7.302463E-16
4053.5313475132  7.294411E-16
4056.50219917298  7.276480E-16
4059.47305083275  7.192481E-16
4062.44390249253  7.129150E-16
4065.4147541523  7.115481E-16
4068.38560581208  7.134155E-16
4071.35645747185  7.087486E-16
4074.32730913162  7.106221E-16
4077.2981607914  7.232038E-16
4080.26901245117  7.276469E-16
4083.23986411095  7.196504E-16
4086.21071577072  7.080103E-16
4089.1815674305  7.088740E-16
4092.15241909027  7.091398E-16
4095.12327075005  6.990903E-16
4098.09412240982  6.829972E-16
4101.0649740696  6.720471E-16
4104.03582572937  6.710880E-16
4107.00667738915  6.763030E-16
4109.97752904892  6.800001E-16
4112.9483807087  6.894789E-16
4115.91923236847  7.403632E-16
4118.89008402825  8.435673E-16
4121.86093568802  9.423706E-16
4124.8317873478  9.610765E-16
4127.80263900757  8.900767E-16
4130.77349066735  7.899318E-16
4133.74434232712  7.222976E-16
4136.7151939869  6.931861E-16
4139.68604564667  6.886615E-16
4142.65689730645  6.888162E-16
4145.62774896622  6.878157E-16
4148.598600626  6.822937E-16
4151.56945228577  6.741767E-16
4154.54030394554  6.684962E-16
4157.51115560532  6.662158E-16
4160.48200726509  6.599868E-16
4163.45285892487  6.504995E-16
4166.42371058464  6.504599E-16
4169.39456224442  6.536402E-16
4172.36541390419  6.538328E-16
4175.33626556397  6.470376E-16
4178.30711722374  6.396858E-16
4181.27796888352  6.340251E-16
4184.24882054329  6.203477E-16
4187.21967220307  6.067616E-16
4190.19052386284  5.986280E-16
4193.16137552262  6.000193E-16
4196.13222718239  6.044219E-16
4199.10307884217  6.035955E-16
4202.07393050194  6.013482E-16
4205.04478216172  5.962392E-16
4208.01563382149  5.924212E-16
4210.98648548127  5.807781E-16
4213.95733714104  5.668392E-16
4216.92818880081  5.537035E-16
4219.89904046059  5.463186E-16
4222.86989212036  5.509990E-16
4225.84074378014  5.633938E-16
4228.81159543991  5.747983E-16
4231.78244709969  5.724990E-16
4234.75329875946  5.671286E-16
4237.72415041924  5.743555E-16
4240.69500207901  5.897706E-16
4243.66585373879  5.972992E-16
4246.63670539856  5.920194E-16
4249.60755705834  5.797521E-16
4252.57840871811  5.712655E-16
4255.54926037789  5.632711E-16
4258.52011203766  5.607472E-16
4261.49096369744  5.667442E-16
4264.46181535721  5.758969E-16
4267.43266701699  5.836847E-16
4270.40351867676  5.839507E-16
4273.37437033654  5.965579E-16
4276.34522199631  6.268525E-16
4279.31607365609  6.521391E-16
4282.28692531586  6.508755E-16
4285.25777697563  6.275606E-16
4288.22862863541  6.175279E-16
4291.19948029518  6.214493E-16
4294.17033195496  6.253736E-16
4297.14118361473  6.248264E-16
4300.11203527451  6.231611E-16
4303.08288693428  6.247036E-16
4306.05373859406  6.265395E-16
4309.02459025383  6.251539E-16
4311.99544191361  6.124313E-16
4314.96629357338  5.931033E-16
4317.93714523316  5.893438E-16
4320.90799689293  6.064298E-16
4323.87884855271  6.223469E-16
4326.84970021248  6.206489E-16
4329.82055187226  6.154667E-16
4332.79140353203  6.207724E-16
4335.7622551918  6.303233E-16
4338.73310685158  6.306541E-16
4341.70395851135  6.261121E-16
4344.67481017113  6.190926E-16
4347.6456618309  6.140834E-16
4350.61651349068  6.131530E-16
4353.58736515046  6.162429E-16
4356.55821681023  6.203112E-16
4359.52906847  6.206181E-16
4362.49992012978  6.215449E-16
4365.47077178955  6.216203E-16
4368.44162344933  6.219828E-16
4371.4124751091  6.201404E-16
4374.38332676888  6.152218E-16
4377.35417842865  6.084851E-16
4380.32503008843  6.011793E-16
4383.2958817482  6.041240E-16
4386.26673340798  6.126708E-16
4389.23758506775  6.221472E-16
4392.20843672753  6.190953E-16
4395.1792883873  5.997256E-16
4398.15014004708  5.770738E-16
4401.12099170685  5.550057E-16
4404.09184336663  5.417613E-16
4407.0626950264  5.381031E-16
4410.03354668618  5.404176E-16
4413.00439834595  5.407512E-16
4415.97525000572  5.374180E-16
4418.9461016655  5.328225E-16
4421.91695332527  5.296795E-16
4424.88780498505  5.243628E-16
4427.85865664482  5.166477E-16
4430.8295083046  5.130251E-16
4433.80035996437  5.075048E-16
4436.77121162415  5.024709E-16
4439.74206328392  4.989223E-16
4442.7129149437  4.990207E-16
4445.68376660347  5.060533E-16
4448.65461826325  5.115789E-16
4451.62546992302  5.160146E-16
4454.5963215828  5.128050E-16
4457.56717324257  5.085170E-16
4460.53802490235  5.035088E-16
4463.50887656212  5.074672E-16
4466.4797282219  5.093102E-16
4469.45057988167  5.094572E-16
4472.42143154145  5.031973E-16
4475.39228320122  5.001836E-16
4478.363134861  5.040980E-16
4481.33398652077  5.112801E-16
4484.30483818054  5.127967E-16
4487.27568984032  5.086869E-16
4490.24654150009  5.059965E-16
4493.21739315987  5.079377E-16
4496.18824481964  5.102034E-16
4499.15909647942  5.099356E-16
4502.12994813919  5.095252E-16
4505.10079979897  5.112150E-16
4508.07165145874  5.151489E-16
4511.04250311852  5.172491E-16
4514.01335477829  5.179390E-16
4516.98420643807  5.151938E-16
4519.95505809784  5.083179E-16
4522.92590975762  4.989875E-16
4525.89676141739  4.929635E-16
4528.86761307717  5.033742E-16
4531.83846473694  5.296698E-16
4534.80931639672  5.538654E-16
4537.78016805649  5.558019E-16
4540.75101971627  5.435578E-16
4543.72187137604  5.307557E-16
4546.69272303582  5.254383E-16
4549.66357469559  5.217092E-16
4552.63442635536  5.198020E-16
4555.60527801514  5.132888E-16
4558.57612967491  5.046674E-16
4561.54698133469  5.017641E-16
4564.51783299446  5.042122E-16
4567.48868465424  5.019914E-16
4570.45953631401  4.898642E-16
4573.43038797379  4.843011E-16
4576.40123963356  4.883993E-16
4579.37209129334  4.965833E-16
4582.34294295311  4.982311E-16
4585.31379461289  4.945057E-16
4588.28464627266  4.887825E-16
4591.25549793244  4.891866E-16
4594.22634959221  4.900244E-16
4597.19720125199  4.850556E-16
4600.16805291176  4.714599E-16
4603.13890457154  4.613005E-16
4606.10975623131  4.594925E-16
4609.08060789109  4.672152E-16
4612.05145955086  4.747107E-16
4615.02231121064  4.760321E-16
4617.99316287041  4.666951E-16
4620.96401453019  4.537776E-16
4623.93486618996  4.467669E-16
4626.90571784974  4.472844E-16
4629.87656950951  4.449288E-16
4632.84742116928  4.382970E-16
4635.81827282906  4.302269E-16
4638.78912448883  4.265577E-16
4641.75997614861  4.300600E-16
4644.73082780838  4.349392E-16
4647.70167946816  4.376830E-16
4650.67253112793  4.354910E-16
4653.64338278771  4.288549E-16
4656.61423444748  4.239990E-16
4659.58508610726  4.226689E-16
4662.55593776703  4.205656E-16
4665.52678942681  4.127253E-16
4668.49764108658  3.993264E-16
4671.46849274636  3.919520E-16
4674.43934440613  3.931786E-16
4677.41019606591  3.961452E-16
4680.38104772568  4.004181E-16
4683.35189938546  4.031154E-16
4686.32275104523  4.029976E-16
4689.29360270501  3.971809E-16
4692.26445436478  3.896150E-16
4695.23530602456  3.864826E-16
4698.20615768433  3.870005E-16
4701.1770093441  3.847531E-16
4704.14786100388  3.769627E-16
4707.11871266365  3.689167E-16
4710.08956432343  3.680316E-16
4713.0604159832  3.742256E-16
4716.03126764298  3.805460E-16
4719.00211930275  3.840015E-16
4721.97297096253  3.881461E-16
4724.9438226223  3.882762E-16
4727.91467428208  3.819299E-16
4730.88552594185  3.747808E-16
4733.85637760163  3.738931E-16
4736.8272292614  3.756988E-16
4739.79808092118  3.759161E-16
4742.76893258095  3.745112E-16
4745.73978424073  3.728094E-16
4748.7106359005  3.682487E-16
4751.68148756028  3.623791E-16
4754.65233922005  3.585987E-16
4757.62319087982  3.559272E-16
4760.5940425396  3.554535E-16
4763.56489419938  3.571528E-16
4766.53574585915  3.580877E-16
4769.50659751893  3.578560E-16
4772.4774491787  3.588121E-16
4775.44830083847  3.589836E-16
4778.41915249825  3.561246E-16
4781.39000415802  3.514347E-16
4784.3608558178  3.527191E-16
4787.33170747757  3.547526E-16
4790.30255913735  3.594413E-16
4793.27341079712  3.714200E-16
4796.2442624569  4.001116E-16
4799.21511411667  4.253538E-16
4802.18596577645  4.286952E-16
4805.15681743622  4.095442E-16
4808.127669096  3.906249E-16
4811.09852075577  3.794351E-16
4814.06937241555  3.711920E-16
4817.04022407532  3.662406E-16
4820.0110757351  3.676008E-16
4822.98192739487  3.741239E-16
4825.95277905464  3.746978E-16
4828.92363071442  3.738245E-16
4831.89448237419  3.707947E-16
4834.86533403397  3.681161E-16
4837.83618569374  3.644990E-16
4840.80703735352  3.634176E-16
4843.77788901329  3.679556E-16
4846.74874067307  3.671135E-16
4849.71959233284  3.630223E-16
4852.69044399262  3.619022E-16
4855.66129565239  3.636973E-16
4858.63214731217  3.659103E-16
4861.60299897194  3.650955E-16
4864.57385063172  3.669429E-16
4867.54470229149  3.713077E-16
4870.51555395127  3.757766E-16
4873.48640561104  3.784288E-16
4876.45725727082  3.789551E-16
4879.42810893059  3.777392E-16
4882.39896059037  3.734284E-16
4885.36981225014  3.683811E-16
4888.34066390992  3.651594E-16
4891.31151556969  3.702432E-16
4894.28236722947  3.758068E-16
4897.25321888924  3.742140E-16
4900.22407054901  3.672607E-16
4903.19492220879  3.604507E-16
4906.16577386856  3.619807E-16
4909.13662552834  3.676768E-16
4912.10747718811  3.703336E-16
4915.07832884789  3.639240E-16
4918.04918050766  3.534118E-16
4921.02003216744  3.495342E-16
4923.99088382721  3.503362E-16
4926.96173548699  3.512471E-16
4929.93258714676  3.489072E-16
4932.90343880654  3.449574E-16
4935.87429046631  3.426712E-16
4938.84514212609  3.446014E-16
4941.81599378586  3.474835E-16
4944.78684544564  3.486471E-16
4947.75769710541  3.472069E-16
4950.72854876519  3.474038E-16
4953.69940042496  3.487619E-16
4956.67025208474  3.481807E-16
4959.64110374451  3.480176E-16
4962.61195540428  3.478051E-16
4965.58280706406  3.495371E-16
4968.55365872383  3.548814E-16
4971.52451038361  3.597353E-16
4974.49536204338  3.615487E-16
4977.46621370316  3.601657E-16
4980.43706536293  3.603993E-16
4983.40791702271  3.632131E-16
4986.37876868248  3.644877E-16
4989.34962034226  3.640345E-16
4992.32047200203  3.591662E-16
4995.29132366181  3.552767E-16
4998.26217532158  3.539888E-16
5001.23302698136  3.559496E-16
5004.20387864113  3.537605E-16
5007.17473030091  3.471652E-16
5010.14558196068  3.413963E-16
5013.11643362046  3.422008E-16
5016.08728528023  3.460175E-16
5019.05813694001  3.472853E-16
5022.02898859978  3.474222E-16
5024.99984025956  3.467058E-16
5027.97069191933  3.448063E-16
5030.94154357911  3.408666E-16
5033.91239523888  3.380891E-16
5036.88324689866  3.401455E-16
5039.85409855843  3.438113E-16
5042.8249502182  3.459142E-16
5045.79580187798  3.472833E-16
5048.76665353775  3.477236E-16
5051.73750519753  3.480843E-16
5054.7083568573  3.469938E-16
5057.67920851708  3.449408E-16
5060.65006017685  3.447319E-16
5063.62091183663  3.436610E-16
5066.5917634964  3.408694E-16
5069.56261515618  3.385425E-16
5072.53346681595  3.375347E-16
5075.50431847573  3.363243E-16
5078.4751701355  3.331176E-16
5081.44602179528  3.302466E-16
5084.41687345505  3.314106E-16
5087.38772511483  3.347825E-16
5090.3585767746  3.370576E-16
5093.32942843438  3.372838E-16
5096.30028009415  3.379919E-16
5099.27113175393  3.404278E-16
5102.2419834137  3.422944E-16
5105.21283507348  3.412286E-16
5108.18368673325  3.403223E-16
5111.15453839303  3.391089E-16
5114.1253900528  3.381565E-16
5117.09624171257  3.374420E-16
5120.06709337235  3.360324E-16
5123.03794503212  3.365860E-16
5126.0087966919  3.393724E-16
5128.97964835167  3.427925E-16
5131.95050001145  3.430525E-16
5134.92135167122  3.370297E-16
5137.892203331  3.318395E-16
5140.86305499077  3.286202E-16
5143.83390665055  3.300929E-16
5146.80475831032  3.296254E-16
5149.7756099701  3.267340E-16
5152.74646162987  3.241358E-16
5155.71731328965  3.240317E-16
5158.68816494942  3.230750E-16
5161.6590166092  3.218677E-16
5164.62986826897  3.228949E-16
5167.60071992874  3.253796E-16
5170.57157158852  3.253638E-16
5173.54242324829  3.224500E-16
5176.51327490807  3.188744E-16
5179.48412656784  3.172948E-16
5182.45497822762  3.172400E-16
5185.42582988739  3.180382E-16
5188.39668154717  3.188509E-16
5191.36753320694  3.185092E-16
5194.33838486672  3.167081E-16
5197.30923652649  3.118540E-16
5200.28008818627  3.056186E-16
5203.25093984604  2.999712E-16
5206.22179150582  2.969851E-16
5209.19264316559  2.973811E-16
5212.16349482537  2.984071E-16
5215.13434648514  2.967081E-16
5218.10519814492  2.915334E-16
5221.07604980469  2.885857E-16
5224.04690146447  2.852629E-16
5227.01775312424  2.822532E-16
5229.98860478402  2.812242E-16
5232.95945644379  2.823753E-16
5235.93030810356  2.855728E-16
5238.90115976334  2.865301E-16
5241.87201142312  2.851117E-16
5244.84286308289  2.818645E-16
5247.81371474266  2.795204E-16
5250.78456640244  2.781682E-16
5253.75541806221  2.772649E-16
5256.72626972199  2.752449E-16
5259.69712138176  2.755347E-16
5262.66797304154  2.765167E-16
5265.63882470131  2.765456E-16
5268.60967636109  2.760968E-16
5271.58052802086  2.751422E-16
5274.55137968064  2.758550E-16
5277.52223134041  2.753443E-16
5280.49308300019  2.746470E-16
5283.46393465996  2.747869E-16
5286.43478631974  2.747882E-16
5289.40563797951  2.751848E-16
5292.37648963929  2.764874E-16
5295.34734129906  2.798563E-16
5298.31819295884  2.801088E-16
5301.28904461861  2.737586E-16
5304.25989627839  2.665742E-16
5307.23074793816  2.656986E-16
5310.20159959794  2.699499E-16
5313.17245125771  2.739665E-16
5316.14330291749  2.739233E-16
5319.11415457726  2.713291E-16
5322.08500623703  2.673804E-16
5325.05585789681  2.625512E-16
5328.02670955658  2.614933E-16
5330.99756121636  2.641726E-16
5333.96841287613  2.659696E-16
5336.93926453591  2.647930E-16
5339.91011619568  2.620699E-16
5342.88096785546  2.594420E-16
5345.85181951523  2.562859E-16
5348.82267117501  2.545971E-16
5351.79352283478  2.534788E-16
5354.76437449456  2.507094E-16
5357.73522615433  2.451217E-16
5360.70607781411  2.426975E-16
5363.67692947388  2.442158E-16
5366.64778113366  2.546322E-16
5369.61863279343  2.920670E-16
5372.58948445321  3.527729E-16
5375.56033611298  3.883621E-16
5378.53118777276  3.744595E-16
5381.50203943253  3.260363E-16
5384.47289109231  2.903304E-16
5387.44374275208  2.761216E-16
5390.41459441185  2.703449E-16
5393.38544607163  2.642745E-16
5396.3562977314  2.575220E-16
5399.32714939118  2.550778E-16
5402.29800105095  2.589453E-16
5405.26885271073  2.642669E-16
5408.2397043705  2.647616E-16
5411.21055603028  2.611347E-16
5414.18140769005  2.582901E-16
5417.15225934983  2.586083E-16
5420.1231110096  2.591991E-16
5423.09396266938  2.584527E-16
5426.06481432915  2.573078E-16
5429.03566598893  2.571351E-16
5432.0065176487  2.574751E-16
5434.97736930848  2.583800E-16
5437.94822096825  2.611227E-16
5440.91907262803  2.634114E-16
5443.8899242878  2.637617E-16
5446.86077594758  2.627153E-16
5449.83162760735  2.619307E-16
5452.80247926713  2.609418E-16
5455.7733309269  2.588783E-16
5458.74418258668  2.572642E-16
5461.71503424645  2.582956E-16
5464.68588590622  2.611803E-16
5467.656737566  2.625977E-16
5470.62758922577  2.620538E-16
5473.59844088555  2.616650E-16
5476.56929254532  2.996524E-16
5479.5401442051  4.090618E-16
5482.51099586487  5.063389E-16
5485.48184752465  5.140380E-16
5488.45269918442  4.265930E-16
5491.4235508442  3.384665E-16
5494.39440250397  2.921279E-16
5497.36525416375  2.680995E-16
5500.33610582352  2.577304E-16
5503.3069574833  2.548856E-16
5506.27780914307  2.529780E-16
5509.24866080285  2.509160E-16
5512.21951246262  2.491859E-16
5515.1903641224  2.470060E-16
5518.16121578217  2.450987E-16
5521.13206744195  2.476897E-16
5524.10291910172  2.497649E-16
5527.0737707615  2.656189E-16
5530.04462242127  3.987554E-16
5533.01547408104  6.942354E-16
5535.98632574082  9.493812E-16
5538.95717740059  9.518483E-16
5541.92802906037  7.243160E-16
5544.89888072014  4.924092E-16
5547.86973237992  3.741253E-16
5550.84058403969  3.089943E-16
5553.81143569947  2.692698E-16
5556.78228735924  2.514772E-16
5559.75313901902  2.488499E-16
5562.72399067879  2.508483E-16
5565.69484233857  2.530117E-16
5568.66569399834  2.512521E-16
5571.63654565812  2.463640E-16
5574.60739731789  2.457350E-16
5577.57824897767  2.533941E-16
5580.54910063744  2.619679E-16
5583.51995229722  2.613812E-16
5586.49080395699  2.572899E-16
5589.46165561676  2.550241E-16
5592.43250727654  2.528583E-16
5595.40335893632  2.507346E-16
5598.37421059609  2.503069E-16
5601.34506225586  2.537615E-16
5604.31591391564  2.591313E-16
5607.28676557542  2.632130E-16
5610.25761723519  2.642437E-16
5613.22846889496  2.625928E-16
5616.19932055474  2.601627E-16
5619.17017221451  2.607062E-16
5622.14102387429  2.614521E-16
5625.11187553406  2.627763E-16
5628.08272719384  2.622973E-16
5631.05357885361  2.587847E-16
5634.02443051339  2.575173E-16
5636.99528217316  2.595203E-16
5639.96613383294  2.647228E-16
5642.93698549271  2.674336E-16
5645.90783715249  2.672221E-16
5648.87868881226  2.668920E-16
5651.84954047204  2.668050E-16
5654.82039213181  2.645312E-16
5657.79124379159  2.622807E-16
5660.76209545136  2.618621E-16
5663.73294711113  2.648475E-16
5666.70379877091  2.698587E-16
5669.67465043068  2.717235E-16
5672.64550209046  2.697033E-16
5675.61635375023  2.645550E-16
5678.58720541001  2.597224E-16
5681.55805706978  2.582628E-16
5684.52890872956  2.614689E-16
5687.49976038933  2.658181E-16
5690.47061204911  2.686626E-16
5693.44146370888  2.697904E-16
5696.41231536866  2.710488E-16
5699.38316702843  2.710302E-16
5702.35401868821  2.695648E-16
5705.32487034798  2.672885E-16
5708.29572200776  2.668905E-16
5711.26657366753  2.650381E-16
5714.23742532731  2.647471E-16
5717.20827698708  2.667260E-16
5720.17912864686  2.682754E-16
5723.14998030663  2.654833E-16
5726.12083196641  2.601943E-16
5729.09168362618  2.584433E-16
5732.06253528596  2.603354E-16
5735.03338694573  2.620165E-16
5738.0042386055  2.626751E-16
5740.97509026528  2.621733E-16
5743.94594192505  2.590736E-16
5746.91679358483  2.545674E-16
5749.8876452446  2.491688E-16
5752.85849690438  2.469482E-16
5755.82934856416  2.484065E-16
5758.80020022393  2.501466E-16
5761.7710518837  2.515644E-16
5764.74190354348  2.513873E-16
5767.71275520325  2.518074E-16
5770.68360686303  2.500470E-16
5773.6544585228  2.472625E-16
5776.62531018258  2.451433E-16
5779.59616184235  2.442926E-16
5782.56701350213  2.420829E-16
5785.5378651619  2.394604E-16
5788.50871682168  2.379442E-16
5791.47956848145  2.360416E-16
5794.45042014123  2.357047E-16
5797.421271801  2.375160E-16
5800.39212346078  2.389992E-16
5803.36297512055  2.392547E-16
5806.33382678032  2.367836E-16
5809.3046784401  2.361929E-16
5812.27553009988  2.354146E-16
5815.24638175965  2.330641E-16
5818.21723341942  2.314360E-16
5821.1880850792  2.309883E-16
5824.15893673897  2.320673E-16
5827.12978839875  2.310920E-16
5830.10064005852  2.290269E-16
5833.0714917183  2.284044E-16
5836.04234337807  2.285648E-16
5839.01319503785  2.261930E-16
5841.98404669762  2.231203E-16
5844.9548983574  2.208768E-16
5847.92575001717  2.202209E-16
5850.89660167695  2.185315E-16
5853.86745333672  2.164570E-16
5856.8383049965  2.178379E-16
5859.80915665627  2.194619E-16
5862.78000831605  2.193134E-16
5865.75085997582  2.163426E-16
5868.7217116356  2.140227E-16
5871.69256329537  2.133905E-16
5874.66341495515  2.123280E-16
5877.63426661492  2.108360E-16
5880.60511827469  2.090305E-16
5883.57596993447  2.068043E-16
5886.54682159424  2.090823E-16
5889.51767325402  2.112900E-16
5892.48852491379  2.134454E-16
5895.45937657357  2.126914E-16
5898.43022823334  2.116033E-16
5901.40107989312  2.096043E-16
5904.37193155289  2.052435E-16
5907.34278321267  2.034207E-16
5910.31363487244  2.048542E-16
5913.28448653222  2.060040E-16
5916.25533819199  2.068705E-16
5919.22618985177  2.075089E-16
5922.19704151154  2.078146E-16
5925.16789317132  2.072628E-16
5928.13874483109  2.071372E-16
5931.10959649087  2.098343E-16
5934.08044815064  2.114631E-16
5937.05129981042  2.087323E-16
5940.02215147019  2.058104E-16
5942.99300312997  2.054077E-16
5945.96385478974  2.054364E-16
5948.93470644952  2.035034E-16
5951.90555810929  2.011009E-16
5954.87640976906  2.010994E-16
5957.84726142884  2.016439E-16
5960.81811308861  2.024422E-16
5963.78896474839  2.036976E-16
5966.75981640816  2.034710E-16
5969.73066806794  2.028357E-16
5972.70151972771  2.024001E-16
5975.67237138749  2.021393E-16
5978.64322304726  2.015149E-16
5981.61407470704  1.987723E-16
5984.58492636681  1.954214E-16
5987.55577802659  1.938930E-16
5990.52662968636  1.960936E-16
5993.49748134614  1.996628E-16
5996.46833300591  2.007015E-16
5999.43918466569  2.014679E-16
6002.41003632546  2.036650E-16
6005.38088798524  2.041255E-16
6008.35173964501  2.013462E-16
6011.32259130478  1.968510E-16
6014.29344296456  1.939388E-16
6017.26429462433  1.945507E-16
6020.23514628411  1.975570E-16
6023.20599794388  1.998251E-16
6026.17684960366  1.984576E-16
6029.14770126343  1.956730E-16
6032.11855292321  1.922316E-16
6035.08940458298  1.880701E-16
6038.06025624276  1.844808E-16
6041.03110790253  1.823854E-16
6044.00195956231  1.852661E-16
6046.97281122208  1.898946E-16
6049.94366288186  1.921001E-16
6052.91451454163  1.922421E-16
6055.88536620141  1.903240E-16
6058.85621786118  1.898511E-16
6061.82706952096  1.885175E-16
6064.79792118073  1.860470E-16
6067.76877284051  1.851935E-16
6070.73962450028  1.852380E-16
6073.71047616005  1.862610E-16
6076.68132781983  1.875106E-16
6079.65217947961  1.888808E-16
6082.62303113938  1.896116E-16
6085.59388279915  1.884765E-16
6088.56473445893  1.870809E-16
6091.5355861187  1.873558E-16
6094.50643777848  1.882011E-16
6097.47728943825  1.867398E-16
6100.44814109803  1.839651E-16
6103.4189927578  1.816090E-16
6106.38984441758  1.810297E-16
6109.36069607735  1.821318E-16
6112.33154773713  1.835932E-16
6115.3023993969  1.848671E-16
6118.27325105668  1.841149E-16
6121.24410271645  1.818028E-16
6124.21495437623  1.816553E-16
6127.185806036  1.824725E-16
6130.15665769578  1.849166E-16
6133.12750935555  1.877880E-16
6136.09836101533  1.887200E-16
6139.0692126751  1.886357E-16
6142.04006433488  1.845153E-16
6145.01091599465  1.812505E-16
6147.98176765443  1.804741E-16
6150.9526193142  1.812925E-16
6153.92347097397  1.815365E-16
6156.89432263375  1.803830E-16
6159.86517429352  1.800649E-16
6162.8360259533  1.800752E-16
6165.80687761307  1.780427E-16
6168.77772927285  1.748585E-16
6171.74858093262  1.738981E-16
6174.7194325924  1.754994E-16
6177.69028425217  1.765803E-16
6180.66113591195  1.769680E-16
6183.63198757172  1.745813E-16
6186.6028392315  1.703540E-16
6189.57369089127  1.669164E-16
6192.54454255105  1.662405E-16
6195.51539421082  1.692079E-16
6198.4862458706  1.723082E-16
6201.45709753037  1.753444E-16
6204.42794919015  1.774501E-16
6207.39880084992  1.777591E-16
6210.3696525097  1.764500E-16
6213.34050416947  1.735291E-16
6216.31135582925  1.709524E-16
6219.28220748902  1.708368E-16
6222.25305914879  1.719992E-16
6225.22391080857  1.730244E-16
6228.19476246835  1.724417E-16
6231.16561412812  1.703417E-16
6234.13646578789  1.690418E-16
6237.10731744767  1.697568E-16
6240.07816910744  1.728113E-16
6243.04902076722  1.759987E-16
6246.01987242699  1.770275E-16
6248.99072408677  1.782636E-16
6251.96157574654  1.783134E-16
6254.93242740632  1.762149E-16
6257.90327906609  1.738902E-16
6260.87413072587  1.721136E-16
6263.84498238564  1.703098E-16
6266.81583404542  1.685411E-16
6269.78668570519  1.672010E-16
6272.75753736497  1.672297E-16
6275.72838902474  1.688183E-16
6278.69924068452  1.712926E-16
6281.67009234429  1.763664E-16
6284.64094400407  1.800414E-16
6287.61179566384  1.798414E-16
6290.58264732361  1.768103E-16
6293.55349898339  1.734483E-16
6296.52435064316  1.716556E-16
6299.49520230294  1.692284E-16
6302.46605396271  1.665561E-16
6305.43690562249  1.670145E-16
6308.40775728226  1.698553E-16
6311.37860894204  1.704994E-16
6314.34946060181  1.664600E-16
6317.32031226159  1.617231E-16
6320.29116392136  1.611283E-16
6323.26201558114  1.635077E-16
6326.23286724091  1.660353E-16
6329.20371890069  1.656517E-16
6332.17457056046  1.661507E-16
6335.14542222024  1.678928E-16
6338.11627388001  1.704726E-16
6341.08712553979  1.712383E-16
6344.05797719956  1.705088E-16
6347.02882885934  1.700244E-16
6349.99968051911  1.702927E-16
6352.97053217889  1.705658E-16
6355.94138383866  1.696551E-16
6358.91223549843  1.684166E-16
6361.88308715821  1.672726E-16
6364.85393881798  1.661687E-16
6367.82479047776  1.658739E-16
6370.79564213753  1.693901E-16
6373.76649379731  1.742814E-16
6376.73734545708  1.745633E-16
6379.70819711686  1.676899E-16
6382.67904877663  1.603485E-16
6385.64990043641  1.589794E-16
6388.62075209618  1.626511E-16
6391.59160375596  1.663631E-16
6394.56245541573  1.670145E-16
6397.53330707551  1.646937E-16
6400.50415873528  1.611311E-16
6403.47501039506  1.579127E-16
6406.44586205483  1.556711E-16
6409.41671371461  1.566097E-16
6412.38756537438  1.602713E-16
6415.35841703415  1.634263E-16
6418.32926869393  1.625193E-16
6421.3001203537  1.586885E-16
6424.27097201348  1.567398E-16
6427.24182367325  1.582235E-16
6430.21267533303  1.613352E-16
6433.1835269928  1.630169E-16
6436.15437865258  1.625102E-16
6439.12523031235  1.612674E-16
6442.09608197213  1.596847E-16
6445.0669336319  1.584342E-16
6448.03778529168  1.593321E-16
6451.00863695145  1.615910E-16
6453.97948861123  1.625597E-16
6456.950340271  1.603523E-16
6459.92119193078  1.572449E-16
6462.89204359055  1.557179E-16
6465.86289525033  1.554943E-16
6468.8337469101  1.565902E-16
6471.80459856988  1.591081E-16
6474.77545022965  1.583941E-16
6477.74630188943  1.556120E-16
6480.7171535492  1.543244E-16
6483.68800520898  1.543380E-16
6486.65885686875  1.536839E-16
6489.62970852852  1.506921E-16
6492.6005601883  1.519718E-16
6495.57141184807  1.586882E-16
6498.54226350785  1.676419E-16
6501.51311516762  1.729214E-16
6504.4839668274  1.710097E-16
6507.45481848717  1.632304E-16
6510.42567014695  1.562746E-16
6513.39652180672  1.522777E-16
6516.3673734665  1.500335E-16
6519.33822512627  1.489843E-16
6522.30907678605  1.479509E-16
6525.27992844582  1.460022E-16
6528.2507801056  1.452955E-16
6531.22163176537  1.469451E-16
6534.19248342515  1.485012E-16
6537.16333508492  1.463788E-16
6540.1341867447  1.427553E-16
6543.10503840447  1.427220E-16
6546.07589006424  1.443609E-16
6549.04674172402  1.463866E-16
6552.0175933838  1.462226E-16
6554.98844504357  1.447688E-16
6557.95929670335  1.430968E-16
6560.93014836312  1.421744E-16
6563.90100002289  1.419316E-16
6566.87185168267  1.427022E-16
6569.84270334244  1.458290E-16
6572.81355500222  1.493173E-16
6575.78440666199  1.493406E-16
6578.75525832177  1.465931E-16
6581.72610998154  1.448418E-16
6584.69696164132  1.464819E-16
6587.66781330109  1.475214E-16
6590.63866496087  1.477685E-16
6593.60951662064  1.491324E-16
6596.58036828042  1.530595E-16
6599.55121994019  1.544792E-16
6602.52207159997  1.509999E-16
6605.49292325974  1.474264E-16
6608.46377491952  1.466294E-16
6611.43462657929  1.465488E-16
6614.40547823907  1.455930E-16
6617.37632989884  1.455422E-16
6620.34718155862  1.489243E-16
6623.31803321839  1.513563E-16
6626.28888487817  1.518938E-16
6629.25973653794  1.517181E-16
6632.23058819771  1.521579E-16
6635.20143985749  1.514989E-16
6638.17229151726  1.481983E-16
6641.14314317704  1.432810E-16
6644.11399483681  1.382552E-16
6647.08484649659  1.366542E-16
6650.05569815636  1.401728E-16
6653.02654981614  1.447812E-16
6655.99740147591  1.457961E-16
6658.96825313569  1.424355E-16
6661.93910479546  1.383749E-16
6664.90995645524  1.346915E-16
6667.88080811501  1.362531E-16
6670.85165977479  1.402229E-16
6673.82251143456  1.442293E-16
6676.79336309434  1.431553E-16
6679.76421475411  1.413739E-16
6682.73506641389  1.428944E-16
6685.70591807366  1.454812E-16
6688.67676973344  1.464906E-16
6691.64762139321  1.449993E-16
6694.61847305299  1.425103E-16
6697.58932471276  1.416979E-16
6700.56017637254  1.412804E-16
6703.53102803231  1.406029E-16
6706.50187969208  1.382171E-16
6709.47273135186  1.343849E-16
6712.44358301163  1.311756E-16
6715.41443467141  1.305031E-16
6718.38528633118  1.324416E-16
6721.35613799096  1.336056E-16
6724.32698965073  1.317475E-16
6727.29784131051  1.298062E-16
6730.26869297028  1.298646E-16
6733.23954463006  1.286595E-16
6736.21039628983  1.259917E-16
6739.18124794961  1.262318E-16
6742.15209960938  1.285499E-16
6745.12295126916  1.283806E-16
6748.09380292893  1.232215E-16
6751.06465458871  1.212001E-16
6754.03550624848  1.233952E-16
6757.00635790826  1.277581E-16
6759.97720956803  1.293342E-16
6762.94806122781  1.283938E-16
6765.91891288758  1.257551E-16
6768.88976454736  1.237385E-16
6771.86061620713  1.234782E-16
6774.83146786691  1.228571E-16
6777.80231952668  1.214555E-16
6780.77317118645  1.187257E-16
6783.74402284623  1.181528E-16
6786.714874506  1.204661E-16
6789.68572616578  1.249404E-16
6792.65657782555  1.262176E-16
6795.62742948533  1.225507E-16
6798.5982811451  1.187514E-16
6801.56913280488  1.187474E-16
6804.53998446465  1.219026E-16
6807.51083612443  1.249525E-16
6810.4816877842  1.266399E-16
6813.45253944398  1.262802E-16
6816.42339110375  1.227590E-16
6819.39424276353  1.189631E-16
6822.3650944233  1.186282E-16
6825.33594608308  1.204730E-16
6828.30679774285  1.221013E-16
6831.27764940263  1.229830E-16
6834.2485010624  1.251754E-16
6837.21935272218  1.259211E-16
6840.19020438195  1.243342E-16
6843.16105604172  1.220697E-16
6846.1319077015  1.213191E-16
6849.10275936127  1.207429E-16
6852.07361102105  1.177462E-16
6855.04446268082  1.128461E-16
6858.0153143406  1.070357E-16
6860.98616600037  1.003322E-16
6863.95701766015  9.504291E-17
6866.92786931992  9.349749E-17
6869.8987209797  9.805950E-17
6872.86957263947  1.060804E-16
6875.84042429925  1.119974E-16
6878.81127595902  1.144275E-16
6881.7821276188  1.140369E-16
6884.75297927857  1.117518E-16
6887.72383093835  1.079225E-16
6890.69468259812  1.056242E-16
6893.6655342579  1.082900E-16
6896.63638591767  1.141336E-16
6899.60723757744  1.199867E-16
6902.57808923722  1.249917E-16
6905.548940897  1.279932E-16
6908.51979255677  1.263477E-16
6911.49064421655  1.228040E-16
6914.46149587632  1.210842E-16
6917.4323475361  1.222666E-16
6920.40319919587  1.236573E-16
6923.37405085564  1.241048E-16
6926.34490251542  1.238764E-16
6929.31575417519  1.228590E-16
6932.28660583497  1.228232E-16
6935.25745749474  1.254771E-16
6938.22830915452  1.295169E-16
6941.19916081429  1.329831E-16
6944.17001247407  1.338017E-16
6947.14086413384  1.319984E-16
6950.11171579362  1.292734E-16
6953.08256745339  1.260560E-16
6956.05341911317  1.250179E-16
6959.02427077294  1.252590E-16
6961.99512243272  1.281562E-16
6964.96597409249  1.335396E-16
6967.93682575227  1.395337E-16
6970.90767741204  1.444851E-16
6973.87852907182  1.462162E-16
6976.84938073159  1.450184E-16
6979.82023239136  1.425082E-16
6982.79108405114  1.379220E-16
6985.76193571092  1.326365E-16
6988.73278737069  1.273233E-16
6991.70363903046  1.261222E-16
6994.67449069024  1.257216E-16
6997.64534235001  1.231495E-16
7000.61619400979  1.195943E-16
7003.58704566956  1.190295E-16
7006.55789732934  1.222529E-16
7009.52874898911  1.258056E-16
7012.49960064889  1.285180E-16
7015.47045230866  1.318343E-16
7018.44130396844  1.336106E-16
7021.41215562821  1.314455E-16
7024.38300728799  1.248078E-16
7027.35385894776  1.185910E-16
7030.32471060754  1.162364E-16
7033.29556226731  1.178524E-16
7036.26641392709  1.205077E-16
7039.23726558686  1.235911E-16
7042.20811724664  1.273085E-16
7045.17896890641  1.317016E-16
7048.14982056618  1.356224E-16
7051.12067222596  1.364988E-16
7054.09152388573  1.340989E-16
7057.06237554551  1.295224E-16
7060.03322720528  1.249990E-16
7063.00407886506  1.213568E-16
7065.97493052483  1.192388E-16
7068.94578218461  1.194374E-16
7071.91663384438  1.201124E-16
7074.88748550416  1.213477E-16
7077.85833716393  1.225334E-16
7080.82918882371  1.224828E-16
7083.80004048348  1.206956E-16
7086.77089214326  1.201071E-16
7089.74174380303  1.232227E-16
7092.71259546281  1.273421E-16
7095.68344712258  1.307965E-16
7098.65429878236  1.331557E-16
7101.62515044213  1.336891E-16
7104.59600210191  1.318710E-16
7107.56685376168  1.284879E-16
7110.53770542146  1.276892E-16
7113.50855708123  1.266597E-16
7116.479408741  1.236836E-16
7119.45026040078  1.198760E-16
7122.42111206055  1.187783E-16
7125.39196372033  1.216166E-16
7128.3628153801  1.255199E-16
7131.33366703988  1.299029E-16
7134.30451869965  1.345546E-16
7137.27537035943  1.355138E-16
7140.2462220192  1.345620E-16
7143.21707367898  1.340758E-16
7146.18792533875  1.333758E-16
7149.15877699853  1.305791E-16
7152.1296286583  1.259727E-16
7155.10048031808  1.221191E-16
7158.07133197785  1.205627E-16
7161.04218363763  1.208601E-16
7164.0130352974  1.221435E-16
7166.98388695717  1.227591E-16
7169.95473861695  1.223870E-16
7172.92559027672  1.237137E-16
7175.8964419365  1.232345E-16
7178.86729359628  1.202237E-16
7181.83814525605  1.167502E-16
7184.80899691582  1.161527E-16
7187.7798485756  1.147215E-16
7190.75070023538  1.106831E-16
7193.72155189515  1.075164E-16
7196.69240355492  1.082878E-16
7199.6632552147  1.123573E-16
7202.63410687447  1.200632E-16
7205.60495853425  1.311499E-16
7208.57581019402  1.394028E-16
7211.5466618538  1.404539E-16
7214.51751351357  1.367908E-16
7217.48836517335  1.351360E-16
7220.45921683312  1.332633E-16
7223.4300684929  1.249965E-16
7226.40092015267  1.154275E-16
7229.37177181245  1.106324E-16
7232.34262347222  1.124929E-16
7235.313475132  1.156157E-16
7238.28432679177  1.172706E-16
7241.25517845155  1.209876E-16
7244.22603011132  1.276841E-16
7247.19688177109  1.325833E-16
7250.16773343087  1.339425E-16
7253.13858509064  1.616491E-16
7256.10943675042  2.702012E-16
7259.08028841019  4.145520E-16
7262.05114006997  4.773576E-16
7265.02199172974  4.046606E-16
7267.99284338952  2.745673E-16
7270.96369504929  1.862991E-16
7273.93454670907  1.492007E-16
7276.90539836884  1.351759E-16
7279.87625002862  1.312313E-16
7282.84710168839  1.309996E-16
7285.81795334817  1.317817E-16
7288.78880500794  1.328779E-16
7291.75965666772  1.321327E-16
7294.73050832749  1.271647E-16
7297.70135998727  1.197169E-16
7300.67221164704  1.142582E-16
7303.64306330682  1.108288E-16
7306.61391496659  1.079451E-16
7309.58476662637  1.092919E-16
7312.55561828614  1.120232E-16
7315.52646994591  1.150850E-16
7318.49732160569  1.186363E-16
7321.46817326546  1.216844E-16
7324.43902492524  1.261240E-16
7327.40987658501  1.263011E-16
7330.38072824479  1.236142E-16
7333.35157990456  1.212166E-16
7336.32243156434  1.204687E-16
7339.29328322411  1.191928E-16
7342.26413488389  1.168767E-16
7345.23498654366  1.164744E-16
7348.20583820344  1.209034E-16
7351.17668986321  1.273426E-16
7354.14754152299  1.320255E-16
7357.11839318276  1.355302E-16
7360.08924484254  1.386254E-16
7363.06009650231  1.395503E-16
7366.03094816209  1.375159E-16
7369.00179982186  1.319845E-16
7371.97265148164  1.256257E-16
7374.94350314141  1.188471E-16
7377.91435480119  1.133407E-16
7380.88520646096  1.098757E-16
7383.85605812073  1.107928E-16
7386.82690978051  1.150678E-16
7389.79776144028  1.208648E-16
7392.76861310006  1.254394E-16
7395.73946475983  1.258797E-16
7398.71031641961  1.250332E-16
7401.68116807938  1.272985E-16
7404.65201973916  1.295417E-16
7407.62287139893  1.265920E-16
7410.59372305871  1.189445E-16
7413.56457471848  1.154491E-16
7416.53542637826  1.158696E-16
7419.50627803803  1.159367E-16
7422.47712969781  1.162614E-16
7425.44798135758  1.223749E-16
7428.41883301736  1.297154E-16
7431.38968467713  1.312088E-16
7434.36053633691  1.279225E-16
7437.33138799668  1.261317E-16
7440.30223965646  1.306188E-16
7443.27309131623  1.368414E-16
7446.24394297601  1.385295E-16
7449.21479463578  1.345646E-16
7452.18564629555  1.262899E-16
7455.15649795533  1.183709E-16
7458.12734961511  1.129584E-16
7461.09820127488  1.104635E-16
7464.06905293465  1.101604E-16
7467.03990459443  1.080343E-16
7470.0107562542  1.052074E-16
7472.98160791398  1.070252E-16
7475.95245957375  1.147804E-16
7478.92331123353  1.237638E-16
7481.8941628933  1.268994E-16
7484.86501455308  1.237052E-16
7487.83586621285  1.190897E-16
7490.80671787263  1.180023E-16
7493.7775695324  1.183607E-16
7496.74842119218  1.160986E-16
7499.71927285195  1.113890E-16
7502.69012451173  1.058988E-16
7505.6609761715  1.021399E-16
7508.63182783128  1.006216E-16
7511.60267949105  1.027052E-16
7514.57353115083  1.084612E-16
7517.5443828106  1.152991E-16
7520.51523447038  1.221992E-16
7523.48608613015  1.248339E-16
7526.45693778992  1.233659E-16
7529.4277894497  1.210205E-16
7532.39864110947  1.191579E-16
7535.36949276925  1.154823E-16
7538.34034442902  1.080897E-16
7541.3111960888  1.039706E-16
7544.28204774857  1.035962E-16
7547.25289940835  1.046383E-16
7550.22375106812  1.044542E-16
7553.1946027279  1.044059E-16
7556.16545438767  1.090650E-16
7559.13630604745  1.142053E-16
7562.10715770722  1.167347E-16
7565.078009367  1.161762E-16
7568.04886102677  1.152352E-16
7571.01971268655  1.179645E-16
7573.99056434632  1.169022E-16
7576.9614160061  1.102059E-16
7579.93226766587  9.871159E-17
7582.90311932564  8.426638E-17
7585.87397098542  6.797612E-17
7588.84482264519  5.438473E-17
7591.81567430497  4.939663E-17
7594.78652596475  5.020123E-17
7597.75737762452  5.113966E-17
7600.72822928429  5.535200E-17
7603.69908094407  6.612696E-17
7606.66993260384  7.795379E-17
7609.64078426362  8.067600E-17
7612.61163592339  7.584858E-17
7615.58248758317  6.963402E-17
7618.55333924294  6.582084E-17
7621.52419090272  6.288782E-17
7624.49504256249  6.284347E-17
7627.46589422227  6.624902E-17
7630.43674588204  6.995230E-17
7633.40759754182  7.175883E-17
7636.37844920159  7.217589E-17
7639.34930086137  7.532680E-17
7642.32015252114  8.124843E-17
7645.29100418091  8.946614E-17
7648.26185584069  9.812691E-17
7651.23270750047  1.030561E-16
7654.20355916024  1.033382E-16
7657.17441082001  1.019737E-16
7660.14526247979  1.029008E-16
7663.11611413956  1.042232E-16
7666.08696579934  1.030214E-16
7669.05781745911  1.001528E-16
7672.02866911889  9.678323E-17
7674.99952077866  9.193491E-17
7677.97037243844  8.611977E-17
7680.94122409821  8.488704E-17
7683.91207575799  9.020925E-17
7686.88292741776  9.771284E-17
7689.85377907754  1.016274E-16
7692.82463073731  1.073876E-16
7695.79548239709  1.161670E-16
7698.76633405686  1.220359E-16
7701.73718571664  1.176991E-16
7704.70803737641  1.085610E-16
7707.67888903619  1.055831E-16
7710.64974069596  1.061866E-16
7713.62059235574  1.032589E-16
7716.59144401551  9.846055E-17
7719.56229567528  9.192206E-17
7722.53314733506  8.605894E-17
7725.50399899483  8.286206E-17
7728.47485065461  8.891806E-17
7731.44570231438  1.030001E-16
7734.41655397416  1.150752E-16
7737.38740563393  1.190099E-16
7740.35825729371  1.161717E-16
7743.32910895348  1.088861E-16
7746.29996061326  1.003997E-16
7749.27081227303  9.428805E-17
7752.24166393281  9.166246E-17
7755.21251559258  9.134162E-17
7758.18336725236  9.227293E-17
7761.15421891213  9.520420E-17
7764.12507057191  1.002708E-16
7767.09592223168  1.053585E-16
7770.06677389146  1.094060E-16
7773.03762555123  1.099212E-16
7776.00847721101  1.080740E-16
7778.97932887078  1.077815E-16
7781.95018053056  1.117235E-16
7784.92103219033  1.167104E-16
7787.89188385011  1.174406E-16
7790.86273550988  1.133511E-16
7793.83358716966  1.088800E-16
7796.80443882943  1.059318E-16
7799.77529048921  1.019025E-16
7802.74614214898  9.772208E-17
7805.71699380875  9.348584E-17
7808.68784546853  9.343670E-17
7811.65869712831  9.502119E-17
7814.62954878808  9.758549E-17
7817.60040044785  1.024145E-16
7820.57125210763  1.100918E-16
7823.5421037674  1.199708E-16
7826.51295542718  1.272293E-16
7829.48380708695  1.293415E-16
7832.45465874673  1.270644E-16
7835.4255104065  1.205814E-16
7838.39636206628  1.124887E-16
7841.36721372605  1.070369E-16
7844.33806538583  1.063015E-16
7847.3089170456  1.053611E-16
7850.27976870538  9.868419E-17
7853.25062036515  9.100595E-17
7856.22147202493  8.676622E-17
7859.1923236847  8.606151E-17
7862.16317534448  8.639587E-17
7865.13402700425  9.202971E-17
7868.10487866403  1.046856E-16
7871.0757303238  1.187226E-16
7874.04658198358  1.260139E-16
7877.01743364335  1.245149E-16
7879.98828530312  1.222398E-16
7882.9591369629  1.233620E-16
7885.92998862267  1.231106E-16
7888.90084028245  1.134135E-16
7891.87169194222  1.005446E-16
7894.842543602  9.068669E-17
7897.81339526177  8.914649E-17
7900.78424692155  8.924323E-17
7903.75509858132  9.187110E-17
7906.7259502411  9.797088E-17
7909.69680190087  1.062006E-16
7912.66765356065  1.139061E-16
7915.63850522042  1.183830E-16
7918.6093568802  1.198208E-16
7921.58020853997  1.177345E-16
7924.55106019975  1.126922E-16
7927.52191185952  1.072365E-16
7930.4927635193  1.041255E-16
7933.46361517907  9.897705E-17
7936.43446683884  9.090078E-17
7939.40531849862  8.375298E-17
7942.37617015839  8.189638E-17
7945.34702181817  8.596874E-17
7948.31787347795  9.276364E-17
7951.28872513772  9.945623E-17
7954.25957679749  1.054250E-16
7957.23042845727  1.125934E-16
7960.20128011704  1.216578E-16
7963.17213177682  1.286723E-16
7966.14298343659  1.291745E-16
7969.11383509637  1.243307E-16
7972.08468675614  1.160267E-16
7975.05553841592  1.083499E-16
7978.02639007569  1.041836E-16
7980.99724173547  9.817028E-17
7983.96809339524  9.098150E-17
7986.93894505502  8.575874E-17
7989.90979671479  8.612052E-17
7992.88064837457  8.884396E-17
7995.85150003434  9.114568E-17
7998.82235169412  9.447825E-17
8001.79320335389  9.915452E-17
8004.76405501366  1.051164E-16
8007.73490667344  1.116364E-16
8010.70575833321  1.177053E-16
8013.67660999299  1.222873E-16
8016.64746165276  1.248820E-16
8019.61831331254  1.248205E-16
8022.58916497231  1.194982E-16
8025.56001663209  1.153989E-16
8028.53086829186  1.113459E-16
8031.50171995164  1.068810E-16
8034.47257161141  1.031461E-16
8037.44342327119  1.008341E-16
8040.41427493096  1.002212E-16
8043.38512659074  1.002879E-16
8046.35597825051  1.009091E-16
8049.32682991029  1.016954E-16
8052.29768157006  1.000236E-16
8055.26853322984  9.942236E-17
8058.23938488961  9.872677E-17
8061.21023654939  1.005518E-16
8064.18108820916  1.034954E-16
8067.15193986894  1.081538E-16
8070.12279152871  1.123987E-16
8073.09364318848  1.134086E-16
8076.06449484826  1.134637E-16
8079.03534650803  1.127263E-16
8082.00619816781  1.104799E-16
8084.97704982758  1.058506E-16
8087.94790148736  1.003528E-16
8090.91875314713  9.877373E-17
8093.88960480691  1.005184E-16
8096.86045646668  1.002487E-16
8099.83130812646  9.770938E-17
8102.80215978623  9.606432E-17
8105.77301144601  9.363242E-17
8108.74386310578  8.987049E-17
8111.71471476556  8.661942E-17
8114.68556642533  8.462301E-17
8117.65641808511  8.531848E-17
8120.62726974488  8.856702E-17
8123.59812140466  9.511500E-17
8126.56897306443  1.011157E-16
8129.53982472421  1.040656E-16
8132.51067638398  1.073166E-16
8135.48152804376  1.099630E-16
8138.45237970353  1.078801E-16
8141.42323136331  9.956515E-17
8144.39408302308  8.767930E-17
8147.36493468285  7.856886E-17
8150.33578634263  7.783238E-17
8153.3066380024  8.186841E-17
8156.27748966218  8.521114E-17
8159.24834132195  8.109954E-17
8162.21919298173  7.599561E-17
8165.1900446415  7.546511E-17
8168.16089630128  7.809154E-17
8171.13174796105  8.139948E-17
8174.10259962083  8.351069E-17
8177.0734512806  8.549440E-17
8180.04430294038  8.918389E-17
8183.01515460015  9.407064E-17
8185.98600625993  1.005787E-16
8188.9568579197  1.032448E-16
8191.92770957948  1.021795E-16
8194.89856123925  9.680924E-17
8197.86941289902  9.066982E-17
8200.8402645588  8.572619E-17
8203.81111621857  8.325138E-17
8206.78196787835  8.323559E-17
8209.75281953812  8.283212E-17
8212.7236711979  7.959572E-17
8215.69452285767  7.474245E-17
8218.66537451745  7.448875E-17
8221.63622617722  7.727742E-17
8224.607077837  7.523193E-17
8227.57792949677  6.981333E-17
8230.54878115655  6.543288E-17
8233.51963281632  7.070475E-17
8236.4904844761  7.936048E-17
8239.46133613587  8.389663E-17
8242.43218779565  8.501341E-17
8245.40303945542  8.164416E-17
8248.3738911152  8.304947E-17
8251.34474277497  8.892872E-17
8254.31559443475  9.394274E-17
8257.28644609452  9.554980E-17
8260.2572977543  9.197738E-17
8263.22814941407  8.625667E-17
8266.19900107385  8.126942E-17
8269.16985273362  7.861184E-17
8272.1407043934  7.986549E-17
8275.11155605317  8.215937E-17
8278.08240771295  8.229098E-17
8281.05325937272  7.621127E-17
8284.0241110325  6.953791E-17
8286.99496269227  6.540762E-17
8289.96581435204  6.751279E-17
8292.93666601182  7.074787E-17
8295.90751767159  7.370365E-17
8298.87836933137  8.054238E-17
8301.84922099114  8.837725E-17
8304.82007265092  9.057850E-17
8307.79092431069  8.633809E-17
8310.76177597047  8.269043E-17
8313.73262763024  8.332951E-17
8316.70347929002  8.158766E-17
8319.67433094979  7.309074E-17
8322.64518260957  6.438442E-17
8325.61603426934  6.165235E-17
8328.58688592912  6.648026E-17
8331.55773758889  7.343076E-17
8334.52858924867  7.761681E-17
8337.49944090844  7.496764E-17
8340.47029256822  7.022051E-17
8343.44114422799  6.567687E-17
8346.41199588777  6.585954E-17
8349.38284754754  6.879668E-17
8352.35369920732  7.522928E-17
8355.32455086709  8.342088E-17
8358.29540252687  8.975003E-17
8361.26625418664  9.176298E-17
8364.23710584641  8.809139E-17
8367.20795750619  8.186020E-17
8370.17880916596  7.661385E-17
8373.14966082574  7.518439E-17
8376.12051248551  7.423127E-17
8379.09136414529  7.015619E-17
8382.06221580506  6.402197E-17
8385.03306746484  6.378534E-17
8388.00391912461  7.275917E-17
8390.97477078439  8.519776E-17
8393.94562244416  9.657146E-17
8396.91647410394  1.061956E-16
8399.88732576371  1.160375E-16
8402.85817742349  1.220118E-16
8405.82902908326  1.180860E-16
8408.79988074304  1.060856E-16
8411.77073240281  9.390629E-17
8414.74158406259  8.768840E-17
8417.71243572236  8.588111E-17
8420.68328738214  8.282680E-17
8423.65413904191  7.857967E-17
8426.62499070168  7.445380E-17
8429.59584236146  7.454034E-17
8432.56669402124  7.618458E-17
8435.53754568101  7.835631E-17
8438.50839734078  7.896475E-17
8441.47924900056  8.093952E-17
8444.45010066033  8.599507E-17
8447.42095232011  9.053017E-17
8450.39180397988  9.552843E-17
8453.36265563966  9.958392E-17
8456.33350729943  1.030705E-16
8459.30435895921  1.032248E-16
8462.27521061898  9.759407E-17
8465.24606227876  9.221484E-17
8468.21691393853  9.011735E-17
8471.18776559831  8.946843E-17
8474.15861725808  8.793306E-17
8477.12946891786  8.424878E-17
8480.10032057763  7.893667E-17
8483.07117223741  7.637606E-17
8486.04202389718  7.887396E-17
8489.01287555696  8.715399E-17
8491.98372721673  9.494292E-17
8494.95457887651  1.000052E-16
8497.92543053628  1.054668E-16
8500.89628219605  1.091092E-16
8503.86713385583  1.076363E-16
8506.8379855156  1.007695E-16
8509.80883717538  9.278270E-17
8512.77968883515  8.899687E-17
8515.75054049493  8.679298E-17
8518.7213921547  8.249482E-17
8521.69224381448  7.979318E-17
8524.66309547425  7.988852E-17
8527.63394713403  8.114318E-17
8530.6047987938  7.966172E-17
8533.57565045358  7.972195E-17
8536.54650211335  9.017918E-17
8539.51735377313  1.047674E-16
8542.4882054329  1.125649E-16
8545.45905709268  1.056951E-16
8548.42990875245  9.393664E-17
8551.40076041223  8.720863E-17
8554.371612072  8.681180E-17
8557.34246373178  8.817461E-17
8560.31331539155  8.849907E-17
8563.28416705133  8.605031E-17
8566.2550187111  7.877881E-17
8569.22587037088  7.071580E-17
8572.19672203065  7.099685E-17
8575.16757369042  8.042599E-17
8578.1384253502  8.983751E-17
8581.10927700997  9.555179E-17
8584.08012866975  1.003570E-16
8587.05098032952  1.102623E-16
8590.0218319893  1.159682E-16
8592.99268364907  1.103309E-16
8595.96353530885  9.687430E-17
8598.93438696862  8.598980E-17
8601.9052386284  8.443126E-17
8604.87609028817  8.518158E-17
8607.84694194795  8.249014E-17
8610.81779360772  7.289496E-17
8613.7886452675  6.345229E-17
8616.75949692727  6.216701E-17
8619.73034858704  7.028538E-17
8622.70120024682  8.260757E-17
8625.67205190659  9.045071E-17
8628.64290356637  9.404376E-17
8631.61375522614  1.017432E-16
8634.58460688592  1.135416E-16
8637.55545854569  1.195539E-16
8640.52631020547  1.145910E-16
8643.49716186525  1.035287E-16
8646.46801352502  9.443257E-17
8649.43886518479  8.827085E-17
8652.40971684457  8.210486E-17
8655.38056850434  8.002539E-17
8658.35142016412  7.887574E-17
8661.32227182389  7.731465E-17
8664.29312348367  7.269041E-17
8667.26397514344  7.007004E-17
8670.23482680322  7.370114E-17
8673.20567846299  7.775522E-17
8676.17653012277  7.672933E-17
8679.14738178254  7.292369E-17
8682.11823344232  7.262013E-17
8685.08908510209  7.836137E-17
8688.05993676187  8.722635E-17
8691.03078842164  9.656795E-17
8694.00164008141  1.051342E-16
8696.97249174119  1.083701E-16
8699.94334340096  1.056803E-16
8702.91419506074  9.994417E-17
8705.88504672051  9.180375E-17
8708.85589838029  8.455399E-17
8711.82675004006  8.074621E-17
8714.79760169984  7.893788E-17
8717.76845335961  7.942652E-17
8720.73930501939  7.956384E-17
8723.71015667916  7.883304E-17
8726.68100833894  8.003231E-17
8729.65185999871  7.749518E-17
8732.62271165849  7.386782E-17
8735.59356331826  7.087563E-17
8738.56441497804  6.862818E-17
8741.53526663781  7.331589E-17
8744.50611829759  8.212544E-17
8747.47696995736  8.929347E-17
8750.44782161713  9.354578E-17
8753.41867327691  9.222407E-17
8756.38952493669  9.178848E-17
8759.36037659646  8.988790E-17
8762.33122825624  8.720696E-17
8765.30207991601  8.695677E-17
8768.27293157578  8.063000E-17
8771.24378323556  7.276112E-17
8774.21463489533  7.456262E-17
8777.18548655511  8.952883E-17
8780.15633821488  9.890012E-17
8783.12718987466  9.235790E-17
8786.09804153443  7.873478E-17
8789.06889319421  7.278340E-17
8792.03974485398  6.969658E-17
8795.01059651376  6.622242E-17
8797.98144817353  6.740052E-17
8800.95229983331  7.593312E-17
8803.92315149308  8.499475E-17
8806.89400315286  8.730312E-17
8809.86485481263  8.359260E-17
8812.83570647241  7.797622E-17
8815.80655813218  7.325678E-17
8818.77740979196  6.849212E-17
8821.74826145173  6.825018E-17
8824.7191131115  7.403875E-17
8827.68996477128  8.046132E-17
8830.66081643105  8.258248E-17
8833.63166809083  7.639187E-17
8836.6025197506  7.043010E-17
8839.57337141038  6.324215E-17
8842.54422307015  5.879888E-17
8845.51507472993  5.527000E-17
8848.4859263897  5.494599E-17
8851.45677804948  6.319310E-17
8854.42762970925  7.724267E-17
8857.39848136903  8.820846E-17
8860.3693330288  8.690262E-17
8863.34018468858  7.559545E-17
8866.31103634835  6.736781E-17
8869.28188800813  6.402289E-17
8872.2527396679  6.503997E-17
8875.22359132768  6.863505E-17
8878.19444298745  6.945419E-17
8881.16529464723  6.665570E-17
8884.136146307  6.102627E-17
8887.10699796678  5.693210E-17
8890.07784962655  5.522623E-17
8893.04870128633  5.406046E-17
8896.0195529461  5.499037E-17
8898.99040460588  6.060169E-17
8901.96125626565  7.072064E-17
8904.93210792543  7.839809E-17
8907.9029595852  8.073117E-17
8910.87381124498  7.685639E-17
8913.84466290475  7.358969E-17
8916.81551456453  7.145545E-17
8919.7863662243  6.825613E-17
8922.75721788407  5.969523E-17
8925.72806954385  4.850773E-17
8928.69892120362  4.456562E-17
8931.6697728634  4.979391E-17
8934.64062452317  5.056826E-17
8937.61147618295  4.121542E-17
8940.58232784272  3.237196E-17
8943.5531795025  3.493418E-17
8946.52403116227  4.270332E-17
8949.49488282205  4.512617E-17
8952.46573448182  4.575706E-17
8955.4365861416  4.789210E-17
8958.40743780137  5.109717E-17
8961.37828946115  5.855289E-17
8964.34914112092  6.897113E-17
8967.3199927807  7.738495E-17
8970.29084444047  7.616459E-17
8973.26169610025  6.917273E-17
8976.23254776002  6.305418E-17
8979.2033994198  5.889559E-17
8982.17425107957  5.256143E-17
8985.14510273935  4.999612E-17
8988.11595439912  5.106734E-17
8991.0868060589  5.171635E-17
8994.05765771867  4.535617E-17
