3200.00000000001  3.380342E-18
3200.86178183556  3.226495E-17
3201.72356367112  4.441922E-17
3202.58534550668  2.501566E-17
3203.44712734223  2.270732E-17
3204.30890917779  2.628085E-17
3205.17069101334  1.832501E-17
3206.0324728489  1.484689E-17
3206.89425468446  1.443757E-17
3207.75603652001  2.020964E-17
3208.61781835557  2.591884E-17
3209.47960019112  2.930321E-17
3210.34138202668  2.852161E-17
3211.20316386224  3.147575E-17
3212.06494569779  3.585960E-17
3212.92672753335  4.192137E-17
3213.7885093689  3.704538E-17
3214.65029120446  2.179912E-17
3215.51207304002  1.461084E-17
3216.37385487557  1.869293E-18
3217.23563671113  -4.475514E-18
3218.09741854668  -3.745174E-18
3218.95920038224  -5.649610E-18
3219.8209822178  -4.630323E-18
3220.68276405335  4.743710E-18
3221.54454588891  1.399763E-17
3222.40632772446  2.629096E-17
3223.26810956002  2.727861E-17
3224.12989139558  1.759937E-17
3224.99167323113  1.548164E-17
3225.85345506669  2.075021E-17
3226.71523690224  1.977969E-17
3227.5770187378  1.534170E-17
3228.43880057336  1.418024E-17
3229.30058240891  1.615545E-17
3230.16236424447  2.159523E-17
3231.02414608002  2.132134E-17
3231.88592791558  1.683266E-17
3232.74770975114  1.904791E-17
3233.60949158669  2.194469E-17
3234.47127342225  2.240637E-17
3235.3330552578  2.645160E-17
3236.19483709336  2.130675E-17
3237.05661892892  1.580567E-17
3237.91840076447  1.631004E-17
3238.78018260003  2.103966E-17
3239.64196443558  2.441980E-17
3240.50374627114  2.655685E-17
3241.3655281067  2.267101E-17
3242.22730994225  2.314181E-17
3243.08909177781  2.732871E-17
3243.95087361336  2.125295E-17
3244.81265544892  1.337705E-17
3245.67443728448  1.439427E-17
3246.53621912003  1.656916E-17
3247.39800095559  1.854850E-17
3248.25978279114  2.492676E-17
3249.1215646267  3.355591E-17
3249.98334646226  4.547191E-17
3250.84512829781  4.794556E-17
3251.70691013337  4.222944E-17
3252.56869196893  4.414224E-17
3253.43047380448  4.488603E-17
3254.29225564004  4.348242E-17
3255.15403747559  3.809942E-17
3256.01581931115  4.015977E-17
3256.8776011467  4.369177E-17
3257.73938298226  4.337741E-17
3258.60116481782  3.678018E-17
3259.46294665337  3.493645E-17
3260.32472848893  3.525998E-17
3261.18651032449  4.081668E-17
3262.04829216004  3.994652E-17
3262.9100739956  4.421762E-17
3263.77185583115  4.901580E-17
3264.63363766671  4.564078E-17
3265.49541950227  4.354799E-17
3266.35720133782  4.523106E-17
3267.21898317338  3.925669E-17
3268.08076500893  3.672663E-17
3268.94254684449  3.996309E-17
3269.80432868005  4.336805E-17
3270.6661105156  5.039102E-17
3271.52789235116  5.417431E-17
3272.38967418671  4.924627E-17
3273.25145602227  4.705804E-17
3274.11323785783  4.618777E-17
3274.97501969338  4.027865E-17
3275.83680152894  3.338361E-17
3276.69858336449  3.066420E-17
3277.56036520005  3.175723E-17
3278.42214703561  3.854801E-17
3279.28392887116  4.737944E-17
3280.14571070672  4.986500E-17
3281.00749254227  5.138780E-17
3281.86927437783  5.731531E-17
3282.73105621339  6.043419E-17
3283.59283804894  5.841438E-17
3284.4546198845  5.518217E-17
3285.31640172005  5.076805E-17
3286.17818355561  5.127282E-17
3287.03996539117  5.394779E-17
3287.90174722672  5.395867E-17
3288.76352906228  5.304038E-17
3289.62531089783  5.117557E-17
3290.48709273339  4.985278E-17
3291.34887456895  5.051804E-17
3292.2106564045  5.028188E-17
3293.07243824006  4.833193E-17
3293.93422007561  4.444951E-17
3294.79600191117  4.296222E-17
3295.65778374673  4.365096E-17
3296.51956558228  4.289576E-17
3297.38134741784  4.394576E-17
3298.24312925339  3.891269E-17
3299.10491108895  3.955369E-17
3299.96669292451  4.293294E-17
3300.82847476006  3.762654E-17
3301.69025659562  3.690669E-17
3302.55203843117  3.793762E-17
3303.41382026673  3.335709E-17
3304.27560210229  3.370704E-17
3305.13738393784  2.980763E-17
3305.9991657734  2.270056E-17
3306.86094760896  3.177314E-17
3307.72272944451  3.891976E-17
3308.58451128007  4.244604E-17
3309.44629311562  4.472349E-17
3310.30807495118  4.659142E-17
3311.16985678673  4.779195E-17
3312.03163862229  4.871496E-17
3312.89342045785  4.367840E-17
3313.7552022934  4.150591E-17
3314.61698412896  3.838487E-17
3315.47876596451  3.275114E-17
3316.34054780007  2.981812E-17
3317.20232963563  3.045644E-17
3318.06411147118  3.803421E-17
3318.92589330674  4.154806E-17
3319.7876751423  3.775002E-17
3320.64945697785  3.668149E-17
3321.51123881341  4.280542E-17
3322.37302064896  4.569969E-17
3323.23480248452  4.607565E-17
3324.09658432008  4.517616E-17
3324.95836615563  4.568512E-17
3325.82014799119  4.856209E-17
3326.68192982674  5.411709E-17
3327.5437116623  5.265025E-17
3328.40549349786  5.228662E-17
3329.26727533341  4.990203E-17
3330.12905716897  4.246787E-17
3330.99083900452  3.519724E-17
3331.85262084008  3.372815E-17
3332.71440267564  3.509972E-17
3333.57618451119  3.978596E-17
3334.43796634675  3.802733E-17
3335.2997481823  3.723009E-17
3336.16153001786  4.333407E-17
3337.02331185342  5.224057E-17
3337.88509368897  5.394077E-17
3338.74687552453  4.622164E-17
3339.60865736008  3.992639E-17
3340.47043919564  4.034296E-17
3341.3322210312  3.990351E-17
3342.19400286675  3.980759E-17
3343.05578470231  4.027658E-17
3343.91756653786  4.403288E-17
3344.77934837342  5.048621E-17
3345.64113020898  5.641130E-17
3346.50291204453  6.399345E-17
3347.36469388009  7.207712E-17
3348.22647571564  7.258894E-17
3349.0882575512  6.597700E-17
3349.95003938676  5.908560E-17
3350.81182122231  5.263842E-17
3351.67360305787  4.758428E-17
3352.53538489342  3.794746E-17
3353.39716672898  2.779938E-17
3354.25894856454  2.025405E-17
3355.12073040009  1.981280E-17
3355.98251223565  1.891097E-17
3356.8442940712  1.971378E-17
3357.70607590676  2.137080E-17
3358.56785774232  2.709873E-17
3359.42963957787  3.103351E-17
3360.29142141343  3.433039E-17
3361.15320324898  3.946538E-17
3362.01498508454  4.290823E-17
3362.8767669201  4.387422E-17
3363.73854875565  3.909469E-17
3364.60033059121  3.276780E-17
3365.46211242676  3.166957E-17
3366.32389426232  3.104820E-17
3367.18567609788  2.518475E-17
3368.04745793343  2.176551E-17
3368.90923976899  2.002585E-17
3369.77102160455  2.547593E-17
3370.6328034401  3.103131E-17
3371.49458527566  3.164120E-17
3372.35636711121  3.296340E-17
3373.21814894677  3.207619E-17
3374.07993078232  3.153990E-17
3374.94171261788  2.953554E-17
3375.80349445344  2.174512E-17
3376.66527628899  1.633940E-17
3377.52705812455  1.107271E-17
3378.38883996011  8.560663E-18
3379.25062179566  1.521374E-17
3380.11240363122  1.852429E-17
3380.97418546677  2.070795E-17
3381.83596730233  2.954716E-17
3382.69774913789  3.446879E-17
3383.55953097344  4.230780E-17
3384.421312809  4.575626E-17
3385.28309464455  4.380954E-17
3386.14487648011  4.856686E-17
3387.00665831567  5.377557E-17
3387.86844015122  4.917532E-17
3388.73022198678  4.455218E-17
3389.59200382233  4.044291E-17
3390.45378565789  3.971543E-17
3391.31556749345  4.068910E-17
3392.177349329  3.527794E-17
3393.03913116456  2.875537E-17
3393.90091300011  2.716051E-17
3394.76269483567  2.567416E-17
3395.62447667123  2.213666E-17
3396.48625850678  1.636140E-17
3397.34804034234  9.988715E-18
3398.20982217789  7.603179E-18
3399.07160401345  1.245728E-17
3399.93338584901  1.600396E-17
3400.79516768456  1.981599E-17
3401.65694952012  2.084052E-17
3402.51873135567  2.454094E-17
3403.38051319123  2.695503E-17
3404.24229502679  2.971151E-17
3405.10407686234  3.017913E-17
3405.9658586979  3.079604E-17
3406.82764053345  2.833375E-17
3407.68942236901  2.864889E-17
3408.55120420457  2.812332E-17
3409.41298604012  2.786400E-17
3410.27476787568  3.043895E-17
3411.13654971123  3.177658E-17
3411.99833154679  2.974123E-17
3412.86011338235  3.046015E-17
3413.7218952179  3.083675E-17
3414.58367705346  2.568882E-17
3415.44545888901  2.263711E-17
3416.30724072457  2.013461E-17
3417.16902256013  1.538738E-17
3418.03080439568  1.402002E-17
3418.89258623124  1.455431E-17
3419.7543680668  1.613299E-17
3420.61614990235  2.303579E-17
3421.47793173791  2.380969E-17
3422.33971357346  2.086663E-17
3423.20149540902  2.115449E-17
3424.06327724458  2.288586E-17
3424.92505908013  2.395274E-17
3425.78684091569  2.582080E-17
3426.64862275124  2.399929E-17
3427.5104045868  2.444082E-17
3428.37218642236  2.663650E-17
3429.23396825791  2.457358E-17
3430.09575009347  2.239690E-17
3430.95753192902  2.282540E-17
3431.81931376458  2.086861E-17
3432.68109560014  1.731942E-17
3433.54287743569  1.683327E-17
3434.40465927125  1.828997E-17
3435.2664411068  2.180475E-17
3436.12822294236  2.131590E-17
3436.99000477792  2.028478E-17
3437.85178661347  2.199281E-17
3438.71356844903  2.416888E-17
3439.57535028458  2.572092E-17
3440.43713212014  2.399438E-17
3441.2989139557  2.266542E-17
3442.16069579125  2.615210E-17
3443.02247762681  3.032704E-17
3443.88425946236  3.297528E-17
3444.74604129792  3.650053E-17
3445.60782313348  3.904058E-17
3446.46960496903  3.971153E-17
3447.33138680459  3.910697E-17
3448.19316864014  3.835805E-17
3449.0549504757  3.242892E-17
3449.91673231126  2.983665E-17
3450.77851414681  3.369545E-17
3451.64029598237  3.395142E-17
3452.50207781792  3.002365E-17
3453.36385965348  2.834426E-17
3454.22564148904  2.656957E-17
3455.08742332459  2.743832E-17
3455.94920516015  2.670328E-17
3456.8109869957  2.624353E-17
3457.67276883126  3.105239E-17
3458.53455066682  3.690952E-17
3459.39633250237  4.061630E-17
3460.25811433793  4.278815E-17
3461.11989617348  4.511930E-17
3461.98167800904  4.631772E-17
3462.8434598446  4.263256E-17
3463.70524168015  3.549860E-17
3464.56702351571  3.215629E-17
3465.42880535126  3.165294E-17
3466.29058718682  3.124180E-17
3467.15236902238  2.871498E-17
3468.01415085793  2.790390E-17
3468.87593269349  2.832369E-17
3469.73771452904  2.974754E-17
3470.5994963646  3.401724E-17
3471.46127820016  3.465233E-17
3472.32306003571  3.632660E-17
3473.18484187127  4.026388E-17
3474.04662370682  3.999646E-17
3474.90840554238  3.680134E-17
3475.77018737794  3.340063E-17
3476.63196921349  3.388809E-17
3477.49375104905  3.845393E-17
3478.3555328846  3.894110E-17
3479.21731472016  3.886090E-17
3480.07909655572  3.893016E-17
3480.94087839127  4.035070E-17
3481.80266022683  4.348706E-17
3482.66444206239  3.880192E-17
3483.52622389794  3.330852E-17
3484.3880057335  3.557413E-17
3485.24978756905  3.989979E-17
3486.11156940461  4.508669E-17
3486.97335124017  4.496466E-17
3487.83513307572  4.277223E-17
3488.69691491128  4.608297E-17
3489.55869674683  4.833105E-17
3490.42047858239  4.699415E-17
3491.28226041795  4.220445E-17
3492.1440422535  3.377014E-17
3493.00582408906  3.031926E-17
3493.86760592461  3.220292E-17
3494.72938776017  3.315271E-17
3495.59116959573  3.288916E-17
3496.45295143128  3.153156E-17
3497.31473326684  2.772674E-17
3498.17651510239  2.632770E-17
3499.03829693795  2.650289E-17
3499.90007877351  2.708683E-17
3500.76186060906  2.720349E-17
3501.62364244462  2.836538E-17
3502.48542428017  2.600903E-17
3503.34720611573  2.950942E-17
3504.20898795129  3.596238E-17
3505.07076978684  3.866816E-17
3505.9325516224  3.509143E-17
3506.79433345795  2.990612E-17
3507.65611529351  2.658456E-17
3508.51789712907  2.863587E-17
3509.37967896462  2.897550E-17
3510.24146080018  2.914921E-17
3511.10324263573  2.977217E-17
3511.96502447129  3.153903E-17
3512.82680630685  3.309546E-17
3513.6885881424  3.288020E-17
3514.55036997796  3.097158E-17
3515.41215181351  2.982067E-17
3516.27393364907  2.619958E-17
3517.13571548463  2.590981E-17
3517.99749732018  3.025672E-17
3518.85927915574  3.377583E-17
3519.72106099129  3.583543E-17
3520.58284282685  3.701194E-17
3521.44462466241  3.573592E-17
3522.30640649796  3.946111E-17
3523.16818833352  3.838392E-17
3524.02997016907  3.158059E-17
3524.89175200463  2.995497E-17
3525.75353384019  3.392304E-17
3526.61531567574  3.592404E-17
3527.4770975113  3.727466E-17
3528.33887934685  3.573917E-17
3529.20066118241  3.961390E-17
3530.06244301797  4.362582E-17
3530.92422485352  4.221928E-17
3531.78600668908  3.682446E-17
3532.64778852464  3.164549E-17
3533.50957036019  2.883547E-17
3534.37135219575  2.794226E-17
3535.2331340313  2.604253E-17
3536.09491586686  2.796885E-17
3536.95669770241  3.166461E-17
3537.81847953797  3.595502E-17
3538.68026137353  4.273177E-17
3539.54204320908  4.789317E-17
3540.40382504464  4.872969E-17
3541.26560688019  4.788152E-17
3542.12738871575  4.287059E-17
3542.98917055131  3.516948E-17
3543.85095238686  2.732729E-17
3544.71273422242  2.350119E-17
3545.57451605798  2.272026E-17
3546.43629789353  2.573156E-17
3547.29807972909  2.790137E-17
3548.15986156464  3.079245E-17
3549.0216434002  3.482807E-17
3549.88342523576  4.009022E-17
3550.74520707131  4.240521E-17
3551.60698890687  4.243141E-17
3552.46877074242  3.886000E-17
3553.33055257798  3.753358E-17
3554.19233441354  3.879664E-17
3555.05411624909  4.158574E-17
3555.91589808465  4.238809E-17
3556.7776799202  4.034578E-17
3557.63946175576  3.994586E-17
3558.50124359132  4.282961E-17
3559.36302542687  4.771485E-17
3560.22480726243  5.283762E-17
3561.08658909798  5.719756E-17
3561.94837093354  5.902255E-17
3562.8101527691  5.812175E-17
3563.67193460465  5.606579E-17
3564.53371644021  5.392995E-17
3565.39549827576  5.060093E-17
3566.25728011132  4.609790E-17
3567.11906194688  3.955577E-17
3567.98084378243  3.873331E-17
3568.84262561799  4.208439E-17
3569.70440745354  4.309985E-17
3570.5661892891  4.002283E-17
3571.42797112466  3.521231E-17
3572.28975296021  3.193863E-17
3573.15153479577  3.235031E-17
3574.01331663132  3.169155E-17
3574.87509846688  2.992405E-17
3575.73688030244  3.113893E-17
3576.59866213799  3.460697E-17
3577.46044397355  3.820632E-17
3578.3222258091  4.045079E-17
3579.18400764466  4.163855E-17
3580.04578948022  4.167486E-17
3580.90757131577  4.238280E-17
3581.76935315133  4.151827E-17
3582.63113498688  4.032236E-17
3583.49291682244  3.921578E-17
3584.354698658  3.657785E-17
3585.21648049355  3.218678E-17
3586.07826232911  2.915022E-17
3586.94004416466  2.686427E-17
3587.80182600022  2.428549E-17
3588.66360783578  2.468458E-17
3589.52538967133  2.870167E-17
3590.38717150689  3.434907E-17
3591.24895334244  3.826629E-17
3592.110735178  3.933731E-17
3592.97251701356  4.136536E-17
3593.83429884911  4.321538E-17
3594.69608068467  4.105184E-17
3595.55786252022  3.833404E-17
3596.41964435578  3.634396E-17
3597.28142619134  3.509761E-17
3598.14320802689  3.411144E-17
3599.00498986245  3.436868E-17
3599.866771698  3.691800E-17
3600.72855353356  3.964548E-17
3601.59033536912  4.066422E-17
3602.45211720467  3.897249E-17
3603.31389904023  3.901531E-17
3604.17568087579  4.141813E-17
3605.03746271134  3.965373E-17
3605.8992445469  3.554110E-17
3606.76102638245  3.343100E-17
3607.62280821801  3.000276E-17
3608.48459005357  2.892262E-17
3609.34637188912  2.871530E-17
3610.20815372468  2.547177E-17
3611.06993556023  2.431168E-17
3611.93171739579  2.626914E-17
3612.79349923135  2.754528E-17
3613.6552810669  2.920606E-17
3614.51706290246  3.040688E-17
3615.37884473801  2.794839E-17
3616.24062657357  2.590817E-17
3617.10240840913  2.670067E-17
3617.96419024468  2.618019E-17
3618.82597208024  2.690859E-17
3619.68775391579  2.714156E-17
3620.54953575135  2.644773E-17
3621.41131758691  2.833277E-17
3622.27309942246  3.206080E-17
3623.13488125802  3.320920E-17
3623.99666309357  3.389523E-17
3624.85844492913  3.447979E-17
3625.72022676469  3.705797E-17
3626.58200860024  3.809677E-17
3627.4437904358  3.784155E-17
3628.30557227135  3.555671E-17
3629.16735410691  3.300530E-17
3630.02913594247  3.034342E-17
3630.89091777802  2.866424E-17
3631.75269961358  2.581895E-17
3632.61448144913  2.553825E-17
3633.47626328469  2.619028E-17
3634.33804512025  2.734321E-17
3635.1998269558  2.945710E-17
3636.06160879136  2.973521E-17
3636.92339062691  2.821722E-17
3637.78517246247  2.629168E-17
3638.64695429803  2.636493E-17
3639.50873613358  2.988457E-17
3640.37051796914  3.188847E-17
3641.23229980469  2.979262E-17
3642.09408164025  3.066649E-17
3642.95586347581  3.344857E-17
3643.81764531136  3.601860E-17
3644.67942714692  3.580450E-17
3645.54120898247  3.563783E-17
3646.40299081803  3.756187E-17
3647.26477265359  4.392036E-17
3648.12655448914  4.558498E-17
3648.9883363247  4.197457E-17
3649.85011816026  4.021638E-17
3650.71189999581  4.065672E-17
3651.57368183137  3.738830E-17
3652.43546366692  3.341618E-17
3653.29724550248  2.831973E-17
3654.15902733803  2.696174E-17
3655.02080917359  3.046185E-17
3655.88259100915  3.473352E-17
3656.7443728447  3.906857E-17
3657.60615468026  3.996162E-17
3658.46793651582  3.975438E-17
3659.32971835137  3.923088E-17
3660.19150018693  3.912260E-17
3661.05328202248  3.917134E-17
3661.91506385804  3.825585E-17
3662.7768456936  3.258997E-17
3663.63862752915  3.295630E-17
3664.50040936471  3.590814E-17
3665.36219120026  3.681462E-17
3666.22397303582  3.784492E-17
3667.08575487138  3.954813E-17
3667.94753670693  3.783914E-17
3668.80931854249  3.999915E-17
3669.67110037804  4.001607E-17
3670.5328822136  3.805697E-17
3671.39466404916  3.688280E-17
3672.25644588471  3.600607E-17
3673.11822772027  3.333696E-17
3673.98000955582  3.321297E-17
3674.84179139138  3.313832E-17
3675.70357322694  3.461077E-17
3676.56535506249  3.647082E-17
3677.42713689805  3.714758E-17
3678.2889187336  3.666835E-17
3679.15070056916  3.568321E-17
3680.01248240472  3.505731E-17
3680.87426424027  3.234633E-17
3681.73604607583  2.719541E-17
3682.59782791138  2.386066E-17
3683.45960974694  2.453688E-17
3684.3213915825  2.545182E-17
3685.18317341805  2.568166E-17
3686.04495525361  2.481159E-17
3686.90673708916  2.498400E-17
3687.76851892472  2.726981E-17
3688.63030076028  2.933224E-17
3689.49208259583  2.950464E-17
3690.35386443139  2.794514E-17
3691.21564626694  2.786797E-17
3692.0774281025  2.900865E-17
3692.93920993806  3.116831E-17
3693.80099177361  3.342808E-17
3694.66277360917  3.276842E-17
3695.52455544472  3.064761E-17
3696.38633728028  3.097148E-17
3697.24811911584  3.233676E-17
3698.10990095139  3.273184E-17
3698.97168278695  3.214174E-17
3699.83346462251  3.095456E-17
3700.69524645806  3.129060E-17
3701.55702829362  3.329466E-17
3702.41881012917  3.293397E-17
3703.28059196473  3.040870E-17
3704.14237380028  2.888975E-17
3705.00415563584  2.704273E-17
3705.8659374714  2.659544E-17
3706.72771930695  2.685910E-17
3707.58950114251  2.733823E-17
3708.45128297807  2.963792E-17
3709.31306481362  3.374326E-17
3710.17484664918  3.784908E-17
3711.03662848473  4.033173E-17
3711.89841032029  3.956950E-17
3712.76019215585  3.900566E-17
3713.6219739914  3.874026E-17
3714.48375582696  3.758136E-17
3715.34553766251  3.678322E-17
3716.20731949807  3.697500E-17
3717.06910133363  3.705258E-17
3717.93088316918  3.811996E-17
3718.79266500474  3.873378E-17
3719.65444684029  3.802451E-17
3720.51622867585  3.813155E-17
3721.37801051141  3.560678E-17
3722.23979234696  3.115257E-17
3723.10157418252  3.189347E-17
3723.96335601807  3.369110E-17
3724.82513785363  3.285054E-17
3725.68691968919  3.126144E-17
3726.54870152474  3.139707E-17
3727.4104833603  3.432462E-17
3728.27226519585  3.729026E-17
3729.13404703141  3.580573E-17
3729.99582886697  3.531987E-17
3730.85761070252  3.735283E-17
3731.71939253808  3.937845E-17
3732.58117437363  3.931927E-17
3733.44295620919  3.831443E-17
3734.30473804475  3.712818E-17
3735.1665198803  3.410178E-17
3736.02830171586  2.962720E-17
3736.89008355141  2.763752E-17
3737.75186538697  2.788524E-17
3738.61364722253  2.770208E-17
3739.47542905808  2.697791E-17
3740.33721089364  2.697770E-17
3741.19899272919  2.906474E-17
3742.06077456475  3.103023E-17
3742.92255640031  3.111689E-17
3743.78433823586  3.035228E-17
3744.64612007142  2.922181E-17
3745.50790190697  2.898830E-17
3746.36968374253  3.038077E-17
3747.23146557809  3.276318E-17
3748.09324741364  3.399184E-17
3748.9550292492  3.408140E-17
3749.81681108475  3.500237E-17
3750.67859292031  3.641186E-17
3751.54037475587  3.718896E-17
3752.40215659142  3.616214E-17
3753.26393842698  3.588992E-17
3754.12572026253  3.802573E-17
3754.98750209809  3.910646E-17
3755.84928393365  3.767492E-17
3756.7110657692  3.789801E-17
3757.57284760476  3.836823E-17
3758.43462944031  3.854652E-17
3759.29641127587  3.787925E-17
3760.15819311143  3.748989E-17
3761.01997494698  3.900599E-17
3761.88175678254  4.172757E-17
3762.7435386181  4.175811E-17
3763.60532045365  4.021057E-17
3764.46710228921  4.002327E-17
3765.32888412476  3.960030E-17
3766.19066596032  3.793690E-17
3767.05244779587  3.683502E-17
3767.91422963143  3.408084E-17
3768.77601146699  3.266746E-17
3769.63779330254  3.301883E-17
3770.4995751381  3.002802E-17
3771.36135697366  3.009410E-17
3772.22313880921  3.096740E-17
3773.08492064477  3.073324E-17
3773.94670248032  3.230952E-17
3774.80848431588  3.342955E-17
3775.67026615144  3.426865E-17
3776.53204798699  3.701487E-17
3777.39382982255  3.649456E-17
3778.2556116581  3.518099E-17
3779.11739349366  3.465971E-17
3779.97917532922  3.447330E-17
3780.84095716477  3.685109E-17
3781.70273900033  3.798982E-17
3782.56452083588  3.601653E-17
3783.42630267144  3.404742E-17
3784.288084507  3.358370E-17
3785.14986634255  3.295855E-17
3786.01164817811  3.189334E-17
3786.87343001366  2.734415E-17
3787.73521184922  2.391064E-17
3788.59699368478  2.506264E-17
3789.45877552033  2.769877E-17
3790.32055735589  2.849855E-17
3791.18233919144  2.874994E-17
3792.044121027  2.924622E-17
3792.90590286256  3.046337E-17
3793.76768469811  3.107286E-17
3794.62946653367  3.278611E-17
3795.49124836922  3.454339E-17
3796.35303020478  3.586638E-17
3797.21481204034  3.572644E-17
3798.07659387589  3.597093E-17
3798.93837571145  3.722092E-17
3799.800157547  3.869391E-17
3800.66193938256  3.694362E-17
3801.52372121812  3.233480E-17
3802.38550305367  2.912704E-17
3803.24728488923  2.844590E-17
3804.10906672478  2.711821E-17
3804.97084856034  2.783828E-17
3805.8326303959  2.939872E-17
3806.69441223145  2.997319E-17
3807.55619406701  3.367268E-17
3808.41797590256  3.567517E-17
3809.27975773812  3.619910E-17
3810.14153957368  3.644051E-17
3811.00332140923  3.643287E-17
3811.86510324479  3.406447E-17
3812.72688508034  3.388974E-17
3813.5886669159  3.277627E-17
3814.45044875146  3.214767E-17
3815.31223058701  3.367244E-17
3816.17401242257  3.630951E-17
3817.03579425812  3.535713E-17
3817.89757609368  3.470683E-17
3818.75935792924  3.411387E-17
3819.62113976479  3.357477E-17
3820.48292160035  3.304917E-17
3821.3447034359  2.957610E-17
3822.20648527146  2.677471E-17
3823.06826710702  2.641881E-17
3823.93004894257  2.771097E-17
3824.79183077813  2.829230E-17
3825.65361261369  2.860659E-17
3826.51539444924  3.000957E-17
3827.3771762848  3.418912E-17
3828.23895812035  3.657064E-17
3829.10073995591  3.662610E-17
3829.96252179147  3.663498E-17
3830.82430362702  3.544117E-17
3831.68608546258  3.396803E-17
3832.54786729813  3.304465E-17
3833.40964913369  2.993475E-17
3834.27143096925  2.849437E-17
3835.1332128048  2.917234E-17
3835.99499464036  2.843811E-17
3836.85677647591  2.897327E-17
3837.71855831147  3.050968E-17
3838.58034014703  2.981117E-17
3839.44212198258  2.925005E-17
3840.30390381814  2.728893E-17
3841.16568565369  2.531712E-17
3842.02746748925  2.453153E-17
3842.88924932481  2.332843E-17
3843.75103116036  2.137851E-17
3844.61281299592  2.172693E-17
3845.47459483147  2.390202E-17
3846.33637666703  2.620878E-17
3847.19815850259  2.656590E-17
3848.05994033814  2.696915E-17
3848.9217221737  2.896700E-17
3849.78350400925  3.050803E-17
3850.64528584481  3.019971E-17
3851.50706768037  2.879328E-17
3852.36884951592  2.740257E-17
3853.23063135148  2.644348E-17
3854.09241318703  2.643923E-17
3854.95419502259  2.718032E-17
3855.81597685815  2.745836E-17
3856.6777586937  2.902292E-17
3857.53954052926  3.050190E-17
3858.40132236481  3.291887E-17
3859.26310420037  3.672964E-17
3860.12488603593  3.887871E-17
3860.98666787148  3.867436E-17
3861.84844970704  3.986888E-17
3862.7102315426  3.900038E-17
3863.57201337815  3.822396E-17
3864.43379521371  3.800537E-17
3865.29557704926  3.675565E-17
3866.15735888482  3.505831E-17
3867.01914072038  3.372725E-17
3867.88092255593  3.239996E-17
3868.74270439149  3.231614E-17
3869.60448622704  3.290525E-17
3870.4662680626  3.333708E-17
3871.32804989816  3.257886E-17
3872.18983173371  3.194707E-17
3873.05161356927  3.153048E-17
3873.91339540482  3.085613E-17
3874.77517724038  3.025000E-17
3875.63695907594  2.961536E-17
3876.49874091149  2.849635E-17
3877.36052274705  2.865102E-17
3878.2223045826  2.898990E-17
3879.08408641816  2.985087E-17
3879.94586825372  2.995621E-17
3880.80765008927  3.126874E-17
3881.66943192483  3.184553E-17
3882.53121376038  3.117328E-17
3883.39299559594  3.158902E-17
3884.2547774315  3.124209E-17
3885.11655926705  2.973592E-17
3885.97834110261  3.029948E-17
3886.84012293816  2.857125E-17
3887.70190477372  2.590083E-17
3888.56368660928  2.548800E-17
3889.42546844483  2.454969E-17
3890.28725028039  2.391891E-17
3891.14903211594  2.489655E-17
3892.0108139515  2.390594E-17
3892.87259578706  2.500719E-17
3893.73437762261  2.740255E-17
3894.59615945817  2.757420E-17
3895.45794129372  2.767499E-17
3896.31972312928  2.936599E-17
3897.18150496484  2.835221E-17
3898.04328680039  2.763572E-17
3898.90506863595  2.718062E-17
3899.7668504715  2.626047E-17
3900.62863230706  2.630450E-17
3901.49041414262  2.557926E-17
3902.35219597817  2.551730E-17
3903.21397781373  2.824599E-17
3904.07575964928  2.927271E-17
3904.93754148484  2.927692E-17
3905.7993233204  2.965296E-17
3906.66110515595  3.019223E-17
3907.52288699151  2.997300E-17
3908.38466882706  2.964917E-17
3909.24645066262  2.901446E-17
3910.10823249818  3.025794E-17
3910.97001433373  3.059960E-17
3911.83179616929  3.007123E-17
3912.69357800485  3.170966E-17
3913.5553598404  3.477206E-17
3914.41714167596  3.469441E-17
3915.27892351151  3.376424E-17
3916.14070534707  3.347180E-17
3917.00248718262  3.515605E-17
3917.86426901818  3.608916E-17
3918.72605085374  3.327038E-17
3919.58783268929  3.033108E-17
3920.44961452485  3.021986E-17
3921.31139636041  3.175173E-17
3922.17317819596  3.258756E-17
3923.03496003152  3.066915E-17
3923.89674186707  2.876813E-17
3924.75852370263  2.956193E-17
3925.62030553819  3.151268E-17
3926.48208737374  3.241481E-17
3927.3438692093  3.112455E-17
3928.20565104485  3.012746E-17
3929.06743288041  3.153407E-17
3929.92921471597  3.360101E-17
3930.79099655152  3.400151E-17
3931.65277838708  3.339187E-17
3932.51456022263  3.264377E-17
3933.37634205819  3.329754E-17
3934.23812389375  3.429149E-17
3935.0999057293  3.407577E-17
3935.96168756486  3.371438E-17
3936.82346940041  3.451391E-17
3937.68525123597  3.505179E-17
3938.54703307153  3.504575E-17
3939.40881490708  3.507017E-17
3940.27059674264  3.411591E-17
3941.13237857819  3.337591E-17
3941.99416041375  3.337804E-17
3942.85594224931  3.361392E-17
3943.71772408486  3.468503E-17
3944.57950592042  3.586863E-17
3945.44128775597  3.675111E-17
3946.30306959153  3.794308E-17
3947.16485142709  3.808254E-17
3948.02663326264  3.964929E-17
3948.8884150982  4.135091E-17
3949.75019693375  4.115642E-17
3950.61197876931  4.156823E-17
3951.47376060487  4.178876E-17
3952.33554244042  4.044007E-17
3953.19732427598  3.931552E-17
3954.05910611153  3.652978E-17
3954.92088794709  3.278220E-17
3955.78266978265  3.164980E-17
3956.6444516182  3.092175E-17
3957.50623345376  2.803282E-17
3958.36801528931  2.804763E-17
3959.22979712487  3.003525E-17
3960.09157896043  3.155973E-17
3960.95336079598  3.210128E-17
3961.81514263154  3.085939E-17
3962.67692446709  2.968891E-17
3963.53870630265  3.197680E-17
3964.40048813821  3.312661E-17
3965.26226997376  3.246306E-17
3966.12405180932  3.178903E-17
3966.98583364488  3.195737E-17
3967.84761548043  3.255329E-17
3968.70939731599  3.311541E-17
3969.57117915154  3.251928E-17
3970.4329609871  3.167684E-17
3971.29474282265  3.126647E-17
3972.15652465821  3.119425E-17
3973.01830649377  3.252123E-17
3973.88008832932  3.454262E-17
3974.74187016488  3.469558E-17
3975.60365200043  3.502617E-17
3976.46543383599  3.642764E-17
3977.32721567155  3.842315E-17
3978.1889975071  4.062673E-17
3979.05077934266  4.058351E-17
3979.91256117822  3.925191E-17
3980.77434301377  3.879684E-17
3981.63612484933  3.827945E-17
3982.49790668488  3.708879E-17
3983.35968852044  3.455785E-17
3984.221470356  3.335692E-17
3985.08325219155  3.245455E-17
3985.94503402711  3.256380E-17
3986.80681586266  3.411854E-17
3987.66859769822  3.552624E-17
3988.53037953378  3.488934E-17
3989.39216136933  3.514499E-17
3990.25394320489  3.423154E-17
3991.11572504044  3.368294E-17
3991.977506876  3.454722E-17
3992.83928871156  3.530265E-17
3993.70107054711  3.534048E-17
3994.56285238267  3.505035E-17
3995.42463421822  3.520714E-17
3996.28641605378  3.546878E-17
3997.14819788934  3.496825E-17
3998.00997972489  3.394015E-17
3998.87176156045  3.265286E-17
3999.733543396  3.083584E-17
4000.59532523156  3.215204E-17
4001.45710706712  3.386325E-17
4002.31888890267  3.438779E-17
4003.18067073823  3.438445E-17
4004.04245257378  3.315068E-17
4004.90423440934  3.173084E-17
4005.7660162449  3.093408E-17
4006.62779808045  3.007929E-17
4007.48957991601  2.838156E-17
4008.35136175156  2.756543E-17
4009.21314358712  2.848060E-17
4010.07492542268  2.938343E-17
4010.93670725823  2.988882E-17
4011.79848909379  3.155967E-17
4012.66027092934  3.069589E-17
4013.5220527649  3.068886E-17
4014.38383460046  3.166892E-17
4015.24561643601  3.172970E-17
4016.10739827157  3.208053E-17
4016.96918010712  3.224216E-17
4017.83096194268  3.219600E-17
4018.69274377824  3.348851E-17
4019.55452561379  3.490319E-17
4020.41630744935  3.493657E-17
4021.2780892849  3.404657E-17
4022.13987112046  3.455924E-17
4023.00165295602  3.614664E-17
4023.86343479157  3.630432E-17
4024.72521662713  3.666668E-17
4025.58699846268  3.648929E-17
4026.44878029824  3.768840E-17
4027.3105621338  3.947615E-17
4028.17234396935  3.940995E-17
4029.03412580491  3.945681E-17
4029.89590764047  3.917709E-17
4030.75768947602  3.849368E-17
4031.61947131158  3.763496E-17
4032.48125314713  3.527969E-17
4033.34303498269  3.466343E-17
4034.20481681824  3.489200E-17
4035.0665986538  3.326088E-17
4035.92838048936  3.244397E-17
4036.79016232491  3.172320E-17
4037.65194416047  3.276786E-17
4038.51372599603  3.452536E-17
4039.37550783158  3.367794E-17
4040.23728966714  3.199610E-17
4041.09907150269  3.296768E-17
4041.96085333825  3.428916E-17
4042.8226351738  3.522143E-17
4043.68441700936  3.560905E-17
4044.54619884492  3.585209E-17
4045.40798068047  3.687438E-17
4046.26976251603  3.710172E-17
4047.13154435159  3.562424E-17
4047.99332618714  3.538537E-17
4048.8551080227  3.559305E-17
4049.71688985825  3.356092E-17
4050.57867169381  3.142242E-17
4051.44045352937  2.921966E-17
4052.30223536492  2.730605E-17
4053.16401720048  2.588601E-17
4054.02579903603  2.343619E-17
4054.88758087159  2.187630E-17
4055.74936270715  2.105292E-17
4056.6111445427  2.130392E-17
4057.47292637826  2.330370E-17
4058.33470821381  2.438631E-17
4059.19649004937  2.441867E-17
4060.05827188493  2.678743E-17
4060.92005372048  2.960413E-17
4061.78183555604  3.173408E-17
4062.64361739159  3.166946E-17
4063.50539922715  3.166145E-17
4064.36718106271  3.280855E-17
4065.22896289826  3.295900E-17
4066.09074473382  3.056472E-17
4066.95252656937  2.841358E-17
4067.81430840493  2.728832E-17
4068.67609024049  2.647836E-17
4069.53787207604  2.468310E-17
4070.3996539116  2.386397E-17
4071.26143574715  2.447449E-17
4072.12321758271  2.548789E-17
4072.98499941827  2.571588E-17
4073.84678125382  2.517847E-17
4074.70856308938  2.611732E-17
4075.57034492494  2.755024E-17
4076.43212676049  2.845710E-17
4077.29390859605  3.034473E-17
4078.1556904316  3.168969E-17
4079.01747226716  3.204593E-17
4079.87925410272  3.246092E-17
4080.74103593827  3.428813E-17
4081.60281777383  3.691185E-17
4082.46459960938  3.814776E-17
4083.32638144494  3.849086E-17
4084.18816328049  3.746947E-17
4085.04994511605  3.620578E-17
4085.91172695161  3.720779E-17
4086.77350878716  3.681261E-17
4087.63529062272  3.482838E-17
4088.49707245828  3.352864E-17
4089.35885429383  3.300131E-17
4090.22063612939  3.429741E-17
4091.08241796494  3.598973E-17
4091.9441998005  3.452461E-17
4092.80598163605  3.269247E-17
4093.66776347161  3.297912E-17
4094.52954530717  3.296945E-17
4095.39132714272  3.063729E-17
4096.25310897828  2.769793E-17
4097.11489081384  2.654518E-17
4097.97667264939  2.827425E-17
4098.83845448495  2.894104E-17
4099.7002363205  2.911726E-17
4100.56201815606  3.168333E-17
4101.42379999162  3.490902E-17
4102.28558182717  3.786919E-17
4103.14736366273  3.945013E-17
4104.00914549828  4.114955E-17
4104.87092733384  4.244935E-17
4105.7327091694  4.131665E-17
4106.59449100495  3.950308E-17
4107.45627284051  3.973665E-17
4108.31805467606  4.065960E-17
4109.17983651162  4.180726E-17
4110.04161834718  4.048291E-17
4110.90340018273  3.847056E-17
4111.76518201829  3.853897E-17
4112.62696385384  3.847865E-17
4113.4887456894  3.798407E-17
4114.35052752496  3.849158E-17
4115.21230936051  3.864330E-17
4116.07409119607  3.787389E-17
4116.93587303162  3.873465E-17
4117.79765486718  3.934338E-17
4118.65943670274  3.966613E-17
4119.52121853829  3.905084E-17
4120.38300037385  3.944000E-17
4121.2447822094  4.430427E-17
4122.10656404496  5.187399E-17
4122.96834588052  6.454136E-17
4123.83012771607  8.281352E-17
4124.69190955163  1.023759E-16
4125.55369138718  1.239605E-16
4126.41547322274  1.417632E-16
4127.2772550583  1.517065E-16
4128.13903689385  1.590366E-16
4129.00081872941  1.572570E-16
4129.86260056496  1.442239E-16
4130.72438240052  1.266544E-16
4131.58616423608  1.053557E-16
4132.44794607163  8.609725E-17
4133.30972790719  7.070508E-17
4134.17150974274  5.721708E-17
4135.0332915783  4.766461E-17
4135.89507341386  4.184132E-17
4136.75685524941  3.857283E-17
4137.61863708497  3.825472E-17
4138.48041892052  3.717719E-17
4139.34220075608  3.549461E-17
4140.20398259164  3.320161E-17
4141.06576442719  2.981582E-17
4141.92754626275  3.060850E-17
4142.7893280983  4.065032E-17
4143.65110993386  5.177293E-17
4144.51289176942  5.952242E-17
4145.37467360497  6.067314E-17
4146.23645544053  6.181594E-17
4147.09823727608  6.413583E-17
4147.96001911164  6.330449E-17
4148.8218009472  5.286124E-17
4149.68358278275  4.096673E-17
4150.54536461831  3.352275E-17
4151.40714645387  3.236574E-17
4152.26892828942  3.134185E-17
4153.13071012498  3.095236E-17
4153.99249196053  3.097976E-17
4154.85427379609  3.128938E-17
4155.71605563165  3.034504E-17
4156.5778374672  2.853680E-17
4157.43961930276  2.802976E-17
4158.30140113831  2.826782E-17
4159.16318297387  2.782430E-17
4160.02496480943  2.712752E-17
4160.88674664498  2.747609E-17
4161.74852848054  2.876531E-17
4162.61031031609  3.218226E-17
4163.47209215165  3.392864E-17
4164.33387398721  3.528074E-17
4165.19565582276  3.733053E-17
4166.05743765832  3.818468E-17
4166.91921949387  3.802091E-17
4167.78100132943  3.813117E-17
4168.64278316498  3.632960E-17
4169.50456500054  3.350959E-17
4170.3663468361  2.956510E-17
4171.22812867165  2.561978E-17
4172.08991050721  2.463178E-17
4172.95169234277  2.622227E-17
4173.81347417832  2.646049E-17
4174.67525601388  2.569824E-17
4175.53703784943  2.863112E-17
4176.39881968499  3.342296E-17
4177.26060152055  3.586854E-17
4178.1223833561  3.563172E-17
4178.98416519166  3.189975E-17
4179.84594702721  2.912094E-17
4180.70772886277  2.924214E-17
4181.56951069833  2.794616E-17
4182.43129253388  2.478585E-17
4183.29307436944  2.450980E-17
4184.15485620499  2.655252E-17
4185.01663804055  2.927200E-17
4185.87841987611  3.222136E-17
4186.74020171166  3.237952E-17
4187.60198354722  3.202976E-17
4188.46376538277  3.267548E-17
4189.32554721833  3.165508E-17
4190.18732905389  2.907110E-17
4191.04911088944  2.818024E-17
4191.910892725  2.773908E-17
4192.77267456056  2.786200E-17
4193.63445639611  2.753078E-17
4194.49623823167  2.720031E-17
4195.35802006722  2.746849E-17
4196.21980190278  2.805752E-17
4197.08158373833  2.760232E-17
4197.94336557389  2.645711E-17
4198.80514740945  2.545523E-17
4199.666929245  2.494883E-17
4200.52871108056  2.533221E-17
4201.39049291612  2.702241E-17
4202.25227475167  2.750914E-17
4203.11405658723  2.785615E-17
4203.97583842278  2.842895E-17
4204.83762025834  2.871512E-17
4205.6994020939  2.834138E-17
4206.56118392945  2.763958E-17
4207.42296576501  2.598416E-17
4208.28474760056  2.695902E-17
4209.14652943612  3.087951E-17
4210.00831127168  3.391048E-17
4210.87009310723  3.726713E-17
4211.73187494279  4.068259E-17
4212.59365677834  4.063198E-17
4213.4554386139  3.875488E-17
4214.31722044946  3.806843E-17
4215.17900228501  3.510964E-17
4216.04078412057  3.237513E-17
4216.90256595612  3.021718E-17
4217.76434779168  2.888408E-17
4218.62612962724  2.956727E-17
4219.48791146279  3.133550E-17
4220.34969329835  3.070105E-17
4221.2114751339  3.037360E-17
4222.07325696946  3.029552E-17
4222.93503880502  2.891443E-17
4223.79682064057  2.792491E-17
4224.65860247613  2.792466E-17
4225.52038431168  2.867632E-17
4226.38216614724  2.896033E-17
4227.2439479828  2.929633E-17
4228.10572981835  3.166856E-17
4228.96751165391  3.428143E-17
4229.82929348946  3.465802E-17
4230.69107532502  3.379963E-17
4231.55285716058  3.370020E-17
4232.41463899613  3.460012E-17
4233.27642083169  3.426223E-17
4234.13820266724  3.191277E-17
4234.9999845028  2.960204E-17
4235.86176633836  2.857721E-17
4236.72354817391  2.874387E-17
4237.58533000947  2.936020E-17
4238.44711184502  2.974200E-17
4239.30889368058  3.035238E-17
4240.17067551614  2.995343E-17
4241.03245735169  2.952215E-17
4241.89423918725  3.009947E-17
4242.75602102281  3.163984E-17
4243.61780285836  3.326656E-17
4244.47958469392  3.306986E-17
4245.34136652947  3.357921E-17
4246.20314836503  3.495641E-17
4247.06493020058  3.721787E-17
4247.92671203614  3.840947E-17
4248.7884938717  3.720406E-17
4249.65027570725  3.411966E-17
4250.51205754281  3.300279E-17
4251.37383937837  3.180714E-17
4252.23562121392  3.098415E-17
4253.09740304948  2.939194E-17
4253.95918488503  2.851349E-17
4254.82096672059  2.807127E-17
4255.68274855615  2.862011E-17
4256.5445303917  2.876720E-17
4257.40631222726  2.915439E-17
4258.26809406281  3.042693E-17
4259.12987589837  3.086752E-17
4259.99165773393  3.025061E-17
4260.85343956948  3.137458E-17
4261.71522140504  3.321175E-17
4262.57700324059  3.422707E-17
4263.43878507615  3.316322E-17
4264.30056691171  3.184878E-17
4265.16234874726  3.225400E-17
4266.02413058282  3.321119E-17
4266.88591241837  3.402947E-17
4267.74769425393  3.278931E-17
4268.60947608949  3.257366E-17
4269.47125792504  3.402769E-17
4270.3330397606  3.448218E-17
4271.19482159615  3.506434E-17
4272.05660343171  3.541354E-17
4272.91838526727  3.556502E-17
4273.78016710282  3.503687E-17
4274.64194893838  3.400173E-17
4275.50373077393  3.206083E-17
4276.36551260949  3.026520E-17
4277.22729444505  2.994728E-17
4278.0890762806  3.292982E-17
4278.95085811616  3.781010E-17
4279.81263995171  4.503071E-17
4280.67442178727  5.160360E-17
4281.53620362283  6.059113E-17
4282.39798545838  6.941626E-17
4283.25976729394  7.464588E-17
4284.12154912949  7.677798E-17
4284.98333096505  7.391145E-17
4285.84511280061  6.756242E-17
4286.70689463616  6.160554E-17
4287.56867647172  5.379373E-17
4288.43045830727  4.706596E-17
4289.29224014283  4.163617E-17
4290.15402197839  3.601730E-17
4291.01580381394  3.408641E-17
4291.8775856495  3.473363E-17
4292.73936748505  3.412330E-17
4293.60114932061  3.442995E-17
4294.46293115617  3.396497E-17
4295.32471299172  3.419517E-17
4296.18649482728  3.504960E-17
4297.04827666283  3.431095E-17
4297.91005849839  3.296624E-17
4298.77184033395  3.229764E-17
4299.6336221695  3.188660E-17
4300.49540400506  3.322096E-17
4301.35718584061  3.411572E-17
4302.21896767617  3.528562E-17
4303.08074951173  3.799244E-17
4303.94253134728  4.148403E-17
4304.80431318284  4.667586E-17
4305.66609501839  5.097046E-17
4306.52787685395  5.235768E-17
4307.38965868951  5.262351E-17
4308.25144052506  5.187692E-17
4309.11322236062  4.931352E-17
4309.97500419617  4.694473E-17
4310.83678603173  4.460257E-17
4311.69856786729  4.121949E-17
4312.56034970284  3.839393E-17
4313.4221315384  3.652599E-17
4314.28391337395  3.421747E-17
4315.14569520951  3.297960E-17
4316.00747704507  3.283827E-17
4316.86925888062  3.166223E-17
4317.73104071618  3.091532E-17
4318.59282255174  3.067361E-17
4319.45460438729  3.052213E-17
4320.31638622285  3.114564E-17
4321.1781680584  3.191739E-17
4322.03994989396  3.167168E-17
4322.90173172951  3.136131E-17
4323.76351356507  3.104657E-17
4324.62529540063  3.265472E-17
4325.48707723618  3.459874E-17
4326.34885907174  3.539914E-17
4327.2106409073  3.612679E-17
4328.07242274285  3.668810E-17
4328.93420457841  3.665813E-17
4329.79598641396  3.731046E-17
4330.65776824952  3.636482E-17
4331.51955008508  3.547692E-17
4332.38133192063  3.695600E-17
4333.24311375619  3.786963E-17
4334.10489559174  3.786783E-17
4334.9666774273  3.940324E-17
4335.82845926285  3.895234E-17
4336.69024109841  3.741262E-17
4337.55202293397  3.716745E-17
4338.41380476952  3.663298E-17
4339.27558660508  3.687147E-17
4340.13736844064  3.635963E-17
4340.99915027619  3.540366E-17
4341.86093211175  3.648552E-17
4342.7227139473  4.003630E-17
4343.58449578286  4.094385E-17
4344.44627761842  4.057604E-17
4345.30805945397  4.002521E-17
4346.16984128953  4.046295E-17
4347.03162312508  4.013264E-17
4347.89340496064  3.920552E-17
4348.7551867962  3.747277E-17
4349.61696863175  3.650886E-17
4350.47875046731  3.641048E-17
4351.34053230286  3.481681E-17
4352.20231413842  3.285083E-17
4353.06409597398  3.351309E-17
4353.92587780953  3.540646E-17
4354.78765964509  3.603154E-17
4355.64944148064  3.564545E-17
4356.5112233162  3.496264E-17
4357.37300515176  3.648257E-17
4358.23478698731  3.915426E-17
4359.09656882287  4.001435E-17
4359.95835065843  3.887080E-17
4360.82013249398  3.914213E-17
4361.68191432954  4.067140E-17
4362.54369616509  4.120151E-17
4363.40547800065  4.156877E-17
4364.2672598362  4.206916E-17
4365.12904167176  4.206096E-17
4365.99082350732  4.317907E-17
4366.85260534287  4.184214E-17
4367.71438717843  4.033199E-17
4368.57616901399  4.161945E-17
4369.43795084954  4.262337E-17
4370.2997326851  4.177398E-17
4371.16151452065  4.072802E-17
4372.02329635621  4.022185E-17
4372.88507819176  4.196536E-17
4373.74686002732  4.339903E-17
4374.60864186288  4.230354E-17
4375.47042369843  4.041131E-17
4376.33220553399  4.053811E-17
4377.19398736955  4.202458E-17
4378.0557692051  4.224436E-17
4378.91755104066  4.164748E-17
4379.77933287621  4.141869E-17
4380.64111471177  4.159921E-17
4381.50289654733  4.232466E-17
4382.36467838288  4.315753E-17
4383.22646021844  4.254088E-17
4384.08824205399  4.250415E-17
4384.95002388955  4.282659E-17
4385.81180572511  4.289068E-17
4386.67358756066  4.365653E-17
4387.53536939622  4.403390E-17
4388.39715123177  4.459023E-17
4389.25893306733  4.684779E-17
4390.12071490289  4.888127E-17
4390.98249673844  5.159085E-17
4391.844278574  5.693085E-17
4392.70606040955  6.215245E-17
4393.56784224511  6.476009E-17
4394.42962408067  6.498334E-17
4395.29140591622  6.368248E-17
4396.15318775178  6.209276E-17
4397.01496958733  5.853581E-17
4397.87675142289  5.193935E-17
4398.73853325845  4.569992E-17
4399.600315094  4.179534E-17
4400.46209692956  3.908723E-17
4401.32387876511  3.736484E-17
4402.18566060067  3.645008E-17
4403.04744243623  3.589939E-17
4403.90922427178  3.541756E-17
4404.77100610734  3.448415E-17
4405.63278794289  3.527298E-17
4406.49456977845  3.653223E-17
4407.35635161401  3.597101E-17
4408.21813344956  3.482584E-17
4409.07991528512  3.474111E-17
4409.94169712067  3.571151E-17
4410.80347895623  3.765120E-17
4411.66526079179  3.819356E-17
4412.52704262734  3.706317E-17
4413.3888244629  3.721728E-17
4414.25060629845  3.863655E-17
4415.11238813401  4.043777E-17
4415.97416996957  4.271556E-17
4416.83595180512  4.237447E-17
4417.69773364068  4.013478E-17
4418.55951547623  4.047119E-17
4419.42129731179  4.170872E-17
4420.28307914735  4.152345E-17
4421.1448609829  3.979270E-17
4422.00664281846  3.700398E-17
4422.86842465401  3.611998E-17
4423.73020648957  3.852967E-17
4424.59198832513  4.021747E-17
4425.45377016068  4.001225E-17
4426.31555199624  3.879815E-17
4427.17733383179  3.832217E-17
4428.03911566735  3.970091E-17
4428.90089750291  4.146618E-17
4429.76267933846  4.166570E-17
4430.62446117402  4.093835E-17
4431.48624300958  4.166560E-17
4432.34802484513  4.279047E-17
4433.20980668069  4.262789E-17
4434.07158851624  4.127643E-17
4434.9333703518  3.720393E-17
4435.79515218736  3.297729E-17
4436.65693402291  3.093511E-17
4437.51871585847  2.978924E-17
4438.38049769402  3.011254E-17
4439.24227952958  3.159848E-17
4440.10406136514  3.330477E-17
4440.96584320069  3.593687E-17
4441.82762503625  3.768157E-17
4442.6894068718  3.792177E-17
4443.55118870736  3.648452E-17
4444.41297054292  3.508964E-17
4445.27475237847  3.401093E-17
4446.13653421403  3.249707E-17
4446.99831604958  3.216179E-17
4447.86009788514  3.284514E-17
4448.72187972069  3.194306E-17
4449.58366155625  3.101245E-17
4450.44544339181  3.181200E-17
4451.30722522736  3.279665E-17
4452.16900706292  3.279629E-17
4453.03078889848  3.279900E-17
4453.89257073403  3.365035E-17
4454.75435256959  3.648497E-17
4455.61613440514  4.043554E-17
4456.4779162407  4.057514E-17
4457.33969807626  3.962216E-17
4458.20147991181  3.984221E-17
4459.06326174737  4.069448E-17
4459.92504358292  4.013829E-17
4460.78682541848  3.973844E-17
4461.64860725404  3.829655E-17
4462.51038908959  3.797688E-17
4463.37217092515  3.907429E-17
4464.2339527607  3.868649E-17
4465.09573459626  3.715926E-17
4465.95751643182  3.844035E-17
4466.81929826737  3.775161E-17
4467.68108010293  3.530042E-17
4468.54286193848  3.314160E-17
4469.40464377404  3.168139E-17
4470.2664256096  3.293030E-17
4471.12820744515  3.373003E-17
4471.98998928071  3.128686E-17
4472.85177111626  3.185752E-17
4473.71355295182  3.464831E-17
4474.57533478738  3.645946E-17
4475.43711662293  3.643915E-17
4476.29889845849  3.449781E-17
4477.16068029404  3.367612E-17
4478.0224621296  3.347962E-17
4478.88424396516  3.144162E-17
4479.74602580071  2.900320E-17
4480.60780763627  2.824027E-17
4481.46958947183  2.827306E-17
4482.33137130738  2.838141E-17
4483.19315314294  2.809918E-17
4484.05493497849  2.987145E-17
4484.91671681405  3.162483E-17
4485.77849864961  3.296085E-17
4486.64028048516  3.354020E-17
4487.50206232072  3.454966E-17
4488.36384415627  3.597779E-17
4489.22562599183  3.584601E-17
4490.08740782739  3.326384E-17
4490.94918966294  3.194875E-17
4491.8109714985  3.150218E-17
4492.67275333405  3.114705E-17
4493.53453516961  3.145727E-17
4494.39631700517  3.179972E-17
4495.25809884072  3.353463E-17
4496.11988067628  3.559556E-17
4496.98166251183  3.617294E-17
4497.84344434739  3.726293E-17
4498.70522618294  3.850030E-17
4499.5670080185  3.916855E-17
4500.42878985406  3.963624E-17
4501.29057168961  3.860175E-17
4502.15235352517  3.860127E-17
4503.01413536073  3.996436E-17
4503.87591719628  3.964372E-17
4504.73769903184  3.974163E-17
4505.59948086739  4.027632E-17
4506.46126270295  4.001509E-17
4507.32304453851  3.988056E-17
4508.18482637406  3.916633E-17
4509.04660820962  3.796601E-17
4509.90839004517  3.882626E-17
4510.77017188073  3.798230E-17
4511.63195371629  3.462427E-17
4512.49373555184  3.170105E-17
4513.3555173874  3.114615E-17
4514.21729922295  3.250666E-17
4515.07908105851  3.372465E-17
4515.94086289407  3.298295E-17
4516.80264472962  3.303979E-17
4517.66442656518  3.477010E-17
4518.52620840073  3.779211E-17
4519.38799023629  3.982446E-17
4520.24977207185  3.931223E-17
4521.1115539074  3.713649E-17
4521.97333574296  3.552017E-17
4522.83511757851  3.550256E-17
4523.69689941407  3.521612E-17
4524.55868124963  3.518980E-17
4525.42046308518  3.494045E-17
4526.28224492074  3.506758E-17
4527.14402675629  3.652138E-17
4528.00580859185  3.796915E-17
4528.86759042741  3.858677E-17
4529.72937226296  3.878559E-17
4530.59115409852  3.675190E-17
4531.45293593408  3.491376E-17
4532.31471776963  3.382460E-17
4533.17649960519  3.327940E-17
4534.03828144074  3.376672E-17
4534.9000632763  3.336427E-17
4535.76184511186  3.428971E-17
4536.62362694741  3.820271E-17
4537.48540878297  4.334885E-17
4538.34719061852  4.822213E-17
4539.20897245408  5.254262E-17
4540.07075428964  5.536929E-17
4540.93253612519  5.829487E-17
4541.79431796075  6.041552E-17
4542.6560997963  5.919226E-17
4543.51788163186  5.602547E-17
4544.37966346742  5.237166E-17
4545.24144530297  4.764640E-17
4546.10322713853  4.415811E-17
4546.96500897408  4.141601E-17
4547.82679080964  3.701127E-17
4548.68857264519  3.405830E-17
4549.55035448075  3.278796E-17
4550.41213631631  3.258726E-17
4551.27391815186  3.334991E-17
4552.13569998742  3.335998E-17
4552.99748182298  3.337715E-17
4553.85926365853  3.509438E-17
4554.72104549409  3.699048E-17
4555.58282732964  3.749365E-17
4556.4446091652  3.725028E-17
4557.30639100076  3.778708E-17
4558.16817283631  3.988677E-17
4559.02995467187  4.056177E-17
4559.89173650742  4.015278E-17
4560.75351834298  3.982727E-17
4561.61530017854  3.928472E-17
4562.47708201409  3.808304E-17
4563.33886384965  3.677692E-17
4564.2006456852  3.538614E-17
4565.06242752076  3.566105E-17
4565.92420935632  3.671742E-17
4566.78599119187  3.728122E-17
4567.64777302743  3.737795E-17
4568.50955486298  3.813557E-17
4569.37133669854  3.891775E-17
4570.2331185341  3.743611E-17
4571.09490036965  3.496832E-17
4571.95668220521  3.326424E-17
4572.81846404076  3.215909E-17
4573.68024587632  3.192061E-17
4574.54202771188  3.191153E-17
4575.40380954743  3.174904E-17
4576.26559138299  3.160300E-17
4577.12737321854  3.138861E-17
4577.9891550541  3.036063E-17
4578.85093688966  2.925018E-17
4579.71271872521  2.985579E-17
4580.57450056077  3.125423E-17
4581.43628239632  3.109916E-17
4582.29806423188  3.150382E-17
4583.15984606744  3.273104E-17
4584.02162790299  3.418849E-17
4584.88340973855  3.376428E-17
4585.7451915741  3.076711E-17
4586.60697340966  2.885979E-17
4587.46875524522  2.811452E-17
4588.33053708077  2.770463E-17
4589.19231891633  2.686747E-17
4590.05410075188  2.609482E-17
4590.91588258744  2.634038E-17
4591.777664423  2.813134E-17
4592.63944625855  2.828774E-17
4593.50122809411  2.859055E-17
4594.36300992966  2.888914E-17
4595.22479176522  3.037371E-17
4596.08657360078  3.304763E-17
4596.94835543633  3.438141E-17
4597.81013727189  3.450985E-17
4598.67191910745  3.523341E-17
4599.533700943  3.637101E-17
4600.39548277856  3.595519E-17
4601.25726461411  3.439340E-17
4602.11904644967  3.106859E-17
4602.98082828522  3.105821E-17
4603.84261012078  3.257820E-17
4604.70439195634  3.153688E-17
4605.56617379189  3.090168E-17
4606.42795562745  3.157837E-17
4607.28973746301  3.244644E-17
4608.15151929856  3.399514E-17
4609.01330113412  3.446715E-17
4609.87508296967  3.407302E-17
4610.73686480523  3.370784E-17
4611.59864664079  3.307828E-17
4612.46042847634  3.360823E-17
4613.3222103119  3.370460E-17
4614.18399214745  3.352424E-17
4615.04577398301  3.310854E-17
4615.90755581856  3.283571E-17
4616.76933765412  3.429719E-17
4617.63111948968  3.569125E-17
4618.49290132523  3.652363E-17
4619.35468316079  3.722621E-17
4620.21646499635  3.843227E-17
4621.0782468319  3.946580E-17
4621.94002866746  3.917889E-17
4622.80181050301  3.863201E-17
4623.66359233857  3.774839E-17
4624.52537417413  3.745027E-17
4625.38715600968  3.718564E-17
4626.24893784524  3.528248E-17
4627.11071968079  3.323968E-17
4627.97250151635  3.129035E-17
4628.83428335191  2.960089E-17
4629.69606518746  2.951020E-17
4630.55784702302  2.822432E-17
4631.41962885857  2.684546E-17
4632.28141069413  2.730863E-17
4633.14319252969  2.874273E-17
4634.00497436524  2.987157E-17
4634.8667562008  3.058696E-17
4635.72853803635  2.968866E-17
4636.59031987191  3.009309E-17
4637.45210170747  3.067844E-17
4638.31388354302  3.113574E-17
4639.17566537858  3.038012E-17
4640.03744721413  3.089303E-17
4640.89922904969  3.117281E-17
4641.76101088525  3.242143E-17
4642.6227927208  3.292007E-17
4643.48457455636  3.369875E-17
4644.34635639191  3.426199E-17
4645.20813822747  3.514459E-17
4646.06992006303  3.635383E-17
4646.93170189858  3.705559E-17
4647.79348373414  3.585727E-17
4648.6552655697  3.583869E-17
4649.51704740525  3.665682E-17
4650.37882924081  3.527990E-17
4651.24061107636  3.337889E-17
4652.10239291192  3.287138E-17
4652.96417474747  3.481325E-17
4653.82595658303  3.688662E-17
4654.68773841859  3.638786E-17
4655.54952025414  3.474854E-17
4656.4113020897  3.490693E-17
4657.27308392526  3.530289E-17
4658.13486576081  3.506720E-17
4658.99664759637  3.261118E-17
4659.85842943192  2.974269E-17
4660.72021126748  2.907299E-17
4661.58199310304  2.936237E-17
4662.44377493859  3.079333E-17
4663.30555677415  3.139365E-17
4664.1673386097  3.058177E-17
4665.02912044526  3.100190E-17
4665.89090228081  3.176084E-17
4666.75268411637  3.300277E-17
4667.61446595193  3.408466E-17
4668.47624778748  3.267543E-17
4669.33802962304  3.275983E-17
4670.1998114586  3.388873E-17
4671.06159329415  3.399894E-17
4671.92337512971  3.426322E-17
4672.78515696527  3.323850E-17
4673.64693880082  3.198791E-17
4674.50872063638  3.178325E-17
4675.37050247193  3.180528E-17
4676.23228430749  3.184230E-17
4677.09406614304  3.171440E-17
4677.9558479786  3.182949E-17
4678.81762981416  3.263322E-17
4679.67941164971  3.313094E-17
4680.54119348527  3.343416E-17
4681.40297532083  3.297292E-17
4682.26475715638  3.289393E-17
4683.12653899194  3.333387E-17
4683.98832082749  3.274779E-17
4684.85010266305  3.184245E-17
4685.71188449861  3.177708E-17
4686.57366633416  3.313839E-17
4687.43544816972  3.388761E-17
4688.29723000527  3.322161E-17
4689.15901184083  3.258136E-17
4690.02079367639  3.342618E-17
4690.88257551194  3.399581E-17
4691.7443573475  3.416976E-17
4692.60613918305  3.416933E-17
4693.46792101861  3.458202E-17
4694.32970285417  3.516198E-17
4695.19148468972  3.592824E-17
4696.05326652528  3.597683E-17
4696.91504836083  3.554336E-17
4697.77683019639  3.461711E-17
4698.63861203195  3.288547E-17
4699.5003938675  3.123281E-17
4700.36217570306  2.989230E-17
4701.22395753861  2.946450E-17
4702.08573937417  3.003110E-17
4702.94752120973  3.018594E-17
4703.80930304528  3.058608E-17
4704.67108488084  3.123302E-17
4705.53286671639  3.106973E-17
4706.39464855195  3.016582E-17
4707.25643038751  2.956084E-17
4708.11821222306  2.943871E-17
4708.97999405862  3.037947E-17
4709.84177589417  3.074583E-17
4710.70355772973  3.108213E-17
4711.56533956529  3.239147E-17
4712.42712140084  3.409705E-17
4713.2889032364  3.423079E-17
4714.15068507196  3.419476E-17
4715.01246690751  3.373865E-17
4715.87424874307  3.291302E-17
4716.73603057862  3.211331E-17
4717.59781241418  3.206434E-17
4718.45959424974  3.244870E-17
4719.32137608529  3.295909E-17
4720.18315792085  3.287420E-17
4721.0449397564  3.369596E-17
4721.90672159196  3.498340E-17
4722.76850342752  3.599170E-17
4723.63028526307  3.651875E-17
4724.49206709863  3.657771E-17
4725.35384893418  3.611783E-17
4726.21563076974  3.570919E-17
4727.07741260529  3.423794E-17
4727.93919444085  3.303891E-17
4728.80097627641  3.270860E-17
4729.66275811196  3.271527E-17
4730.52453994752  3.266828E-17
4731.38632178308  3.427491E-17
4732.24810361863  3.508579E-17
4733.10988545419  3.502040E-17
4733.97166728974  3.474645E-17
4734.8334491253  3.320128E-17
4735.69523096086  3.156448E-17
4736.55701279641  3.174041E-17
4737.41879463197  3.092872E-17
4738.28057646752  3.092578E-17
4739.14235830308  3.132264E-17
4740.00414013864  3.191857E-17
4740.86592197419  3.324421E-17
4741.72770380975  3.399099E-17
4742.5894856453  3.345829E-17
4743.45126748086  3.244203E-17
4744.31304931642  3.064710E-17
4745.17483115197  2.966372E-17
4746.03661298753  2.902838E-17
4746.89839482308  2.917749E-17
4747.76017665864  2.977017E-17
4748.6219584942  3.021947E-17
4749.48374032975  3.168617E-17
4750.34552216531  3.377248E-17
4751.20730400086  3.478830E-17
4752.06908583642  3.536602E-17
4752.93086767198  3.482211E-17
4753.79264950753  3.424882E-17
4754.65443134309  3.425277E-17
4755.51621317864  3.424173E-17
4756.3779950142  3.511150E-17
4757.23977684976  3.622664E-17
4758.10155868531  3.626011E-17
4758.96334052087  3.655823E-17
4759.82512235642  3.695383E-17
4760.68690419198  3.621040E-17
4761.54868602754  3.512546E-17
4762.41046786309  3.316486E-17
4763.27224969865  3.111297E-17
4764.1340315342  2.942780E-17
4764.99581336976  2.692951E-17
4765.85759520532  2.573037E-17
4766.71937704087  2.634399E-17
4767.58115887643  2.661457E-17
4768.44294071198  2.659452E-17
4769.30472254754  2.680257E-17
4770.1665043831  2.868699E-17
4771.02828621865  3.199159E-17
4771.89006805421  3.352386E-17
4772.75184988976  3.395193E-17
4773.61363172532  3.483938E-17
4774.47541356088  3.552517E-17
4775.33719539643  3.652353E-17
4776.19897723199  3.661823E-17
4777.06075906754  3.553714E-17
4777.9225409031  3.485870E-17
4778.78432273866  3.338926E-17
4779.64610457421  3.126365E-17
4780.50788640977  3.057858E-17
4781.36966824532  3.125263E-17
4782.23145008088  3.150262E-17
4783.09323191644  3.126268E-17
4783.95501375199  3.041024E-17
4784.81679558755  3.125181E-17
4785.67857742311  3.369192E-17
4786.54035925866  3.389383E-17
4787.40214109422  3.127731E-17
4788.26392292977  2.901699E-17
4789.12570476533  2.872260E-17
4789.98748660089  3.004735E-17
4790.84926843644  3.000923E-17
4791.711050272  2.952862E-17
4792.57283210755  3.063293E-17
4793.43461394311  3.280897E-17
4794.29639577866  3.561689E-17
4795.15817761422  3.733378E-17
4796.01995944978  3.644125E-17
4796.88174128533  3.576918E-17
4797.74352312089  3.507116E-17
4798.60530495645  3.275100E-17
4799.467086792  3.252547E-17
4800.32886862756  3.463481E-17
4801.19065046311  3.737072E-17
4802.05243229867  4.407276E-17
4802.91421413422  5.436736E-17
4803.77599596978  6.384475E-17
4804.63777780534  7.285224E-17
4805.49955964089  7.968366E-17
4806.36134147645  8.219002E-17
4807.22312331201  8.275770E-17
4808.08490514756  7.799867E-17
4808.94668698312  6.789377E-17
4809.80846881867  5.826893E-17
4810.67025065423  5.055905E-17
4811.53203248979  4.347466E-17
4812.39381432534  3.777117E-17
4813.2555961609  3.398805E-17
4814.11737799645  3.277265E-17
4814.97915983201  3.332292E-17
4815.84094166757  3.223482E-17
4816.70272350312  3.077106E-17
4817.56450533868  2.940755E-17
4818.42628717423  2.822411E-17
4819.28806900979  2.713641E-17
4820.14985084535  2.646849E-17
4821.0116326809  2.540265E-17
4821.87341451646  2.640562E-17
4822.73519635201  2.769450E-17
4823.59697818757  2.820595E-17
4824.45876002313  2.830148E-17
4825.32054185868  2.812224E-17
4826.18232369424  2.854401E-17
4827.04410552979  3.005937E-17
4827.90588736535  3.076950E-17
4828.76766920091  3.180684E-17
4829.62945103646  3.417737E-17
4830.49123287202  3.800346E-17
4831.35301470757  4.017094E-17
4832.21479654313  4.091990E-17
4833.07657837869  4.152937E-17
4833.93836021424  4.159052E-17
4834.8001420498  4.040044E-17
4835.66192388536  3.753112E-17
4836.52370572091  3.365988E-17
4837.38548755647  3.036916E-17
4838.24726939202  2.824786E-17
4839.10905122758  2.640330E-17
4839.97083306314  2.640333E-17
4840.83261489869  2.659219E-17
4841.69439673425  2.767223E-17
4842.5561785698  2.801756E-17
4843.41796040536  2.847744E-17
4844.27974224091  2.858069E-17
4845.14152407647  2.888662E-17
4846.00330591203  2.775147E-17
4846.86508774758  2.722448E-17
4847.72686958314  2.719382E-17
4848.5886514187  2.815708E-17
4849.45043325425  2.897713E-17
4850.31221508981  2.958773E-17
4851.17399692536  2.964296E-17
4852.03577876092  2.969612E-17
4852.89756059647  2.919329E-17
4853.75934243203  2.813009E-17
4854.62112426759  2.721686E-17
4855.48290610314  2.673287E-17
4856.3446879387  2.655703E-17
4857.20646977426  2.722352E-17
4858.06825160981  2.852499E-17
4858.93003344537  2.973228E-17
4859.79181528092  2.952250E-17
4860.65359711648  2.895638E-17
4861.51537895204  2.939510E-17
4862.37716078759  2.917389E-17
4863.23894262315  2.783535E-17
4864.1007244587  2.714119E-17
4864.96250629426  2.636110E-17
4865.82428812982  2.620372E-17
4866.68606996537  2.619776E-17
4867.54785180093  2.602803E-17
4868.40963363648  2.659061E-17
4869.27141547204  2.761037E-17
4870.1331973076  2.772476E-17
4870.99497914315  2.769930E-17
4871.85676097871  2.882494E-17
4872.71854281426  2.971858E-17
4873.58032464982  3.046506E-17
4874.44210648538  3.102997E-17
4875.30388832093  3.090264E-17
4876.16567015649  3.082047E-17
4877.02745199204  3.070512E-17
4877.8892338276  3.024017E-17
4878.75101566316  3.086790E-17
4879.61279749871  3.146805E-17
4880.47457933427  3.176937E-17
4881.33636116982  3.138718E-17
4882.19814300538  3.061901E-17
4883.05992484094  3.121315E-17
4883.92170667649  3.160437E-17
4884.78348851205  3.083616E-17
4885.6452703476  2.918880E-17
4886.50705218316  2.772696E-17
4887.36883401872  2.785369E-17
4888.23061585427  2.816835E-17
4889.09239768983  2.833908E-17
4889.95417952538  2.904927E-17
4890.81596136094  2.930501E-17
4891.6777431965  3.068433E-17
4892.53952503205  3.241178E-17
4893.40130686761  3.319658E-17
4894.26308870316  3.471606E-17
4895.12487053872  3.447804E-17
4895.98665237428  3.259425E-17
4896.84843420983  3.198255E-17
4897.71021604539  3.065784E-17
4898.57199788094  2.981083E-17
4899.4337797165  3.015605E-17
4900.29556155206  2.994549E-17
4901.15734338761  3.009340E-17
4902.01912522317  3.166395E-17
4902.88090705873  3.252481E-17
4903.74268889428  3.346709E-17
4904.60447072984  3.404446E-17
4905.46625256539  3.372373E-17
4906.32803440095  3.237040E-17
4907.1898162365  3.151133E-17
4908.05159807206  3.170720E-17
4908.91337990762  3.195454E-17
4909.77516174317  3.182103E-17
4910.63694357873  3.090312E-17
4911.49872541429  2.933259E-17
4912.36050724984  2.911058E-17
4913.2222890854  2.984331E-17
4914.08407092095  2.887863E-17
4914.94585275651  2.791128E-17
4915.80763459207  2.802945E-17
4916.66941642762  2.887333E-17
4917.53119826318  3.028438E-17
4918.39298009873  3.213521E-17
4919.25476193429  3.353297E-17
4920.11654376985  3.447964E-17
4920.9783256054  3.549048E-17
4921.84010744096  3.439759E-17
4922.70188927651  3.296406E-17
4923.56367111207  3.286414E-17
4924.42545294763  3.240669E-17
4925.28723478318  3.144932E-17
4926.14901661874  3.088096E-17
4927.01079845429  3.039383E-17
4927.87258028985  3.172945E-17
4928.73436212541  3.226270E-17
4929.59614396096  3.097719E-17
4930.45792579652  3.024134E-17
4931.31970763207  3.086854E-17
4932.18148946763  3.174129E-17
4933.04327130319  3.237164E-17
4933.90505313874  3.243301E-17
4934.7668349743  3.180712E-17
4935.62861680985  3.178200E-17
4936.49039864541  3.197588E-17
4937.35218048097  3.132708E-17
4938.21396231652  3.110788E-17
4939.07574415208  3.127475E-17
4939.93752598763  3.120105E-17
4940.79930782319  3.291702E-17
4941.66108965875  3.439347E-17
4942.5228714943  3.461945E-17
4943.38465332986  3.525164E-17
4944.24643516541  3.624571E-17
4945.10821700097  3.669714E-17
4945.96999883653  3.735308E-17
4946.83178067208  3.820837E-17
4947.69356250764  3.924074E-17
4948.55534434319  4.001955E-17
4949.41712617875  3.985696E-17
4950.27890801431  3.859880E-17
4951.14068984986  3.737159E-17
4952.00247168542  3.649560E-17
4952.86425352098  3.585240E-17
4953.72603535653  3.585351E-17
4954.58781719209  3.502554E-17
4955.44959902764  3.414299E-17
4956.3113808632  3.455589E-17
4957.17316269875  3.534662E-17
4958.03494453431  3.609127E-17
4958.89672636987  3.598875E-17
4959.75850820542  3.622021E-17
4960.62029004098  3.677568E-17
4961.48207187654  3.758294E-17
4962.34385371209  3.867619E-17
4963.20563554765  3.929816E-17
4964.0674173832  3.956734E-17
4964.92919921876  3.974807E-17
4965.79098105432  3.934459E-17
4966.65276288987  3.966612E-17
4967.51454472543  3.870251E-17
4968.37632656098  3.683770E-17
4969.23810839654  3.557743E-17
4970.0998902321  3.535261E-17
4970.96167206765  3.627319E-17
4971.82345390321  3.655147E-17
4972.68523573876  3.548200E-17
4973.54701757432  3.592705E-17
4974.40879940988  3.674201E-17
4975.27058124543  3.753230E-17
4976.13236308099  3.748674E-17
4976.99414491654  3.712742E-17
4977.8559267521  3.638585E-17
4978.71770858766  3.661671E-17
4979.57949042321  3.776331E-17
4980.44127225877  3.823711E-17
4981.30305409432  3.794290E-17
4982.16483592988  3.902096E-17
4983.02661776544  3.949763E-17
4983.88839960099  3.961798E-17
4984.75018143655  3.963036E-17
4985.6119632721  3.911259E-17
4986.47374510766  3.920025E-17
4987.33552694322  3.988801E-17
4988.19730877877  3.914578E-17
4989.05909061433  3.762130E-17
4989.92087244988  3.788869E-17
4990.78265428544  3.856752E-17
4991.644436121  3.849714E-17
4992.50621795655  3.795404E-17
4993.36799979211  3.789220E-17
4994.22978162766  3.804328E-17
4995.09156346322  3.811839E-17
4995.95334529878  3.748517E-17
4996.81512713433  3.739165E-17
4997.67690896989  3.775046E-17
4998.53869080545  3.895357E-17
4999.400472641  3.986253E-17
5000.26225447656  3.903789E-17
5001.12403631211  3.863886E-17
5001.98581814767  3.939101E-17
5002.84759998323  4.058146E-17
5003.70938181878  4.016654E-17
5004.57116365434  3.848911E-17
5005.43294548989  3.685487E-17
5006.29472732545  3.664019E-17
5007.15650916101  3.766708E-17
5008.01829099656  3.800643E-17
5008.88007283212  3.661518E-17
5009.74185466767  3.705140E-17
5010.60363650323  3.810852E-17
5011.46541833879  3.828756E-17
5012.32720017434  3.925324E-17
5013.1889820099  3.908020E-17
5014.05076384545  3.847664E-17
5014.91254568101  3.913597E-17
5015.77432751657  3.879855E-17
5016.63610935212  3.897876E-17
5017.49789118768  3.994738E-17
5018.35967302323  3.990391E-17
5019.22145485879  4.083716E-17
5020.08323669435  4.199741E-17
5020.9450185299  4.199899E-17
5021.80680036546  4.227036E-17
5022.66858220101  4.169053E-17
5023.53036403657  4.095253E-17
5024.39214587213  4.135725E-17
5025.25392770768  4.016280E-17
5026.11570954324  3.744751E-17
5026.97749137879  3.629664E-17
5027.83927321435  3.688991E-17
5028.70105504991  3.849837E-17
5029.56283688546  3.962850E-17
5030.42461872102  3.962421E-17
5031.28640055657  4.053842E-17
5032.14818239213  4.272916E-17
5033.00996422769  4.310452E-17
5033.87174606324  4.234191E-17
5034.7335278988  4.147185E-17
5035.59530973435  4.080636E-17
5036.45709156991  4.009486E-17
5037.31887340547  4.030243E-17
5038.18065524102  3.946588E-17
5039.04243707658  3.849668E-17
5039.90421891213  3.809701E-17
5040.76600074769  3.915491E-17
5041.62778258325  3.969036E-17
5042.4895644188  3.922953E-17
5043.35134625436  3.764057E-17
5044.21312808991  3.792641E-17
5045.07490992547  4.007186E-17
5045.93669176103  4.135760E-17
5046.79847359658  4.069619E-17
5047.66025543214  4.050635E-17
5048.5220372677  4.152654E-17
5049.38381910325  4.233291E-17
5050.24560093881  4.263088E-17
5051.10738277436  4.278787E-17
5051.96916460992  4.205580E-17
5052.83094644548  4.082741E-17
5053.69272828103  4.013371E-17
5054.55451011659  3.932577E-17
5055.41629195214  3.942488E-17
5056.2780737877  3.980670E-17
5057.13985562325  3.949723E-17
5058.00163745881  4.027884E-17
5058.86341929437  4.099983E-17
5059.72520112992  4.096318E-17
5060.58698296548  4.100804E-17
5061.44876480103  4.079298E-17
5062.31054663659  4.077218E-17
5063.17232847215  3.979826E-17
5064.0341103077  3.782458E-17
5064.89589214326  3.753860E-17
5065.75767397881  3.920159E-17
5066.61945581437  4.048345E-17
5067.48123764993  4.015131E-17
5068.34301948548  3.864964E-17
5069.20480132104  3.943314E-17
5070.0665831566  4.146790E-17
5070.92836499215  4.209070E-17
5071.79014682771  4.056945E-17
5072.65192866326  3.878907E-17
5073.51371049882  3.872504E-17
5074.37549233438  4.023668E-17
5075.23727416993  4.060741E-17
5076.09905600549  3.995206E-17
5076.96083784104  3.955266E-17
5077.8226196766  3.902141E-17
5078.68440151216  4.001841E-17
5079.54618334771  4.109556E-17
5080.40796518327  4.049423E-17
5081.26974701882  4.007584E-17
5082.13152885438  4.021939E-17
5082.99331068994  4.048517E-17
5083.85509252549  4.122151E-17
5084.71687436105  4.108833E-17
5085.5786561966  4.044724E-17
5086.44043803216  4.035851E-17
5087.30221986772  4.086264E-17
5088.16400170327  4.134531E-17
5089.02578353883  4.146535E-17
5089.88756537438  4.214737E-17
5090.74934720994  4.270136E-17
5091.6111290455  4.358147E-17
5092.47291088105  4.481804E-17
5093.33469271661  4.508385E-17
5094.19647455216  4.539244E-17
5095.05825638772  4.566935E-17
5095.92003822328  4.581817E-17
5096.78182005883  4.636917E-17
5097.64360189439  4.652150E-17
5098.50538372995  4.634366E-17
5099.3671655655  4.631945E-17
5100.22894740106  4.633284E-17
5101.09072923661  4.589677E-17
5101.95251107217  4.487526E-17
5102.81429290773  4.453766E-17
5103.67607474328  4.422860E-17
5104.53785657884  4.398429E-17
5105.39963841439  4.386764E-17
5106.26142024995  4.328618E-17
5107.1232020855  4.263267E-17
5107.98498392106  4.257071E-17
5108.84676575662  4.188600E-17
5109.70854759217  4.165926E-17
5110.57032942773  4.230046E-17
5111.43211126328  4.272618E-17
5112.29389309884  4.255199E-17
5113.1556749344  4.260519E-17
5114.01745676995  4.187029E-17
5114.87923860551  4.145734E-17
5115.74102044107  4.107067E-17
5116.60280227662  4.022293E-17
5117.46458411218  3.875995E-17
5118.32636594773  3.834276E-17
5119.18814778329  3.920308E-17
5120.04992961885  4.070207E-17
5120.9117114544  4.135281E-17
5121.77349328996  4.173492E-17
5122.63527512551  4.144199E-17
5123.49705696107  4.178268E-17
5124.35883879663  4.249511E-17
5125.22062063218  4.241237E-17
5126.08240246774  4.234580E-17
5126.94418430329  4.266575E-17
5127.80596613885  4.187316E-17
5128.66774797441  4.057498E-17
5129.52952980996  4.075512E-17
5130.39131164552  4.093669E-17
5131.25309348107  4.066712E-17
5132.11487531663  3.994758E-17
5132.97665715219  3.914361E-17
5133.83843898774  3.932398E-17
5134.7002208233  4.010863E-17
5135.56200265885  3.980882E-17
5136.42378449441  3.892794E-17
5137.28556632997  3.760976E-17
5138.14734816552  3.633136E-17
5139.00913000108  3.467025E-17
5139.87091183663  3.173927E-17
5140.73269367219  3.099002E-17
5141.59447550775  3.189182E-17
5142.4562573433  3.130446E-17
5143.31803917886  3.305145E-17
5144.17982101441  3.492287E-17
5145.04160284997  3.685253E-17
5145.90338468553  4.065083E-17
5146.76516652108  4.163024E-17
5147.62694835664  4.023927E-17
5148.48873019219  4.138752E-17
5149.35051202775  4.175505E-17
5150.21229386331  4.107848E-17
5151.07407569886  3.963615E-17
5151.93585753442  3.774287E-17
5152.79763936997  3.808764E-17
5153.65942120553  3.953353E-17
5154.52120304109  4.010397E-17
5155.38298487664  4.017029E-17
5156.2447667122  4.104687E-17
5157.10654854775  4.186288E-17
5157.96833038331  4.178555E-17
5158.83011221887  4.033800E-17
5159.69189405442  3.925559E-17
5160.55367588998  3.849574E-17
5161.41545772553  3.701713E-17
5162.27723956109  3.537762E-17
5163.13902139665  3.517649E-17
5164.0008032322  3.526157E-17
5164.86258506776  3.531199E-17
5165.72436690331  3.477118E-17
5166.58614873887  3.338552E-17
5167.44793057443  3.222711E-17
5168.30971240998  3.180640E-17
5169.17149424554  3.231878E-17
5170.03327608109  3.334326E-17
5170.89505791665  3.439452E-17
5171.75683975221  3.450295E-17
5172.61862158776  3.497295E-17
5173.48040342332  3.603153E-17
5174.34218525887  3.680738E-17
5175.20396709443  3.560362E-17
5176.06574892999  3.537227E-17
5176.92753076554  3.551031E-17
5177.7893126011  3.589754E-17
5178.65109443666  3.573244E-17
5179.51287627221  3.573975E-17
5180.37465810777  3.577072E-17
5181.23643994332  3.646166E-17
5182.09822177888  3.586213E-17
5182.96000361443  3.475256E-17
5183.82178544999  3.366372E-17
5184.68356728555  3.375096E-17
5185.5453491211  3.399950E-17
5186.40713095666  3.459066E-17
5187.26891279222  3.628551E-17
5188.13069462777  3.690150E-17
5188.99247646333  3.666622E-17
5189.85425829888  3.809530E-17
5190.71604013444  3.842773E-17
5191.57782197  3.745544E-17
5192.43960380555  3.791592E-17
5193.30138564111  3.738923E-17
5194.16316747666  3.780268E-17
5195.02494931222  3.891386E-17
5195.88673114778  3.883475E-17
5196.74851298333  3.964901E-17
5197.61029481889  4.182062E-17
5198.47207665444  4.163759E-17
5199.33385849  3.981103E-17
5200.19564032556  3.728109E-17
5201.05742216111  3.456423E-17
5201.91920399667  3.124937E-17
5202.78098583222  2.880135E-17
5203.64276766778  2.685898E-17
5204.50454950334  2.566106E-17
5205.36633133889  2.671042E-17
5206.22811317445  2.868597E-17
5207.08989501  2.923538E-17
5207.95167684556  3.044356E-17
5208.81345868112  3.137665E-17
5209.67524051667  3.050937E-17
5210.53702235223  3.092144E-17
5211.39880418778  3.199046E-17
5212.26058602334  3.280696E-17
5213.1223678589  3.482605E-17
5213.98414969445  3.563886E-17
5214.84593153001  3.448865E-17
5215.70771336556  3.426523E-17
5216.56949520112  3.425569E-17
5217.43127703668  3.332092E-17
5218.29305887223  3.227905E-17
5219.15484070779  3.137143E-17
5220.01662254334  3.187494E-17
5220.8784043789  3.469732E-17
5221.74018621446  3.669276E-17
5222.60196805001  3.648444E-17
5223.46374988557  3.528502E-17
5224.32553172112  3.467401E-17
5225.18731355668  3.522604E-17
5226.04909539224  3.512976E-17
5226.91087722779  3.436983E-17
5227.77265906335  3.448470E-17
5228.63444089891  3.436294E-17
5229.49622273446  3.519121E-17
5230.35800457002  3.559938E-17
5231.21978640557  3.466734E-17
5232.08156824113  3.461240E-17
5232.94335007668  3.341711E-17
5233.80513191224  2.927815E-17
5234.6669137478  2.594217E-17
5235.52869558335  2.304747E-17
5236.39047741891  2.161679E-17
5237.25225925447  2.091423E-17
5238.11404109002  1.910988E-17
5238.97582292558  1.783780E-17
5239.83760476113  1.959122E-17
5240.69938659669  2.193730E-17
5241.56116843225  2.410906E-17
5242.4229502678  2.652210E-17
5243.28473210336  2.820879E-17
5244.14651393891  2.865127E-17
5245.00829577447  3.008263E-17
5245.87007761003  3.155952E-17
5246.73185944558  3.246827E-17
5247.59364128114  3.268275E-17
5248.45542311669  3.237415E-17
5249.31720495225  3.236440E-17
5250.17898678781  3.248451E-17
5251.04076862336  3.161927E-17
5251.90255045892  3.164906E-17
5252.76433229447  3.201454E-17
5253.62611413003  3.281948E-17
5254.48789596559  3.204991E-17
5255.34967780114  3.115900E-17
5256.2114596367  3.181284E-17
5257.07324147226  3.357429E-17
5257.93502330781  3.410945E-17
5258.79680514337  3.426213E-17
5259.65858697892  3.446930E-17
5260.52036881448  3.579356E-17
5261.38215065003  3.736165E-17
5262.24393248559  3.807175E-17
5263.10571432115  3.772064E-17
5263.9674961567  3.786960E-17
5264.82927799226  3.839183E-17
5265.69105982781  3.741085E-17
5266.55284166337  3.595026E-17
5267.41462349893  3.466731E-17
5268.27640533448  3.532974E-17
5269.13818717004  3.631151E-17
5269.99996900559  3.528158E-17
