3250.  3.320683E-15
3250.86327576637  3.314679E-15
3251.72655153275  3.332814E-15
3252.58982729912  3.328778E-15
3253.45310306549  3.338923E-15
3254.31637883186  3.347010E-15
3255.17965459824  3.340398E-15
3256.04293036461  3.331193E-15
3256.90620613098  3.354229E-15
3257.76948189735  3.398946E-15
3258.63275766373  3.432284E-15
3259.4960334301  3.456297E-15
3260.35930919647  3.492246E-15
3261.22258496284  3.540524E-15
3262.08586072922  3.563408E-15
3262.94913649559  3.535559E-15
3263.81241226196  3.492566E-15
3264.67568802834  3.480248E-15
3265.53896379471  3.470305E-15
3266.40223956108  3.428874E-15
3267.26551532745  3.379472E-15
3268.12879109383  3.351803E-15
3268.9920668602  3.353649E-15
3269.85534262657  3.354816E-15
3270.71861839294  3.314814E-15
3271.58189415932  3.258690E-15
3272.44516992569  3.213200E-15
3273.30844569206  3.162924E-15
3274.17172145843  3.124098E-15
3275.03499722481  3.105982E-15
3275.89827299118  3.079287E-15
3276.76154875755  3.056642E-15
3277.62482452393  3.056364E-15
3278.4881002903  3.068163E-15
3279.35137605667  3.092939E-15
3280.21465182304  3.107732E-15
3281.07792758942  3.099863E-15
3281.94120335579  3.091065E-15
3282.80447912216  3.095359E-15
3283.66775488853  3.110069E-15
3284.53103065491  3.124929E-15
3285.39430642128  3.142856E-15
3286.25758218765  3.158177E-15
3287.12085795403  3.153234E-15
3287.9841337204  3.163490E-15
3288.84740948677  3.176285E-15
3289.71068525314  3.169323E-15
3290.57396101952  3.150315E-15
3291.43723678589  3.121662E-15
3292.30051255226  3.106162E-15
3293.16378831863  3.113454E-15
3294.02706408501  3.112458E-15
3294.89033985138  3.095966E-15
3295.75361561775  3.080986E-15
3296.61689138412  3.094759E-15
3297.4801671505  3.115586E-15
3298.34344291687  3.101565E-15
3299.20671868324  3.066330E-15
3300.06999444962  3.041689E-15
3300.93327021599  3.042570E-15
3301.79654598236  3.042727E-15
3302.65982174873  3.018141E-15
3303.52309751511  2.985237E-15
3304.38637328148  2.979610E-15
3305.24964904785  2.997536E-15
3306.11292481422  2.992826E-15
3306.9762005806  2.973300E-15
3307.83947634697  2.961441E-15
3308.70275211334  2.951392E-15
3309.56602787972  2.959419E-15
3310.42930364609  2.973841E-15
3311.29257941246  2.980907E-15
3312.15585517883  2.999769E-15
3313.01913094521  3.020701E-15
3313.88240671158  3.035975E-15
3314.74568247795  3.065760E-15
3315.60895824432  3.087356E-15
3316.4722340107  3.104832E-15
3317.33550977707  3.119455E-15
3318.19878554344  3.122384E-15
3319.06206130982  3.108394E-15
3319.92533707619  3.097333E-15
3320.78861284256  3.089251E-15
3321.65188860893  3.078481E-15
3322.5151643753  3.065819E-15
3323.37844014168  3.049827E-15
3324.24171590805  3.048890E-15
3325.10499167442  3.087813E-15
3325.9682674408  3.141036E-15
3326.83154320717  3.166799E-15
3327.69481897354  3.153898E-15
3328.55809473991  3.135498E-15
3329.42137050629  3.138220E-15
3330.28464627266  3.137776E-15
3331.14792203903  3.102446E-15
3332.0111978054  3.042236E-15
3332.87447357178  2.992449E-15
3333.73774933815  2.983103E-15
3334.60102510452  2.992047E-15
3335.4643008709  2.980277E-15
3336.32757663727  2.958600E-15
3337.19085240364  2.965971E-15
3338.05412817001  2.982631E-15
3338.91740393639  3.005288E-15
3339.78067970276  3.030173E-15
3340.64395546913  3.036044E-15
3341.5072312355  3.064921E-15
3342.37050700188  3.120881E-15
3343.23378276825  3.144047E-15
3344.09705853462  3.142910E-15
3344.96033430099  3.144391E-15
3345.82361006737  3.145331E-15
3346.68688583374  3.137044E-15
3347.55016160011  3.097066E-15
3348.41343736649  3.047250E-15
3349.27671313286  3.026198E-15
3350.13998889923  3.033437E-15
3351.0032646656  3.037782E-15
3351.86654043198  3.040307E-15
3352.72981619835  3.049396E-15
3353.59309196472  3.064232E-15
3354.45636773109  3.081351E-15
3355.31964349747  3.091485E-15
3356.18291926384  3.106519E-15
3357.04619503021  3.110057E-15
3357.90947079659  3.102244E-15
3358.77274656296  3.118681E-15
3359.63602232933  3.145471E-15
3360.4992980957  3.156498E-15
3361.36257386208  3.161140E-15
3362.22584962845  3.138624E-15
3363.08912539482  3.125089E-15
3363.95240116119  3.126905E-15
3364.81567692757  3.107185E-15
3365.67895269394  3.081261E-15
3366.54222846031  3.059898E-15
3367.40550422668  3.025316E-15
3368.26877999306  3.017365E-15
3369.13205575943  3.031124E-15
3369.9953315258  3.039546E-15
3370.85860729218  3.047631E-15
3371.72188305855  3.064753E-15
3372.58515882492  3.089796E-15
3373.44843459129  3.111643E-15
3374.31171035767  3.114028E-15
3375.17498612404  3.092222E-15
3376.03826189041  3.077134E-15
3376.90153765679  3.076528E-15
3377.76481342316  3.075524E-15
3378.62808918953  3.061074E-15
3379.4913649559  3.071765E-15
3380.35464072228  3.094169E-15
3381.21791648865  3.098157E-15
3382.08119225502  3.092817E-15
3382.94446802139  3.087606E-15
3383.80774378777  3.077955E-15
3384.67101955414  3.074023E-15
3385.53429532051  3.073159E-15
3386.39757108688  3.076041E-15
3387.26084685326  3.100602E-15
3388.12412261963  3.126594E-15
3388.987398386  3.126205E-15
3389.85067415237  3.121959E-15
3390.71394991875  3.127457E-15
3391.57722568512  3.117767E-15
3392.44050145149  3.105186E-15
3393.30377721787  3.102983E-15
3394.16705298424  3.106477E-15
3395.03032875061  3.128560E-15
3395.89360451698  3.137951E-15
3396.75688028336  3.123155E-15
3397.62015604973  3.116075E-15
3398.4834318161  3.111718E-15
3399.34670758247  3.099450E-15
3400.20998334885  3.083035E-15
3401.07325911522  3.066450E-15
3401.93653488159  3.055771E-15
3402.79981064796  3.053392E-15
3403.66308641434  3.053296E-15
3404.52636218071  3.049178E-15
3405.38963794708  3.041617E-15
3406.25291371346  3.035967E-15
3407.11618947983  3.038503E-15
3407.9794652462  3.056685E-15
3408.84274101257  3.076815E-15
3409.70601677895  3.079417E-15
3410.56929254532  3.081329E-15
3411.43256831169  3.094042E-15
3412.29584407806  3.106357E-15
3413.15911984444  3.094787E-15
3414.02239561081  3.079318E-15
3414.88567137718  3.087064E-15
3415.74894714356  3.100554E-15
3416.61222290993  3.109128E-15
3417.4754986763  3.112559E-15
3418.33877444267  3.106991E-15
3419.20205020905  3.116675E-15
3420.06532597542  3.131405E-15
3420.92860174179  3.132111E-15
3421.79187750816  3.144021E-15
3422.65515327454  3.158960E-15
3423.51842904091  3.168594E-15
3424.38170480728  3.186219E-15
3425.24498057365  3.196755E-15
3426.10825634003  3.201967E-15
3426.9715321064  3.206472E-15
3427.83480787277  3.203205E-15
3428.69808363915  3.201266E-15
3429.56135940552  3.204634E-15
3430.42463517189  3.208032E-15
3431.28791093826  3.195774E-15
3432.15118670464  3.167691E-15
3433.01446247101  3.147760E-15
3433.87773823738  3.131028E-15
3434.74101400375  3.113293E-15
3435.60428977013  3.087568E-15
3436.4675655365  3.064539E-15
3437.33084130287  3.069142E-15
3438.19411706925  3.077990E-15
3439.05739283562  3.071816E-15
3439.92066860199  3.070410E-15
3440.78394436836  3.074766E-15
3441.64722013474  3.089936E-15
3442.51049590111  3.099707E-15
3443.37377166748  3.092628E-15
3444.23704743385  3.099475E-15
3445.10032320023  3.106423E-15
3445.9635989666  3.102598E-15
3446.82687473297  3.089118E-15
3447.69015049934  3.063339E-15
3448.55342626572  3.054377E-15
3449.41670203209  3.043350E-15
3450.27997779846  3.024428E-15
3451.14325356484  3.030622E-15
3452.00652933121  3.041488E-15
3452.86980509758  3.048940E-15
3453.73308086395  3.060864E-15
3454.59635663033  3.063462E-15
3455.4596323967  3.081325E-15
3456.32290816307  3.098296E-15
3457.18618392944  3.093864E-15
3458.04945969582  3.090372E-15
3458.91273546219  3.092004E-15
3459.77601122856  3.103435E-15
3460.63928699493  3.109522E-15
3461.50256276131  3.095593E-15
3462.36583852768  3.087259E-15
3463.22911429405  3.084356E-15
3464.09239006042  3.075844E-15
3464.9556658268  3.073592E-15
3465.81894159317  3.068150E-15
3466.68221735954  3.055668E-15
3467.54549312592  3.059922E-15
3468.40876889229  3.055562E-15
3469.27204465866  3.033576E-15
3470.13532042503  3.026812E-15
3470.99859619141  3.027955E-15
3471.86187195778  3.011188E-15
3472.72514772415  2.988265E-15
3473.58842349052  2.975876E-15
3474.4516992569  2.989766E-15
3475.31497502327  3.026714E-15
3476.17825078964  3.055653E-15
3477.04152655602  3.054450E-15
3477.90480232239  3.055740E-15
3478.76807808876  3.071560E-15
3479.63135385513  3.073454E-15
3480.49462962151  3.047304E-15
3481.35790538788  3.018098E-15
3482.22118115425  2.987729E-15
3483.08445692062  2.980428E-15
3483.947732687  2.982434E-15
3484.81100845337  2.978089E-15
3485.67428421974  2.981771E-15
3486.53755998611  3.005094E-15
3487.40083575249  3.008924E-15
3488.26411151886  3.001950E-15
3489.12738728523  3.001460E-15
3489.99066305161  3.003676E-15
3490.85393881798  2.990593E-15
3491.71721458435  2.969040E-15
3492.58049035072  2.956100E-15
3493.4437661171  2.951694E-15
3494.30704188347  2.953931E-15
3495.17031764984  2.950624E-15
3496.03359341621  2.939101E-15
3496.89686918259  2.933097E-15
3497.76014494896  2.936415E-15
3498.62342071533  2.939747E-15
3499.48669648171  2.943696E-15
3500.34997224808  2.945831E-15
3501.21324801445  2.938478E-15
3502.07652378082  2.927125E-15
3502.9397995472  2.929759E-15
3503.80307531357  2.927497E-15
3504.66635107994  2.904935E-15
3505.52962684631  2.886047E-15
3506.39290261269  2.874247E-15
3507.25617837906  2.877407E-15
3508.11945414543  2.893934E-15
3508.9827299118  2.904750E-15
3509.84600567818  2.915858E-15
3510.70928144455  2.927537E-15
3511.57255721092  2.919381E-15
3512.4358329773  2.892951E-15
3513.29910874367  2.870481E-15
3514.16238451004  2.866540E-15
3515.02566027641  2.853948E-15
3515.88893604279  2.835425E-15
3516.75221180916  2.825724E-15
3517.61548757553  2.834675E-15
3518.4787633419  2.860852E-15
3519.34203910828  2.866763E-15
3520.20531487465  2.837119E-15
3521.06859064102  2.824998E-15
3521.93186640739  2.828712E-15
3522.79514217377  2.823572E-15
3523.65841794014  2.811466E-15
3524.52169370651  2.807563E-15
3525.38496947289  2.818631E-15
3526.24824523926  2.849836E-15
3527.11152100563  2.886437E-15
3527.974796772  2.887076E-15
3528.83807253838  2.869342E-15
3529.70134830475  2.871054E-15
3530.56462407112  2.861904E-15
3531.42789983749  2.847549E-15
3532.29117560387  2.839321E-15
3533.15445137024  2.819820E-15
3534.01772713661  2.815668E-15
3534.88100290298  2.825431E-15
3535.74427866936  2.828025E-15
3536.60755443573  2.836617E-15
3537.4708302021  2.846635E-15
3538.33410596848  2.846813E-15
3539.19738173485  2.847391E-15
3540.06065750122  2.860361E-15
3540.92393326759  2.874776E-15
3541.78720903397  2.875190E-15
3542.65048480034  2.867714E-15
3543.51376056671  2.848079E-15
3544.37703633308  2.820650E-15
3545.24031209946  2.795873E-15
3546.10358786583  2.771411E-15
3546.9668636322  2.757665E-15
3547.83013939858  2.753374E-15
3548.69341516495  2.747010E-15
3549.55669093132  2.751379E-15
3550.41996669769  2.761278E-15
3551.28324246407  2.775402E-15
3552.14651823044  2.790153E-15
3553.00979399681  2.792176E-15
3553.87306976318  2.803181E-15
3554.73634552956  2.829839E-15
3555.59962129593  2.844833E-15
3556.4628970623  2.839895E-15
3557.32617282868  2.841390E-15
3558.18944859505  2.849820E-15
3559.05272436142  2.864109E-15
3559.91600012779  2.861663E-15
3560.77927589417  2.834666E-15
3561.64255166054  2.816126E-15
3562.50582742691  2.829850E-15
3563.36910319328  2.838246E-15
3564.23237895966  2.838707E-15
3565.09565472603  2.837349E-15
3565.9589304924  2.831614E-15
3566.82220625877  2.836740E-15
3567.68548202515  2.849891E-15
3568.54875779152  2.850449E-15
3569.41203355789  2.838038E-15
3570.27530932427  2.821070E-15
3571.13858509064  2.801827E-15
3572.00186085701  2.796038E-15
3572.86513662338  2.792239E-15
3573.72841238976  2.774898E-15
3574.59168815613  2.757542E-15
3575.4549639225  2.748206E-15
3576.31823968887  2.740651E-15
3577.18151545525  2.742626E-15
3578.04479122162  2.745414E-15
3578.90806698799  2.753730E-15
3579.77134275436  2.767497E-15
3580.63461852074  2.770105E-15
3581.49789428711  2.764595E-15
3582.36117005348  2.753858E-15
3583.22444581986  2.740997E-15
3584.08772158623  2.731567E-15
3584.9509973526  2.712232E-15
3585.81427311897  2.679142E-15
3586.67754888535  2.651936E-15
3587.54082465172  2.634084E-15
3588.40410041809  2.629871E-15
3589.26737618447  2.639921E-15
3590.13065195084  2.641717E-15
3590.99392771721  2.636082E-15
3591.85720348358  2.654756E-15
3592.72047924996  2.694547E-15
3593.58375501633  2.722986E-15
3594.4470307827  2.733441E-15
3595.31030654907  2.720170E-15
3596.17358231545  2.705869E-15
3597.03685808182  2.708848E-15
3597.90013384819  2.702240E-15
3598.76340961456  2.686469E-15
3599.62668538094  2.682171E-15
3600.48996114731  2.684173E-15
3601.35323691368  2.695028E-15
3602.21651268005  2.700704E-15
3603.07978844643  2.702953E-15
3603.9430642128  2.722638E-15
3604.80633997917  2.740549E-15
3605.66961574554  2.745495E-15
3606.53289151192  2.741952E-15
3607.39616727829  2.742485E-15
3608.25944304466  2.762558E-15
3609.12271881104  2.773225E-15
3609.98599457741  2.758553E-15
3610.84927034378  2.747988E-15
3611.71254611015  2.750395E-15
3612.57582187653  2.762691E-15
3613.4390976429  2.770971E-15
3614.30237340927  2.766026E-15
3615.16564917565  2.767877E-15
3616.02892494202  2.775136E-15
3616.89220070839  2.772682E-15
3617.75547647476  2.777539E-15
3618.61875224114  2.785071E-15
3619.48202800751  2.775372E-15
3620.34530377388  2.763319E-15
3621.20857954025  2.754446E-15
3622.07185530663  2.744532E-15
3622.935131073  2.732844E-15
3623.79840683937  2.713798E-15
3624.66168260574  2.695616E-15
3625.52495837212  2.693306E-15
3626.38823413849  2.708159E-15
3627.25150990486  2.739277E-15
3628.11478567124  2.773096E-15
3628.97806143761  2.808870E-15
3629.84133720398  2.836281E-15
3630.70461297035  2.826799E-15
3631.56788873673  2.804995E-15
3632.4311645031  2.793340E-15
3633.29444026947  2.769263E-15
3634.15771603584  2.747570E-15
3635.02099180222  2.729724E-15
3635.88426756859  2.716282E-15
3636.74754333496  2.747665E-15
3637.61081910133  2.792201E-15
3638.47409486771  2.812489E-15
3639.33737063408  2.831421E-15
3640.20064640045  2.839405E-15
3641.06392216683  2.842018E-15
3641.9271979332  2.851621E-15
3642.79047369957  2.844505E-15
3643.65374946594  2.830474E-15
3644.51702523232  2.833302E-15
3645.38030099869  2.835284E-15
3646.24357676506  2.846975E-15
3647.10685253143  2.854850E-15
3647.97012829781  2.843932E-15
3648.83340406418  2.838180E-15
3649.69667983055  2.844857E-15
3650.55995559692  2.844234E-15
3651.4232313633  2.838191E-15
3652.28650712967  2.833414E-15
3653.14978289604  2.838038E-15
3654.01305866242  2.846924E-15
3654.87633442879  2.856521E-15
3655.73961019516  2.868156E-15
3656.60288596153  2.872513E-15
3657.46616172791  2.865178E-15
3658.32943749428  2.857112E-15
3659.19271326065  2.856879E-15
3660.05598902702  2.875129E-15
3660.9192647934  2.893734E-15
3661.78254055977  2.892225E-15
3662.64581632614  2.883161E-15
3663.50909209252  2.896082E-15
3664.37236785889  2.914460E-15
3665.23564362526  2.921881E-15
3666.09891939163  2.922311E-15
3666.96219515801  2.910733E-15
3667.82547092438  2.909117E-15
3668.68874669075  2.923129E-15
3669.55202245712  2.919410E-15
3670.4152982235  2.905251E-15
3671.27857398987  2.896182E-15
3672.14184975624  2.888635E-15
3673.00512552261  2.891749E-15
3673.86840128899  2.903404E-15
3674.73167705536  2.910644E-15
3675.59495282173  2.925306E-15
3676.4582285881  2.940909E-15
3677.32150435448  2.946793E-15
3678.18478012085  2.943713E-15
3679.04805588722  2.937825E-15
3679.9113316536  2.921793E-15
3680.77460741997  2.902955E-15
3681.63788318634  2.894569E-15
3682.50115895271  2.888037E-15
3683.36443471909  2.885657E-15
3684.22771048546  2.894005E-15
3685.09098625183  2.908194E-15
3685.9542620182  2.912033E-15
3686.81753778458  2.909203E-15
3687.68081355095  2.907431E-15
3688.54408931732  2.915116E-15
3689.4073650837  2.921377E-15
3690.27064085007  2.922430E-15
3691.13391661644  2.912928E-15
3691.99719238281  2.906648E-15
3692.86046814919  2.917245E-15
3693.72374391556  2.927110E-15
3694.58701968193  2.926461E-15
3695.4502954483  2.927068E-15
3696.31357121468  2.929088E-15
3697.17684698105  2.937337E-15
3698.04012274742  2.944249E-15
3698.90339851379  2.942235E-15
3699.76667428017  2.934523E-15
3700.62995004654  2.931925E-15
3701.49322581291  2.930647E-15
3702.35650157929  2.922179E-15
3703.21977734566  2.906399E-15
3704.08305311203  2.903734E-15
3704.9463288784  2.906569E-15
3705.80960464478  2.910749E-15
3706.67288041115  2.898433E-15
3707.53615617752  2.879302E-15
3708.39943194389  2.875948E-15
3709.26270771027  2.877570E-15
3710.12598347664  2.864143E-15
3710.98925924301  2.842915E-15
3711.85253500939  2.822643E-15
3712.71581077576  2.811361E-15
3713.57908654213  2.808703E-15
3714.4423623085  2.803722E-15
3715.30563807488  2.808517E-15
3716.16891384125  2.818388E-15
3717.03218960762  2.821039E-15
3717.89546537399  2.809092E-15
3718.75874114037  2.796065E-15
3719.62201690674  2.789389E-15
3720.48529267311  2.774516E-15
3721.34856843949  2.750101E-15
3722.21184420586  2.726563E-15
3723.07511997223  2.706002E-15
3723.9383957386  2.697121E-15
3724.80167150498  2.702831E-15
3725.66494727135  2.700406E-15
3726.52822303772  2.704468E-15
3727.39149880409  2.705817E-15
3728.25477457047  2.710363E-15
3729.11805033684  2.723602E-15
3729.98132610321  2.729430E-15
3730.84460186958  2.723477E-15
3731.70787763596  2.720648E-15
3732.57115340233  2.705271E-15
3733.4344291687  2.695130E-15
3734.29770493507  2.684108E-15
3735.16098070145  2.665911E-15
3736.02425646782  2.656367E-15
3736.88753223419  2.652761E-15
3737.75080800057  2.648202E-15
3738.61408376694  2.653403E-15
3739.47735953331  2.664737E-15
3740.34063529968  2.674826E-15
3741.20391106606  2.679763E-15
3742.06718683243  2.680911E-15
3742.9304625988  2.677129E-15
3743.79373836517  2.661840E-15
3744.65701413155  2.623948E-15
3745.52028989792  2.579527E-15
3746.38356566429  2.561357E-15
3747.24684143066  2.568258E-15
3748.11011719704  2.581603E-15
3748.97339296341  2.598108E-15
3749.83666872978  2.613028E-15
3750.69994449616  2.641094E-15
3751.56322026253  2.676834E-15
3752.4264960289  2.693356E-15
3753.28977179527  2.690428E-15
3754.15304756165  2.683710E-15
3755.01632332802  2.678718E-15
3755.87959909439  2.687258E-15
3756.74287486076  2.694435E-15
3757.60615062714  2.694200E-15
3758.46942639351  2.693248E-15
3759.33270215988  2.694434E-15
3760.19597792625  2.707357E-15
3761.05925369263  2.722713E-15
3761.922529459  2.719701E-15
3762.78580522537  2.713782E-15
3763.64908099175  2.717250E-15
3764.51235675812  2.733081E-15
3765.37563252449  2.744923E-15
3766.23890829086  2.736535E-15
3767.10218405724  2.724182E-15
3767.96545982361  2.728607E-15
3768.82873558998  2.748698E-15
3769.69201135635  2.759299E-15
3770.55528712273  2.758555E-15
3771.4185628891  2.759518E-15
3772.28183865547  2.757700E-15
3773.14511442185  2.761141E-15
3774.00839018822  2.768139E-15
3774.87166595459  2.767653E-15
3775.73494172096  2.769003E-15
3776.59821748734  2.770425E-15
3777.46149325371  2.773399E-15
3778.32476902008  2.776688E-15
3779.18804478645  2.766307E-15
3780.05132055283  2.765266E-15
3780.9145963192  2.771826E-15
3781.77787208557  2.773243E-15
3782.64114785195  2.771728E-15
3783.50442361832  2.772799E-15
3784.36769938469  2.774875E-15
3785.23097515106  2.783824E-15
3786.09425091744  2.781548E-15
3786.95752668381  2.771683E-15
3787.82080245018  2.768002E-15
3788.68407821655  2.772172E-15
3789.54735398293  2.775200E-15
3790.4106297493  2.783184E-15
3791.27390551567  2.787105E-15
3792.13718128204  2.781077E-15
3793.00045704842  2.781094E-15
3793.86373281479  2.783396E-15
3794.72700858116  2.778444E-15
3795.59028434754  2.770660E-15
3796.45356011391  2.763413E-15
3797.31683588028  2.756118E-15
3798.18011164665  2.755179E-15
3799.04338741303  2.756261E-15
3799.9066631794  2.752673E-15
3800.76993894577  2.751408E-15
3801.63321471214  2.756892E-15
3802.49649047852  2.755518E-15
3803.35976624489  2.756586E-15
3804.22304201126  2.768858E-15
3805.08631777763  2.777481E-15
3805.94959354401  2.774083E-15
3806.81286931038  2.759418E-15
3807.67614507675  2.745772E-15
3808.53942084313  2.741496E-15
3809.4026966095  2.733129E-15
3810.26597237587  2.717944E-15
3811.12924814224  2.693807E-15
3811.99252390862  2.674332E-15
3812.85579967499  2.666448E-15
3813.71907544136  2.651762E-15
3814.58235120773  2.635506E-15
3815.44562697411  2.622702E-15
3816.30890274048  2.609652E-15
3817.17217850685  2.612419E-15
3818.03545427323  2.620984E-15
3818.8987300396  2.620044E-15
3819.76200580597  2.626795E-15
3820.62528157234  2.642775E-15
3821.48855733872  2.653536E-15
3822.35183310509  2.651538E-15
3823.21510887146  2.636422E-15
3824.07838463783  2.629397E-15
3824.94166040421  2.633400E-15
3825.80493617058  2.625383E-15
3826.66821193695  2.597982E-15
3827.53148770332  2.571436E-15
3828.3947634697  2.561851E-15
3829.25803923607  2.566249E-15
3830.12131500244  2.566321E-15
3830.98459076882  2.564006E-15
3831.84786653519  2.566511E-15
3832.71114230156  2.579880E-15
3833.57441806793  2.599579E-15
3834.43769383431  2.611522E-15
3835.30096960068  2.607791E-15
3836.16424536705  2.596672E-15
3837.02752113342  2.580943E-15
3837.8907968998  2.573548E-15
3838.75407266617  2.578009E-15
3839.61734843254  2.583081E-15
3840.48062419892  2.581853E-15
3841.34389996529  2.581221E-15
3842.20717573166  2.585538E-15
3843.07045149803  2.593937E-15
3843.93372726441  2.593940E-15
3844.79700303078  2.583319E-15
3845.66027879715  2.570201E-15
3846.52355456352  2.555270E-15
3847.3868303299  2.546870E-15
3848.25010609627  2.542760E-15
3849.11338186264  2.537421E-15
3849.97665762901  2.533751E-15
3850.83993339539  2.530852E-15
3851.70320916176  2.533327E-15
3852.56648492813  2.543146E-15
3853.42976069451  2.541764E-15
3854.29303646088  2.533297E-15
3855.15631222725  2.529501E-15
3856.01958799362  2.525871E-15
3856.88286376  2.522425E-15
3857.74613952637  2.510921E-15
3858.60941529274  2.502718E-15
3859.47269105911  2.512108E-15
3860.33596682549  2.520707E-15
3861.19924259186  2.518732E-15
3862.06251835823  2.515142E-15
3862.9257941246  2.512808E-15
3863.78906989098  2.516959E-15
3864.65234565735  2.524280E-15
3865.51562142372  2.523338E-15
3866.3788971901  2.522360E-15
3867.24217295647  2.529750E-15
3868.10544872284  2.538556E-15
3868.96872448921  2.548034E-15
3869.83200025559  2.552618E-15
3870.69527602196  2.544153E-15
3871.55855178833  2.536451E-15
3872.4218275547  2.528271E-15
3873.28510332108  2.521364E-15
3874.14837908745  2.518598E-15
3875.01165485382  2.510453E-15
3875.87493062019  2.506281E-15
3876.73820638657  2.506531E-15
3877.60148215294  2.506461E-15
3878.46475791931  2.514812E-15
3879.32803368569  2.517713E-15
3880.19130945206  2.513890E-15
3881.05458521843  2.514297E-15
3881.9178609848  2.520646E-15
3882.78113675118  2.535379E-15
3883.64441251755  2.549660E-15
3884.50768828392  2.561934E-15
3885.37096405029  2.574498E-15
3886.23423981667  2.591515E-15
3887.09751558304  2.604447E-15
3887.96079134941  2.597596E-15
3888.82406711578  2.582367E-15
3889.68734288216  2.578279E-15
3890.55061864853  2.576068E-15
3891.4138944149  2.566348E-15
3892.27717018128  2.551609E-15
3893.14044594765  2.549731E-15
3894.00372171402  2.564195E-15
3894.86699748039  2.575497E-15
3895.73027324677  2.570780E-15
3896.59354901314  2.563933E-15
3897.45682477951  2.564890E-15
3898.32010054588  2.565757E-15
3899.18337631226  2.558330E-15
3900.04665207863  2.544355E-15
3900.909927845  2.531566E-15
3901.77320361138  2.522546E-15
3902.63647937775  2.514010E-15
3903.49975514412  2.508723E-15
3904.36303091049  2.511600E-15
3905.22630667687  2.512888E-15
3906.08958244324  2.509544E-15
3906.95285820961  2.507809E-15
3907.81613397598  2.514332E-15
3908.67940974236  2.522587E-15
3909.54268550873  2.531321E-15
3910.4059612751  2.537810E-15
3911.26923704147  2.541244E-15
3912.13251280785  2.549602E-15
3912.99578857422  2.563924E-15
3913.85906434059  2.572965E-15
3914.72234010697  2.572776E-15
3915.58561587334  2.574811E-15
3916.44889163971  2.574699E-15
3917.31216740608  2.575743E-15
3918.17544317246  2.577394E-15
3919.03871893883  2.583280E-15
3919.9019947052  2.586689E-15
3920.76527047157  2.587956E-15
3921.62854623795  2.586864E-15
3922.49182200432  2.592151E-15
3923.35509777069  2.595205E-15
3924.21837353706  2.597472E-15
3925.08164930344  2.593690E-15
3925.94492506981  2.595402E-15
3926.80820083618  2.603298E-15
3927.67147660256  2.606400E-15
3928.53475236893  2.601555E-15
3929.3980281353  2.583475E-15
3930.26130390167  2.554983E-15
3931.12457966805  2.524485E-15
3931.98785543442  2.500014E-15
3932.85113120079  2.496528E-15
3933.71440696716  2.503874E-15
3934.57768273354  2.507853E-15
3935.44095849991  2.517523E-15
3936.30423426628  2.536495E-15
3937.16751003266  2.553301E-15
3938.03078579903  2.558437E-15
3938.8940615654  2.541190E-15
3939.75733733177  2.516579E-15
3940.62061309815  2.504016E-15
3941.48388886452  2.497709E-15
3942.34716463089  2.492739E-15
3943.21044039726  2.491892E-15
3944.07371616364  2.485580E-15
3944.93699193001  2.478120E-15
3945.80026769638  2.478569E-15
3946.66354346276  2.480028E-15
3947.52681922913  2.478419E-15
3948.3900949955  2.476447E-15
3949.25337076187  2.472192E-15
3950.11664652825  2.466384E-15
3950.97992229462  2.462322E-15
3951.84319806099  2.451460E-15
3952.70647382736  2.427160E-15
3953.56974959374  2.409564E-15
3954.43302536011  2.400891E-15
3955.29630112648  2.402986E-15
3956.15957689285  2.406019E-15
3957.02285265923  2.400738E-15
3957.8861284256  2.393020E-15
3958.74940419197  2.393177E-15
3959.61267995835  2.395425E-15
3960.47595572472  2.393014E-15
3961.33923149109  2.388943E-15
3962.20250725746  2.386386E-15
3963.06578302384  2.381798E-15
3963.92905879021  2.373354E-15
3964.79233455658  2.361132E-15
3965.65561032295  2.349245E-15
3966.51888608933  2.335185E-15
3967.3821618557  2.315736E-15
3968.24543762207  2.307814E-15
3969.10871338844  2.317280E-15
3969.97198915482  2.329148E-15
3970.83526492119  2.339562E-15
3971.69854068756  2.349866E-15
3972.56181645394  2.358042E-15
3973.42509222031  2.357666E-15
3974.28836798668  2.349187E-15
3975.15164375305  2.338200E-15
3976.01491951943  2.338076E-15
3976.8781952858  2.344150E-15
3977.74147105217  2.346319E-15
3978.60474681854  2.345036E-15
3979.46802258492  2.344921E-15
3980.33129835129  2.339042E-15
3981.19457411766  2.325832E-15
3982.05784988403  2.306628E-15
3982.92112565041  2.284877E-15
3983.78440141678  2.272732E-15
3984.64767718315  2.266816E-15
3985.51095294953  2.259672E-15
3986.3742287159  2.256716E-15
3987.23750448227  2.261949E-15
3988.10078024864  2.268821E-15
3988.96405601502  2.267308E-15
3989.82733178139  2.251440E-15
3990.69060754776  2.237149E-15
3991.55388331414  2.228999E-15
3992.41715908051  2.216531E-15
3993.28043484688  2.202954E-15
3994.14371061325  2.195208E-15
3995.00698637963  2.193911E-15
3995.870262146  2.194785E-15
3996.73353791237  2.186770E-15
3997.59681367874  2.176577E-15
3998.46008944512  2.174919E-15
3999.32336521149  2.175050E-15
4000.18664097786  2.169752E-15
4001.04991674423  2.169039E-15
4001.91319251061  2.170082E-15
4002.77646827698  2.175133E-15
4003.63974404335  2.180460E-15
4004.50301980973  2.187660E-15
4005.3662955761  2.189626E-15
4006.22957134247  2.190176E-15
4007.09284710884  2.190471E-15
4007.95612287522  2.190108E-15
4008.81939864159  2.194419E-15
4009.68267440796  2.199298E-15
4010.54595017433  2.204120E-15
4011.40922594071  2.214769E-15
4012.27250170708  2.222352E-15
4013.13577747345  2.221156E-15
4013.99905323982  2.218367E-15
4014.8623290062  2.215400E-15
4015.72560477257  2.216965E-15
4016.58888053894  2.211837E-15
4017.45215630532  2.203557E-15
4018.31543207169  2.199028E-15
4019.17870783806  2.196792E-15
4020.04198360443  2.199838E-15
4020.90525937081  2.207972E-15
4021.76853513718  2.209148E-15
4022.63181090355  2.206507E-15
4023.49508666992  2.200356E-15
4024.3583624363  2.195933E-15
4025.22163820267  2.197952E-15
4026.08491396904  2.200217E-15
4026.94818973541  2.192020E-15
4027.81146550179  2.187793E-15
4028.67474126816  2.196177E-15
4029.53801703453  2.211286E-15
4030.40129280091  2.212090E-15
4031.26456856728  2.200907E-15
4032.12784433365  2.193515E-15
4032.99112010002  2.187176E-15
4033.85439586639  2.183273E-15
4034.71767163277  2.181641E-15
4035.58094739914  2.171718E-15
4036.44422316551  2.167806E-15
4037.30749893189  2.171975E-15
4038.17077469826  2.173018E-15
4039.03405046463  2.179996E-15
4039.897326231  2.185507E-15
4040.76060199738  2.182381E-15
4041.62387776375  2.181286E-15
4042.48715353012  2.184864E-15
4043.3504292965  2.194797E-15
4044.21370506287  2.199446E-15
4045.07698082924  2.198651E-15
4045.94025659561  2.196960E-15
4046.80353236199  2.195748E-15
4047.66680812836  2.199255E-15
4048.53008389473  2.202960E-15
4049.39335966111  2.195033E-15
4050.25663542748  2.196354E-15
4051.11991119385  2.205670E-15
4051.98318696022  2.206816E-15
4052.84646272659  2.203302E-15
4053.70973849297  2.204655E-15
4054.57301425934  2.201066E-15
4055.43629002571  2.199667E-15
4056.29956579209  2.198353E-15
4057.16284155846  2.199126E-15
4058.02611732483  2.204305E-15
4058.8893930912  2.208587E-15
4059.75266885758  2.204180E-15
4060.61594462395  2.211952E-15
4061.47922039032  2.220861E-15
4062.34249615669  2.216274E-15
4063.20577192307  2.202383E-15
4064.06904768944  2.197808E-15
4064.93232345581  2.200532E-15
4065.79559922218  2.205131E-15
4066.65887498856  2.206602E-15
4067.52215075493  2.214293E-15
4068.3854265213  2.231438E-15
4069.24870228768  2.248430E-15
4070.11197805405  2.259045E-15
4070.97525382042  2.264889E-15
4071.83852958679  2.265026E-15
4072.70180535317  2.268534E-15
4073.56508111954  2.269340E-15
4074.42835688591  2.257251E-15
4075.29163265229  2.236936E-15
4076.15490841866  2.228708E-15
4077.01818418503  2.232831E-15
4077.8814599514  2.234856E-15
4078.74473571778  2.223785E-15
4079.60801148415  2.216383E-15
4080.47128725052  2.222264E-15
4081.33456301689  2.226634E-15
4082.19783878327  2.220770E-15
4083.06111454964  2.213635E-15
4083.92439031601  2.212708E-15
4084.78766608238  2.212470E-15
4085.65094184876  2.210584E-15
4086.51421761513  2.208077E-15
4087.3774933815  2.211152E-15
4088.24076914788  2.206128E-15
4089.10404491425  2.200041E-15
4089.96732068062  2.191653E-15
4090.83059644699  2.182568E-15
4091.69387221337  2.174034E-15
4092.55714797974  2.159515E-15
4093.42042374611  2.156534E-15
4094.28369951248  2.162052E-15
4095.14697527886  2.157563E-15
4096.01025104523  2.158501E-15
4096.8735268116  2.167816E-15
4097.73680257797  2.174879E-15
4098.60007834435  2.189980E-15
4099.46335411072  2.198595E-15
4100.32662987709  2.202712E-15
4101.18990564346  2.212748E-15
4102.05318140984  2.226029E-15
4102.91645717621  2.231167E-15
4103.77973294258  2.230356E-15
4104.64300870896  2.228068E-15
4105.50628447533  2.224544E-15
4106.3695602417  2.229030E-15
4107.23283600807  2.234585E-15
4108.09611177445  2.242556E-15
4108.95938754082  2.257771E-15
4109.82266330719  2.263617E-15
4110.68593907356  2.260553E-15
4111.54921483994  2.263775E-15
4112.41249060631  2.266954E-15
4113.27576637268  2.273547E-15
4114.13904213906  2.272214E-15
4115.00231790543  2.265999E-15
4115.8655936718  2.271104E-15
4116.72886943817  2.278139E-15
4117.59214520455  2.275810E-15
4118.45542097092  2.277083E-15
4119.31869673729  2.286918E-15
4120.18197250366  2.302409E-15
4121.04524827004  2.342909E-15
4121.90852403641  2.432513E-15
4122.77179980278  2.585723E-15
4123.63507556915  2.805664E-15
4124.49835133553  3.034544E-15
4125.3616271019  3.256487E-15
4126.22490286827  3.507253E-15
4127.08817863465  3.727103E-15
4127.95145440102  3.810977E-15
4128.81473016739  3.732482E-15
4129.67800593376  3.534028E-15
4130.54128170014  3.303463E-15
4131.40455746651  3.068862E-15
4132.26783323288  2.796300E-15
4133.13110899925  2.535525E-15
4133.99438476563  2.360242E-15
4134.857660532  2.289405E-15
4135.72093629837  2.275979E-15
4136.58421206475  2.276577E-15
4137.44748783112  2.266669E-15
4138.31076359749  2.257814E-15
4139.17403936386  2.247186E-15
4140.03731513024  2.242122E-15
4140.90059089661  2.236552E-15
4141.76386666298  2.231480E-15
4142.62714242935  2.231762E-15
4143.49041819573  2.240343E-15
4144.3536939621  2.241989E-15
4145.21696972847  2.235457E-15
4146.08024549484  2.226362E-15
4146.94352126122  2.221391E-15
4147.80679702759  2.214497E-15
4148.67007279396  2.204971E-15
4149.53334856034  2.208310E-15
4150.39662432671  2.223200E-15
4151.25990009308  2.235420E-15
4152.12317585945  2.237096E-15
4152.98645162583  2.232119E-15
4153.8497273922  2.234286E-15
4154.71300315857  2.237864E-15
4155.57627892494  2.225846E-15
4156.43955469132  2.205386E-15
4157.30283045769  2.194245E-15
4158.16610622406  2.187940E-15
4159.02938199043  2.180446E-15
4159.89265775681  2.167447E-15
4160.75593352318  2.151013E-15
4161.61920928955  2.133216E-15
4162.48248505593  2.123594E-15
4163.3457608223  2.115277E-15
4164.20903658867  2.111726E-15
4165.07231235504  2.111396E-15
4165.93558812142  2.116628E-15
4166.79886388779  2.122927E-15
4167.66213965416  2.132347E-15
4168.52541542053  2.130421E-15
4169.38869118691  2.116480E-15
4170.25196695328  2.104267E-15
4171.11524271965  2.096161E-15
4171.97851848602  2.085425E-15
4172.8417942524  2.081219E-15
4173.70507001877  2.076735E-15
4174.56834578514  2.074001E-15
4175.43162155152  2.070881E-15
4176.29489731789  2.067885E-15
4177.15817308426  2.061898E-15
4178.02144885063  2.052691E-15
4178.88472461701  2.044007E-15
4179.74800038338  2.039130E-15
4180.61127614975  2.037929E-15
4181.47455191612  2.043408E-15
4182.3378276825  2.046174E-15
4183.20110344887  2.053394E-15
4184.06437921524  2.060408E-15
4184.92765498162  2.052815E-15
4185.79093074799  2.040300E-15
4186.65420651436  2.032323E-15
4187.51748228073  2.028346E-15
4188.38075804711  2.025276E-15
4189.24403381348  2.016939E-15
4190.10730957985  2.012239E-15
4190.97058534622  2.017282E-15
4191.8338611126  2.020708E-15
4192.69713687897  2.021447E-15
4193.56041264534  2.020166E-15
4194.42368841172  2.011481E-15
4195.28696417809  2.005340E-15
4196.15023994446  2.009267E-15
4197.01351571083  2.015119E-15
4197.8767914772  2.016974E-15
4198.74006724358  2.013544E-15
4199.60334300995  2.008797E-15
4200.46661877632  2.011979E-15
4201.3298945427  2.020453E-15
4202.19317030907  2.022395E-15
4203.05644607544  2.026423E-15
4203.91972184181  2.040697E-15
4204.78299760819  2.048354E-15
4205.64627337456  2.053456E-15
4206.50954914093  2.057377E-15
4207.3728249073  2.052717E-15
4208.23610067368  2.043251E-15
4209.09937644005  2.024782E-15
4209.96265220642  2.002454E-15
4210.8259279728  1.993481E-15
4211.68920373917  1.988706E-15
4212.55247950554  1.983849E-15
4213.41575527191  1.979030E-15
4214.27903103829  1.969196E-15
4215.14230680466  1.962363E-15
4216.00558257103  1.960436E-15
4216.8688583374  1.955982E-15
4217.73213410378  1.948086E-15
4218.59540987015  1.938028E-15
4219.45868563652  1.928836E-15
4220.3219614029  1.924304E-15
4221.18523716927  1.925495E-15
4222.04851293564  1.925814E-15
4222.91178870201  1.922134E-15
4223.77506446839  1.913631E-15
4224.63834023476  1.908222E-15
4225.50161600113  1.904133E-15
4226.3648917675  1.912261E-15
4227.22816753388  1.919384E-15
4228.09144330025  1.921189E-15
4228.95471906662  1.922448E-15
4229.81799483299  1.930469E-15
4230.68127059937  1.934275E-15
4231.54454636574  1.931731E-15
4232.40782213211  1.925837E-15
4233.27109789848  1.918770E-15
4234.13437366486  1.914562E-15
4234.99764943123  1.913381E-15
4235.8609251976  1.904703E-15
4236.72420096398  1.901480E-15
4237.58747673035  1.905731E-15
4238.45075249672  1.899210E-15
4239.31402826309  1.892292E-15
4240.17730402947  1.888259E-15
4241.04057979584  1.887214E-15
4241.90385556221  1.897598E-15
4242.76713132858  1.917049E-15
4243.63040709496  1.943021E-15
4244.49368286133  1.974770E-15
4245.3569586277  1.998999E-15
4246.22023439407  2.009841E-15
4247.08351016045  2.010018E-15
4247.94678592682  2.007671E-15
4248.81006169319  1.998612E-15
4249.67333745957  1.981102E-15
4250.53661322594  1.963815E-15
4251.39988899231  1.945677E-15
4252.26316475868  1.934167E-15
4253.12644052506  1.937194E-15
4253.98971629143  1.935295E-15
4254.8529920578  1.928797E-15
4255.71626782418  1.922345E-15
4256.57954359055  1.912638E-15
4257.44281935692  1.910472E-15
4258.30609512329  1.911399E-15
4259.16937088967  1.920324E-15
4260.03264665604  1.946111E-15
4260.89592242241  1.973363E-15
4261.75919818878  1.994840E-15
4262.62247395516  2.007848E-15
4263.48574972153  2.013013E-15
4264.3490254879  2.025702E-15
4265.21230125428  2.028600E-15
4266.07557702065  2.014551E-15
4266.93885278702  2.007073E-15
4267.80212855339  2.007115E-15
4268.66540431977  2.009278E-15
4269.52868008614  2.020613E-15
4270.39195585251  2.025920E-15
4271.25523161888  2.024606E-15
4272.11850738526  2.031393E-15
4272.98178315163  2.032380E-15
4273.845058918  2.029554E-15
4274.70833468437  2.032083E-15
4275.57161045075  2.031563E-15
4276.43488621712  2.031296E-15
4277.29816198349  2.034984E-15
4278.16143774986  2.039049E-15
4279.02471351624  2.063940E-15
4279.88798928261  2.133324E-15
4280.75126504898  2.251819E-15
4281.61454081536  2.404734E-15
4282.47781658173  2.533267E-15
4283.3410923481  2.603940E-15
4284.20436811447  2.634340E-15
4285.06764388085  2.618327E-15
4285.93091964722  2.545329E-15
4286.79419541359  2.430113E-15
4287.65747117996  2.280129E-15
4288.52074694634  2.146617E-15
4289.38402271271  2.074225E-15
4290.24729847908  2.040894E-15
4291.11057424545  2.037846E-15
4291.97385001183  2.050155E-15
4292.8371257782  2.053720E-15
4293.70040154457  2.059892E-15
4294.56367731095  2.069224E-15
4295.42695307732  2.070021E-15
4296.29022884369  2.072415E-15
4297.15350461006  2.076850E-15
4298.01678037644  2.075784E-15
4298.88005614281  2.076454E-15
4299.74333190918  2.072737E-15
4300.60660767555  2.067624E-15
4301.46988344193  2.074345E-15
4302.3331592083  2.107666E-15
4303.19643497467  2.165267E-15
4304.05971074104  2.226120E-15
4304.92298650742  2.271738E-15
4305.78626227379  2.296492E-15
4306.64953804016  2.310029E-15
4307.51281380653  2.312963E-15
4308.37608957291  2.284671E-15
4309.23936533928  2.226282E-15
4310.10264110565  2.164579E-15
4310.96591687203  2.109164E-15
4311.8291926384  2.074965E-15
4312.69246840477  2.063517E-15
4313.55574417114  2.065663E-15
4314.41901993752  2.070331E-15
4315.28229570389  2.071889E-15
4316.14557147026  2.075479E-15
4317.00884723664  2.085245E-15
4317.87212300301  2.093047E-15
4318.73539876938  2.092653E-15
4319.59867453575  2.083623E-15
4320.46195030213  2.071107E-15
4321.3252260685  2.055465E-15
4322.18850183487  2.048855E-15
4323.05177760124  2.046307E-15
4323.91505336762  2.041409E-15
4324.77832913399  2.034386E-15
4325.64160490036  2.031720E-15
4326.50488066673  2.033965E-15
4327.36815643311  2.036034E-15
4328.23143219948  2.027967E-15
4329.09470796585  2.012982E-15
4329.95798373223  2.006850E-15
4330.8212594986  2.002088E-15
4331.68453526497  1.992604E-15
4332.54781103134  1.986758E-15
4333.41108679772  1.983801E-15
4334.27436256409  1.975301E-15
4335.13763833046  1.972144E-15
4336.00091409683  1.967797E-15
4336.86418986321  1.970731E-15
4337.72746562958  1.971966E-15
4338.59074139595  1.962052E-15
4339.45401716233  1.957220E-15
4340.3172929287  1.968950E-15
4341.18056869507  1.977354E-15
4342.04384446144  1.976808E-15
4342.90712022782  1.965755E-15
4343.77039599419  1.959649E-15
4344.63367176056  1.966394E-15
4345.49694752693  1.971243E-15
4346.36022329331  1.958562E-15
4347.22349905968  1.950932E-15
4348.08677482605  1.953088E-15
4348.95005059243  1.957775E-15
4349.8133263588  1.953606E-15
4350.67660212517  1.940493E-15
4351.53987789154  1.916757E-15
4352.40315365792  1.884374E-15
4353.26642942429  1.853971E-15
4354.12970519066  1.832767E-15
4354.99298095703  1.814199E-15
4355.85625672341  1.803428E-15
4356.71953248978  1.798317E-15
4357.58280825615  1.811612E-15
4358.44608402253  1.838948E-15
4359.3093597889  1.855695E-15
4360.17263555527  1.869786E-15
4361.03591132164  1.890330E-15
4361.89918708801  1.901965E-15
4362.76246285439  1.903206E-15
4363.62573862076  1.890731E-15
4364.48901438713  1.880802E-15
4365.35229015351  1.878830E-15
4366.21556591988  1.866457E-15
4367.07884168625  1.852520E-15
4367.94211745262  1.848242E-15
4368.805393219  1.847600E-15
4369.66866898537  1.847371E-15
4370.53194475174  1.843995E-15
4371.39522051811  1.843501E-15
4372.25849628449  1.852417E-15
4373.12177205086  1.853884E-15
4373.98504781723  1.844241E-15
4374.84832358361  1.831203E-15
4375.71159934998  1.820482E-15
4376.57487511635  1.817706E-15
4377.43815088272  1.809400E-15
4378.3014266491  1.786548E-15
4379.16470241547  1.766234E-15
4380.02797818184  1.757006E-15
4380.89125394821  1.752467E-15
4381.75452971459  1.748895E-15
4382.61780548096  1.749017E-15
4383.48108124733  1.748616E-15
4384.3443570137  1.744690E-15
4385.20763278008  1.741045E-15
4386.07090854645  1.742382E-15
4386.93418431282  1.750711E-15
4387.7974600792  1.759315E-15
4388.66073584557  1.766098E-15
4389.52401161194  1.791342E-15
4390.38728737831  1.835019E-15
4391.25056314469  1.883346E-15
4392.11383891106  1.929422E-15
4392.97711467743  1.971479E-15
4393.8403904438  2.009094E-15
4394.70366621018  2.031130E-15
4395.56694197655  2.022475E-15
4396.43021774292  1.989191E-15
4397.2934935093  1.941378E-15
4398.15676927567  1.892688E-15
4399.02004504204  1.847387E-15
4399.88332080841  1.803399E-15
4400.74659657479  1.768785E-15
4401.60987234116  1.744993E-15
4402.47314810753  1.731730E-15
4403.3364238739  1.730239E-15
4404.19969964028  1.725862E-15
4405.06297540665  1.718709E-15
4405.92625117302  1.720270E-15
4406.7895269394  1.723357E-15
4407.65280270577  1.728458E-15
4408.51607847214  1.737739E-15
4409.37935423851  1.746274E-15
4410.24263000489  1.756079E-15
4411.10590577126  1.760004E-15
4411.96918153763  1.755138E-15
4412.832457304  1.754704E-15
4413.69573307038  1.758824E-15
4414.55900883675  1.762386E-15
4415.42228460312  1.765554E-15
4416.28556036949  1.764855E-15
4417.14883613587  1.764644E-15
4418.01211190224  1.766278E-15
4418.87538766861  1.763390E-15
4419.73866343499  1.759146E-15
4420.60193920136  1.752575E-15
4421.46521496773  1.740115E-15
4422.3284907341  1.729861E-15
4423.19176650048  1.729341E-15
4424.05504226685  1.735505E-15
4424.91831803322  1.734856E-15
4425.78159379959  1.731301E-15
4426.64486956597  1.734690E-15
4427.50814533234  1.737610E-15
4428.37142109871  1.735881E-15
4429.23469686508  1.731331E-15
4430.09797263146  1.729160E-15
4430.96124839783  1.730163E-15
4431.8245241642  1.727077E-15
4432.68779993058  1.726412E-15
4433.55107569695  1.731017E-15
4434.41435146332  1.735609E-15
4435.27762722969  1.734376E-15
4436.14090299606  1.725822E-15
4437.00417876244  1.725238E-15
4437.86745452881  1.731334E-15
4438.73073029518  1.730594E-15
4439.59400606156  1.731617E-15
4440.45728182793  1.741254E-15
4441.3205575943  1.752157E-15
4442.18383336067  1.762797E-15
4443.04710912705  1.771567E-15
4443.91038489342  1.774204E-15
4444.77366065979  1.774563E-15
4445.63693642617  1.776129E-15
4446.50021219254  1.783191E-15
4447.36348795891  1.793048E-15
4448.22676372528  1.797020E-15
4449.09003949166  1.799850E-15
4449.95331525803  1.809433E-15
4450.8165910244  1.819540E-15
4451.67986679077  1.825300E-15
4452.54314255715  1.824791E-15
4453.40641832352  1.827601E-15
4454.26969408989  1.836798E-15
4455.13296985626  1.841971E-15
4455.99624562264  1.848664E-15
4456.85952138901  1.860967E-15
4457.72279715538  1.866602E-15
4458.58607292176  1.863933E-15
4459.44934868813  1.856702E-15
4460.3126244545  1.847057E-15
4461.17590022087  1.840933E-15
4462.03917598725  1.836381E-15
4462.90245175362  1.826748E-15
4463.76572751999  1.819061E-15
4464.62900328636  1.811179E-15
4465.49227905274  1.804415E-15
4466.35555481911  1.811890E-15
4467.21883058548  1.822133E-15
4468.08210635185  1.825701E-15
4468.94538211823  1.828768E-15
4469.8086578846  1.832277E-15
4470.67193365097  1.840402E-15
4471.53520941735  1.848350E-15
4472.39848518372  1.843905E-15
4473.26176095009  1.835220E-15
4474.12503671646  1.825932E-15
4474.98831248284  1.817993E-15
4475.85158824921  1.817103E-15
4476.71486401558  1.815471E-15
4477.57813978196  1.815128E-15
4478.44141554833  1.816676E-15
4479.3046913147  1.815043E-15
4480.16796708107  1.816381E-15
4481.03124284745  1.822313E-15
4481.89451861382  1.825693E-15
4482.75779438019  1.830407E-15
4483.62107014656  1.831046E-15
4484.48434591294  1.830247E-15
4485.34762167931  1.835157E-15
4486.21089744568  1.837107E-15
4487.07417321205  1.835578E-15
4487.93744897843  1.836288E-15
4488.8007247448  1.837806E-15
4489.66400051117  1.842838E-15
4490.52727627755  1.845542E-15
4491.39055204392  1.844096E-15
4492.25382781029  1.849152E-15
4493.11710357666  1.853934E-15
4493.98037934304  1.848238E-15
4494.84365510941  1.839191E-15
4495.70693087578  1.834380E-15
4496.57020664215  1.837123E-15
4497.43348240853  1.837504E-15
4498.2967581749  1.828251E-15
4499.16003394127  1.825253E-15
4500.02330970764  1.835490E-15
4500.88658547402  1.845920E-15
4501.74986124039  1.854763E-15
4502.61313700676  1.863727E-15
4503.47641277313  1.868686E-15
4504.33968853951  1.873165E-15
4505.20296430588  1.874879E-15
4506.06624007225  1.869050E-15
4506.92951583863  1.856405E-15
4507.792791605  1.836376E-15
4508.65606737137  1.820662E-15
4509.51934313774  1.818967E-15
4510.38261890412  1.819385E-15
4511.24589467049  1.815797E-15
4512.10917043686  1.816657E-15
4512.97244620323  1.824171E-15
4513.83572196961  1.829137E-15
4514.69899773598  1.821326E-15
4515.56227350235  1.803980E-15
4516.42554926873  1.787302E-15
4517.2888250351  1.776148E-15
4518.15210080147  1.764285E-15
4519.01537656784  1.753881E-15
4519.87865233422  1.752536E-15
4520.74192810059  1.751607E-15
4521.60520386696  1.748057E-15
4522.46847963333  1.745117E-15
4523.33175539971  1.742439E-15
4524.19503116608  1.741365E-15
4525.05830693245  1.738739E-15
4525.92158269882  1.731787E-15
4526.7848584652  1.728913E-15
4527.64813423157  1.732955E-15
4528.51140999794  1.738552E-15
4529.37468576432  1.738800E-15
4530.23796153069  1.734588E-15
4531.10123729706  1.728584E-15
4531.96451306343  1.722154E-15
4532.82778882981  1.721688E-15
4533.69106459618  1.720343E-15
4534.55434036255  1.710820E-15
4535.41761612892  1.704045E-15
4536.2808918953  1.705213E-15
4537.14416766167  1.715760E-15
4538.00744342804  1.743319E-15
4538.87071919442  1.792813E-15
4539.73399496079  1.863637E-15
4540.59727072716  1.934164E-15
4541.46054649353  1.971605E-15
4542.32382225991  1.979557E-15
4543.18709802628  1.974522E-15
4544.05037379265  1.946057E-15
4544.91364955902  1.882251E-15
4545.7769253254  1.796277E-15
4546.64020109177  1.725074E-15
4547.50347685814  1.687812E-15
4548.36675262451  1.672774E-15
4549.23002839089  1.666070E-15
4550.09330415726  1.669141E-15
4550.95657992363  1.681002E-15
4551.81985569001  1.695059E-15
4552.68313145638  1.699073E-15
4553.54640722275  1.695374E-15
4554.40968298912  1.693399E-15
4555.2729587555  1.689170E-15
4556.13623452187  1.682403E-15
4556.99951028824  1.672383E-15
4557.86278605461  1.657603E-15
4558.72606182099  1.649302E-15
4559.58933758736  1.646587E-15
4560.45261335373  1.643174E-15
4561.3158891201  1.643261E-15
4562.17916488648  1.647150E-15
4563.04244065285  1.652970E-15
4563.90571641922  1.659161E-15
4564.7689921856  1.658365E-15
4565.63226795197  1.655339E-15
4566.49554371834  1.659722E-15
4567.35881948471  1.662128E-15
4568.22209525109  1.656335E-15
4569.08537101746  1.654081E-15
4569.94864678383  1.653719E-15
4570.8119225502  1.653444E-15
4571.67519831658  1.650738E-15
4572.53847408295  1.642784E-15
4573.40174984932  1.638724E-15
4574.26502561569  1.637213E-15
4575.12830138207  1.628631E-15
4575.99157714844  1.624423E-15
4576.85485291481  1.625655E-15
4577.71812868119  1.627004E-15
4578.58140444756  1.623124E-15
4579.44468021393  1.610403E-15
4580.3079559803  1.600457E-15
4581.17123174668  1.598698E-15
4582.03450751305  1.591607E-15
4582.89778327942  1.577830E-15
4583.76105904579  1.570312E-15
4584.62433481217  1.568745E-15
4585.48761057854  1.573191E-15
4586.35088634491  1.579189E-15
4587.21416211129  1.578926E-15
4588.07743787766  1.578441E-15
4588.94071364403  1.585787E-15
4589.8039894104  1.591471E-15
4590.66726517678  1.598197E-15
4591.53054094315  1.604559E-15
4592.39381670952  1.604811E-15
4593.25709247589  1.604989E-15
4594.12036824227  1.603916E-15
4594.98364400864  1.596866E-15
4595.84691977501  1.587402E-15
4596.71019554139  1.576641E-15
4597.57347130776  1.569039E-15
4598.43674707413  1.563398E-15
4599.3000228405  1.551399E-15
4600.16329860687  1.541863E-15
4601.02657437325  1.539210E-15
4601.88985013962  1.540721E-15
4602.75312590599  1.538034E-15
4603.61640167237  1.523030E-15
4604.47967743874  1.510288E-15
4605.34295320511  1.508152E-15
4606.20622897148  1.507478E-15
4607.06950473786  1.503506E-15
4607.93278050423  1.491871E-15
4608.7960562706  1.482149E-15
4609.65933203697  1.482373E-15
4610.52260780335  1.481155E-15
4611.38588356972  1.472354E-15
4612.24915933609  1.463020E-15
4613.11243510247  1.455823E-15
4613.97571086884  1.453627E-15
4614.83898663521  1.446658E-15
4615.70226240158  1.435565E-15
4616.56553816796  1.427679E-15
4617.42881393433  1.427451E-15
4618.2920897007  1.426118E-15
4619.15536546707  1.424416E-15
4620.01864123345  1.421708E-15
4620.88191699982  1.420795E-15
4621.74519276619  1.420764E-15
4622.60846853257  1.418422E-15
4623.47174429894  1.411645E-15
4624.33502006531  1.404345E-15
4625.19829583168  1.394215E-15
4626.06157159806  1.388685E-15
4626.92484736443  1.387497E-15
4627.7881231308  1.385210E-15
4628.65139889717  1.383953E-15
4629.51467466355  1.385069E-15
4630.37795042992  1.387991E-15
4631.24122619629  1.392878E-15
4632.10450196266  1.391524E-15
4632.96777772904  1.383078E-15
4633.83105349541  1.380604E-15
4634.69432926178  1.379565E-15
4635.55760502816  1.372555E-15
4636.42088079453  1.365864E-15
4637.2841565609  1.356987E-15
4638.14743232727  1.346169E-15
4639.01070809365  1.339970E-15
4639.87398386002  1.338631E-15
4640.73725962639  1.335873E-15
4641.60053539276  1.335168E-15
4642.46381115914  1.334771E-15
4643.32708692551  1.333239E-15
4644.19036269188  1.331568E-15
4645.05363845826  1.334163E-15
4645.91691422463  1.335475E-15
4646.780189991  1.336723E-15
4647.64346575737  1.341411E-15
4648.50674152374  1.344596E-15
4649.37001729012  1.348312E-15
4650.23329305649  1.358195E-15
4651.09656882286  1.366842E-15
4651.95984458924  1.364357E-15
4652.82312035561  1.357490E-15
4653.68639612198  1.349881E-15
4654.54967188836  1.346013E-15
4655.41294765473  1.343555E-15
4656.2762234211  1.338515E-15
4657.13949918747  1.334411E-15
4658.00277495385  1.343250E-15
4658.86605072022  1.356869E-15
4659.72932648659  1.364041E-15
4660.59260225296  1.366989E-15
4661.45587801934  1.376109E-15
4662.31915378571  1.387826E-15
4663.18242955208  1.394708E-15
4664.04570531845  1.385496E-15
4664.90898108483  1.377435E-15
4665.7722568512  1.379708E-15
4666.63553261757  1.379791E-15
4667.49880838395  1.373358E-15
4668.36208415032  1.368004E-15
4669.22535991669  1.366759E-15
4670.08863568306  1.379069E-15
4670.95191144944  1.381484E-15
4671.81518721581  1.375884E-15
4672.67846298218  1.378491E-15
4673.54173874855  1.384032E-15
4674.40501451493  1.387940E-15
4675.2682902813  1.391461E-15
4676.13156604767  1.389067E-15
4676.99484181405  1.392421E-15
4677.85811758042  1.400308E-15
4678.72139334679  1.403825E-15
4679.58466911316  1.405304E-15
4680.44794487954  1.404659E-15
4681.31122064591  1.401444E-15
4682.17449641228  1.396563E-15
4683.03777217865  1.398373E-15
4683.90104794503  1.399503E-15
4684.7643237114  1.400788E-15
4685.62759947777  1.403105E-15
4686.49087524415  1.407440E-15
4687.35415101052  1.411365E-15
4688.21742677689  1.415146E-15
4689.08070254326  1.415635E-15
4689.94397830963  1.414646E-15
4690.80725407601  1.408453E-15
4691.67052984238  1.402814E-15
4692.53380560875  1.397377E-15
4693.39708137513  1.394952E-15
4694.2603571415  1.393590E-15
4695.12363290787  1.391669E-15
4695.98690867424  1.391875E-15
4696.85018444062  1.394503E-15
4697.71346020699  1.393249E-15
4698.57673597336  1.383422E-15
4699.44001173973  1.375596E-15
4700.30328750611  1.375039E-15
4701.16656327248  1.370063E-15
4702.02983903885  1.362827E-15
4702.89311480523  1.354904E-15
4703.7563905716  1.349547E-15
4704.61966633797  1.355488E-15
4705.48294210434  1.355228E-15
4706.34621787071  1.344313E-15
4707.20949363709  1.336169E-15
4708.07276940346  1.333103E-15
4708.93604516983  1.330773E-15
4709.79932093621  1.327721E-15
4710.66259670258  1.325991E-15
4711.52587246895  1.328792E-15
4712.38914823532  1.336926E-15
4713.2524240017  1.348413E-15
4714.11569976807  1.357240E-15
4714.97897553444  1.363331E-15
4715.84225130082  1.365383E-15
4716.70552706719  1.360496E-15
4717.56880283356  1.358951E-15
4718.43207859993  1.361577E-15
4719.29535436631  1.355586E-15
4720.15863013268  1.347441E-15
4721.02190589905  1.348002E-15
4721.88518166542  1.353897E-15
4722.7484574318  1.362522E-15
4723.61173319817  1.365863E-15
4724.47500896454  1.367848E-15
4725.33828473092  1.381752E-15
4726.20156049729  1.396299E-15
4727.06483626366  1.405177E-15
4727.92811203003  1.409899E-15
4728.79138779641  1.416355E-15
4729.65466356278  1.427529E-15
4730.51793932915  1.434345E-15
4731.38121509552  1.431528E-15
4732.2444908619  1.425815E-15
4733.10776662827  1.420915E-15
4733.97104239464  1.418871E-15
4734.83431816101  1.416747E-15
4735.69759392739  1.413296E-15
4736.56086969376  1.409247E-15
4737.42414546013  1.404763E-15
4738.2874212265  1.403663E-15
4739.15069699288  1.401559E-15
4740.01397275925  1.399833E-15
4740.87724852562  1.399586E-15
4741.740524292  1.395235E-15
4742.60380005837  1.392421E-15
4743.46707582474  1.392458E-15
4744.33035159111  1.395656E-15
4745.19362735749  1.398923E-15
4746.05690312386  1.399306E-15
4746.92017889023  1.397424E-15
4747.7834546566  1.398058E-15
4748.64673042298  1.393864E-15
4749.51000618935  1.386187E-15
4750.37328195572  1.375931E-15
4751.2365577221  1.373761E-15
4752.09983348847  1.376984E-15
4752.96310925484  1.379298E-15
4753.82638502121  1.380926E-15
4754.68966078759  1.381817E-15
4755.55293655396  1.383429E-15
4756.41621232033  1.388163E-15
4757.2794880867  1.391480E-15
4758.14276385308  1.391013E-15
4759.00603961945  1.389029E-15
4759.86931538582  1.387791E-15
4760.7325911522  1.390212E-15
4761.59586691857  1.396052E-15
4762.45914268494  1.399847E-15
4763.32241845131  1.398680E-15
4764.18569421768  1.396635E-15
4765.04896998406  1.393946E-15
4765.91224575043  1.388952E-15
4766.7755215168  1.385263E-15
4767.63879728318  1.384451E-15
4768.50207304955  1.382656E-15
4769.36534881592  1.383948E-15
4770.22862458229  1.389615E-15
4771.09190034867  1.396871E-15
4771.95517611504  1.403591E-15
4772.81845188141  1.408527E-15
4773.68172764779  1.411216E-15
4774.54500341416  1.417462E-15
4775.40827918053  1.420593E-15
4776.2715549469  1.416672E-15
4777.13483071328  1.413500E-15
4777.99810647965  1.414477E-15
4778.86138224602  1.410792E-15
4779.72465801239  1.405383E-15
4780.58793377877  1.398093E-15
4781.45120954514  1.392554E-15
4782.31448531151  1.393956E-15
4783.17776107788  1.395541E-15
4784.04103684426  1.393206E-15
4784.90431261063  1.399589E-15
4785.767588377  1.405961E-15
4786.63086414337  1.412638E-15
4787.49413990975  1.417989E-15
4788.35741567612  1.415306E-15
4789.22069144249  1.411125E-15
4790.08396720887  1.413183E-15
4790.94724297524  1.413437E-15
4791.81051874161  1.414176E-15
4792.67379450798  1.414432E-15
4793.53707027436  1.417260E-15
4794.40034604073  1.426378E-15
4795.2636218071  1.436021E-15
4796.12689757347  1.442074E-15
4796.99017333985  1.444350E-15
4797.85344910622  1.442840E-15
4798.71672487259  1.439752E-15
4799.58000063897  1.436402E-15
4800.44327640534  1.436487E-15
4801.30655217171  1.453262E-15
4802.16982793808  1.506638E-15
4803.03310370446  1.610775E-15
4803.89637947083  1.752212E-15
4804.7596552372  1.889061E-15
4805.62293100357  1.971513E-15
4806.48620676995  1.993387E-15
4807.34948253632  1.975096E-15
4808.21275830269  1.917619E-15
4809.07603406907  1.812996E-15
4809.93930983544  1.673306E-15
4810.80258560181  1.534400E-15
4811.66586136818  1.443657E-15
4812.52913713456  1.410906E-15
4813.39241290093  1.405541E-15
4814.2556886673  1.401371E-15
4815.11896443367  1.395421E-15
4815.98224020005  1.395834E-15
4816.84551596642  1.400642E-15
4817.70879173279  1.404526E-15
4818.57206749916  1.409417E-15
4819.43534326554  1.414909E-15
4820.29861903191  1.422218E-15
4821.16189479828  1.430598E-15
4822.02517056466  1.430213E-15
4822.88844633103  1.427664E-15
4823.7517220974  1.430858E-15
4824.61499786377  1.431053E-15
4825.47827363015  1.426108E-15
4826.34154939652  1.422791E-15
4827.20482516289  1.431602E-15
4828.06810092926  1.459494E-15
4828.93137669564  1.491838E-15
4829.79465246201  1.519882E-15
4830.65792822838  1.541002E-15
4831.52120399475  1.548018E-15
4832.38447976113  1.539572E-15
4833.2477555275  1.516943E-15
4834.11103129387  1.485780E-15
4834.97430706025  1.452735E-15
4835.83758282662  1.417971E-15
4836.70085859299  1.387604E-15
4837.56413435936  1.374586E-15
4838.42741012574  1.377811E-15
4839.29068589211  1.381040E-15
4840.15396165848  1.375165E-15
4841.01723742486  1.368838E-15
4841.88051319123  1.369609E-15
4842.7437889576  1.377202E-15
4843.60706472397  1.380234E-15
4844.47034049034  1.374206E-15
4845.33361625672  1.369166E-15
4846.19689202309  1.367434E-15
4847.06016778946  1.366789E-15
4847.92344355584  1.367988E-15
4848.78671932221  1.372111E-15
4849.64999508858  1.378688E-15
4850.51327085495  1.383487E-15
4851.37654662133  1.385555E-15
4852.2398223877  1.384194E-15
4853.10309815407  1.386026E-15
4853.96637392044  1.391418E-15
4854.82964968682  1.383919E-15
4855.69292545319  1.369641E-15
4856.55620121956  1.362185E-15
4857.41947698593  1.357576E-15
4858.28275275231  1.357424E-15
4859.14602851868  1.357056E-15
4860.00930428505  1.353170E-15
4860.87258005143  1.351355E-15
4861.7358558178  1.350243E-15
4862.59913158417  1.347965E-15
4863.46240735054  1.346201E-15
4864.32568311692  1.346600E-15
4865.18895888329  1.345123E-15
4866.05223464966  1.334306E-15
4866.91551041603  1.327205E-15
4867.77878618241  1.333871E-15
4868.64206194878  1.346371E-15
4869.50533771515  1.357092E-15
4870.36861348152  1.363341E-15
4871.2318892479  1.365823E-15
4872.09516501427  1.365863E-15
4872.95844078064  1.365294E-15
4873.82171654702  1.362441E-15
4874.68499231339  1.357537E-15
4875.54826807976  1.355364E-15
4876.41154384613  1.353574E-15
4877.27481961251  1.351076E-15
4878.13809537888  1.355298E-15
4879.00137114525  1.363904E-15
4879.86464691163  1.369744E-15
4880.727922678  1.369249E-15
4881.59119844437  1.361151E-15
4882.45447421074  1.350318E-15
4883.31774997712  1.343897E-15
4884.18102574349  1.342484E-15
4885.04430150986  1.340172E-15
4885.90757727623  1.331976E-15
4886.77085304261  1.325039E-15
4887.63412880898  1.329706E-15
4888.49740457535  1.338215E-15
4889.36068034172  1.338676E-15
4890.2239561081  1.334461E-15
4891.08723187447  1.334621E-15
4891.95050764084  1.336549E-15
4892.81378340722  1.338989E-15
4893.67705917359  1.339490E-15
4894.54033493996  1.335457E-15
4895.40361070633  1.335040E-15
4896.26688647271  1.337188E-15
4897.13016223908  1.333402E-15
4897.99343800545  1.331594E-15
4898.85671377182  1.328468E-15
4899.7199895382  1.322669E-15
4900.58326530457  1.323430E-15
4901.44654107094  1.326602E-15
4902.30981683731  1.329142E-15
4903.17309260369  1.328271E-15
4904.03636837006  1.326293E-15
4904.89964413643  1.329838E-15
4905.76291990281  1.325437E-15
4906.62619566918  1.312002E-15
4907.48947143555  1.304651E-15
4908.35274720192  1.297911E-15
4909.2160229683  1.294987E-15
4910.07929873467  1.293382E-15
4910.94257450104  1.290653E-15
4911.80585026741  1.295120E-15
4912.66912603379  1.300003E-15
4913.53240180016  1.297319E-15
4914.39567756653  1.292224E-15
4915.25895333291  1.286706E-15
4916.12222909928  1.282689E-15
4916.98550486565  1.274831E-15
4917.84878063202  1.264266E-15
4918.7120563984  1.258779E-15
4919.57533216477  1.257972E-15
4920.43860793114  1.263609E-15
4921.30188369751  1.264529E-15
4922.16515946389  1.257276E-15
4923.02843523026  1.254983E-15
4923.89171099663  1.258163E-15
4924.754986763  1.257732E-15
4925.61826252938  1.252581E-15
4926.48153829575  1.246389E-15
4927.34481406212  1.243681E-15
4928.20808982849  1.241990E-15
4929.07136559487  1.236010E-15
4929.93464136124  1.229937E-15
4930.79791712761  1.227086E-15
4931.66119289399  1.223913E-15
4932.52446866036  1.212053E-15
4933.38774442673  1.198979E-15
4934.2510201931  1.197607E-15
4935.11429595948  1.197644E-15
4935.97757172585  1.198811E-15
4936.84084749222  1.205734E-15
4937.70412325859  1.210306E-15
4938.56739902497  1.210420E-15
4939.43067479134  1.209032E-15
4940.29395055771  1.201306E-15
4941.15722632409  1.191743E-15
4942.02050209046  1.178910E-15
4942.88377785683  1.161229E-15
4943.7470536232  1.147137E-15
4944.61032938958  1.141609E-15
4945.47360515595  1.141265E-15
4946.33688092232  1.140491E-15
4947.20015668869  1.144146E-15
4948.06343245507  1.153478E-15
4948.92670822144  1.168863E-15
4949.78998398781  1.179535E-15
4950.65325975418  1.183231E-15
4951.51653552056  1.179208E-15
4952.37981128693  1.177713E-15
4953.2430870533  1.179160E-15
4954.10636281968  1.168108E-15
4954.96963858605  1.149579E-15
4955.83291435242  1.139771E-15
4956.69619011879  1.137743E-15
4957.55946588517  1.139449E-15
4958.42274165154  1.137463E-15
4959.28601741791  1.127472E-15
4960.14929318428  1.120078E-15
4961.01256895066  1.116969E-15
4961.87584471703  1.114390E-15
4962.7391204834  1.111256E-15
4963.60239624977  1.109761E-15
4964.46567201615  1.109399E-15
4965.32894778252  1.108929E-15
4966.19222354889  1.111715E-15
4967.05549931527  1.114909E-15
4967.91877508164  1.116460E-15
4968.78205084801  1.116537E-15
4969.64532661438  1.115363E-15
4970.50860238076  1.117087E-15
4971.37187814713  1.126209E-15
4972.2351539135  1.134602E-15
4973.09842967987  1.137642E-15
4973.96170544625  1.141589E-15
4974.82498121262  1.148972E-15
4975.68825697899  1.155864E-15
4976.55153274536  1.155054E-15
4977.41480851174  1.149103E-15
4978.27808427811  1.151334E-15
4979.14136004448  1.157383E-15
4980.00463581086  1.155494E-15
4980.86791157723  1.156566E-15
4981.7311873436  1.163002E-15
4982.59446310997  1.168322E-15
4983.45773887635  1.173871E-15
4984.32101464272  1.175612E-15
4985.18429040909  1.176692E-15
4986.04756617547  1.183525E-15
4986.91084194184  1.183932E-15
4987.77411770821  1.178795E-15
4988.63739347458  1.180685E-15
4989.50066924096  1.185095E-15
4990.36394500733  1.187741E-15
4991.2272207737  1.190097E-15
4992.09049654007  1.192646E-15
4992.95377230645  1.194742E-15
4993.81704807282  1.196545E-15
4994.68032383919  1.197650E-15
4995.54359960556  1.195787E-15
4996.40687537194  1.190890E-15
4997.27015113831  1.186233E-15
4998.13342690468  1.179584E-15
4998.99670267105  1.178862E-15
4999.85997843743  1.184792E-15
5000.7232542038  1.187279E-15
5001.58652997017  1.190180E-15
5002.44980573654  1.195054E-15
5003.31308150292  1.199419E-15
5004.17635726929  1.206786E-15
5005.03963303566  1.208775E-15
5005.90290880204  1.204988E-15
5006.76618456841  1.207781E-15
5007.62946033478  1.209619E-15
5008.49273610115  1.209417E-15
5009.35601186753  1.210193E-15
5010.2192876339  1.206722E-15
5011.08256340027  1.204250E-15
5011.94583916665  1.203224E-15
5012.80911493302  1.195107E-15
5013.67239069939  1.189054E-15
5014.53566646576  1.188187E-15
5015.39894223214  1.188522E-15
5016.26221799851  1.188484E-15
5017.12549376488  1.185526E-15
5017.98876953125  1.184611E-15
5018.85204529763  1.186690E-15
5019.715321064  1.185196E-15
5020.57859683037  1.182632E-15
5021.44187259674  1.181398E-15
5022.30514836312  1.183664E-15
5023.16842412949  1.188500E-15
5024.03169989586  1.193106E-15
5024.89497566224  1.197465E-15
5025.75825142861  1.204132E-15
5026.62152719498  1.212671E-15
5027.48480296135  1.217651E-15
5028.34807872773  1.217008E-15
5029.2113544941  1.221329E-15
5030.07463026047  1.228768E-15
5030.93790602684  1.231840E-15
5031.80118179322  1.234937E-15
5032.66445755959  1.235969E-15
5033.52773332596  1.235220E-15
5034.39100909233  1.236482E-15
5035.25428485871  1.230348E-15
5036.11756062508  1.221487E-15
5036.98083639145  1.222507E-15
5037.84411215783  1.228029E-15
5038.7073879242  1.233953E-15
5039.57066369057  1.238516E-15
5040.43393945694  1.241277E-15
5041.29721522332  1.249042E-15
5042.16049098969  1.258826E-15
5043.02376675606  1.262528E-15
5043.88704252244  1.259374E-15
5044.75031828881  1.258172E-15
5045.61359405518  1.266206E-15
5046.47686982155  1.278820E-15
5047.34014558793  1.288229E-15
5048.2034213543  1.293312E-15
5049.06669712067  1.299200E-15
5049.92997288704  1.309294E-15
5050.79324865342  1.318787E-15
5051.65652441979  1.320941E-15
5052.51980018616  1.317867E-15
5053.38307595253  1.318602E-15
5054.24635171891  1.321026E-15
5055.10962748528  1.319717E-15
5055.97290325165  1.316165E-15
5056.83617901803  1.309813E-15
5057.6994547844  1.304837E-15
5058.56273055077  1.302176E-15
5059.42600631714  1.296319E-15
5060.28928208352  1.289503E-15
5061.15255784989  1.287104E-15
5062.01583361626  1.291292E-15
5062.87910938263  1.295504E-15
5063.74238514901  1.294373E-15
5064.60566091538  1.293137E-15
5065.46893668175  1.294445E-15
5066.33221244812  1.300196E-15
5067.1954882145  1.304302E-15
5068.05876398087  1.299602E-15
5068.92203974724  1.294544E-15
5069.78531551362  1.293572E-15
5070.64859127999  1.296870E-15
5071.51186704636  1.301356E-15
5072.37514281273  1.300352E-15
5073.2384185791  1.301546E-15
5074.10169434548  1.307561E-15
5074.96497011185  1.308562E-15
5075.82824587822  1.310495E-15
5076.6915216446  1.316630E-15
5077.55479741097  1.316466E-15
5078.41807317734  1.312626E-15
5079.28134894371  1.306846E-15
5080.14462471009  1.298116E-15
5081.00790047646  1.296918E-15
5081.87117624283  1.295726E-15
5082.7344520092  1.286229E-15
5083.59772777558  1.284860E-15
5084.46100354195  1.289599E-15
5085.32427930832  1.294232E-15
5086.1875550747  1.302179E-15
5087.05083084107  1.307158E-15
5087.91410660744  1.313390E-15
5088.77738237381  1.319672E-15
5089.64065814019  1.316312E-15
5090.50393390656  1.312783E-15
5091.36720967293  1.312390E-15
5092.2304854393  1.309052E-15
5093.09376120568  1.306474E-15
5093.95703697205  1.302248E-15
5094.82031273842  1.297966E-15
5095.6835885048  1.300833E-15
5096.54686427117  1.298524E-15
5097.41014003754  1.296769E-15
5098.27341580391  1.298872E-15
