3200.00000000001  1.939386E-16
3200.86206895114  1.904301E-16
3201.72413790227  1.791940E-16
3202.5862068534  1.760837E-16
3203.44827580453  1.730176E-16
3204.31034475566  1.700351E-16
3205.17241370679  1.760330E-16
3206.03448265792  1.773587E-16
3206.89655160905  1.731521E-16
3207.75862056018  1.740840E-16
3208.62068951131  1.742441E-16
3209.48275846244  1.828103E-16
3210.34482741357  2.012221E-16
3211.2068963647  2.185401E-16
3212.06896531583  2.315794E-16
3212.93103426696  2.351718E-16
3213.79310321809  2.318217E-16
3214.65517216922  2.232270E-16
3215.51724112035  2.147556E-16
3216.37931007148  2.203321E-16
3217.24137902261  2.344434E-16
3218.10344797374  2.297964E-16
3218.96551692487  2.193772E-16
3219.827585876  2.148179E-16
3220.68965482713  1.975187E-16
3221.55172377826  1.743603E-16
3222.41379272939  1.683082E-16
3223.27586168052  1.824088E-16
3224.13793063165  1.896908E-16
3224.99999958278  1.863365E-16
3225.86206853391  1.958558E-16
3226.72413748503  2.055635E-16
3227.58620643617  1.973638E-16
3228.44827538729  2.041742E-16
3229.31034433842  2.133737E-16
3230.17241328955  2.081615E-16
3231.03448224069  2.114007E-16
3231.89655119181  2.208944E-16
3232.75862014294  2.172869E-16
3233.62068909407  2.272912E-16
3234.4827580452  2.388019E-16
3235.34482699633  2.286369E-16
3236.20689594746  2.228927E-16
3237.06896489859  2.199980E-16
3237.93103384972  2.106984E-16
3238.79310280085  2.128559E-16
3239.65517175198  2.240930E-16
3240.51724070311  2.304060E-16
3241.37930965424  2.377076E-16
3242.24137860537  2.403365E-16
3243.1034475565  2.422797E-16
3243.96551650763  2.482092E-16
3244.82758545876  2.454215E-16
3245.68965440989  2.375998E-16
3246.55172336102  2.368243E-16
3247.41379231215  2.227068E-16
3248.27586126328  2.044727E-16
3249.13793021441  2.001218E-16
3249.99999916554  2.010003E-16
3250.86206811667  1.956629E-16
3251.7241370678  1.953734E-16
3252.58620601893  2.008336E-16
3253.44827497006  2.035826E-16
3254.31034392119  2.054755E-16
3255.17241287232  2.119379E-16
3256.03448182345  2.224049E-16
3256.89655077458  2.299069E-16
3257.75861972571  2.368114E-16
3258.62068867684  2.403288E-16
3259.48275762797  2.478954E-16
3260.3448265791  2.536986E-16
3261.20689553023  2.504911E-16
3262.06896448136  2.438801E-16
3262.93103343249  2.495386E-16
3263.79310238362  2.563027E-16
3264.65517133475  2.505161E-16
3265.51724028588  2.448407E-16
3266.37930923701  2.479470E-16
3267.24137818814  2.410536E-16
3268.10344713927  2.327883E-16
3268.9655160904  2.360665E-16
3269.82758504153  2.446727E-16
3270.68965399266  2.451659E-16
3271.55172294379  2.413009E-16
3272.41379189492  2.329200E-16
3273.27586084605  2.306600E-16
3274.13792979718  2.312134E-16
3274.99999874831  2.308893E-16
3275.86206769944  2.315956E-16
3276.72413665057  2.352302E-16
3277.5862056017  2.312821E-16
3278.44827455283  2.260960E-16
3279.31034350396  2.236264E-16
3280.17241245509  2.190209E-16
3281.03448140622  2.145955E-16
3281.89655035735  2.182239E-16
3282.75861930848  2.244000E-16
3283.62068825961  2.290182E-16
3284.48275721074  2.332551E-16
3285.34482616187  2.337238E-16
3286.206895113  2.258281E-16
3287.06896406413  2.137523E-16
3287.93103301526  2.061889E-16
3288.79310196639  2.068022E-16
3289.65517091752  2.096384E-16
3290.51723986865  2.208222E-16
3291.37930881978  2.297256E-16
3292.24137777091  2.339821E-16
3293.10344672204  2.397455E-16
3293.96551567317  2.380057E-16
3294.8275846243  2.261113E-16
3295.68965357543  2.202084E-16
3296.55172252656  2.182625E-16
3297.41379147769  2.113384E-16
3298.27586042882  2.056548E-16
3299.13792937995  2.066962E-16
3299.99999833108  2.081268E-16
3300.86206728221  2.040411E-16
3301.72413623334  1.998933E-16
3302.58620518447  2.035389E-16
3303.4482741356  2.067189E-16
3304.31034308673  2.048176E-16
3305.17241203786  2.033924E-16
3306.03448098899  2.010811E-16
3306.89654994012  1.960715E-16
3307.75861889125  1.928908E-16
3308.62068784238  1.930653E-16
3309.48275679351  1.965294E-16
3310.34482574464  2.009639E-16
3311.20689469577  2.020284E-16
3312.0689636469  1.967371E-16
3312.93103259803  1.883430E-16
3313.79310154916  1.814776E-16
3314.65517050029  1.759101E-16
3315.51723945142  1.774731E-16
3316.37930840255  1.875227E-16
3317.24137735368  1.954499E-16
3318.10344630481  1.983921E-16
3318.96551525594  2.014873E-16
3319.82758420707  2.004107E-16
3320.6896531582  1.953493E-16
3321.55172210933  1.971975E-16
3322.41379106046  1.982041E-16
3323.27586001159  1.919581E-16
3324.13792896271  1.902004E-16
3324.99999791385  1.949883E-16
3325.86206686498  1.937161E-16
3326.7241358161  1.916052E-16
3327.58620476723  1.984438E-16
3328.44827371836  2.009880E-16
3329.31034266949  1.944332E-16
3330.17241162062  1.955437E-16
3331.03448057175  2.010059E-16
3331.89654952288  1.945887E-16
3332.75861847401  1.901712E-16
3333.62068742514  1.956028E-16
3334.48275637627  1.910969E-16
3335.3448253274  1.830383E-16
3336.20689427853  1.859810E-16
3337.06896322966  1.873902E-16
3337.93103218079  1.792956E-16
3338.79310113192  1.744100E-16
3339.65517008305  1.725954E-16
3340.51723903418  1.678659E-16
3341.37930798531  1.656787E-16
3342.24137693644  1.669723E-16
3343.10344588757  1.695568E-16
3343.9655148387  1.687115E-16
3344.82758378983  1.669546E-16
3345.68965274096  1.682616E-16
3346.55172169209  1.682787E-16
3347.41379064322  1.635581E-16
3348.27585959435  1.634170E-16
3349.13792854548  1.690962E-16
3349.99999749661  1.665021E-16
3350.86206644774  1.627177E-16
3351.72413539887  1.688382E-16
3352.58620435  1.737440E-16
3353.44827330113  1.699638E-16
3354.31034225226  1.722175E-16
3355.17241120339  1.766308E-16
3356.03448015452  1.705361E-16
3356.89654910565  1.625307E-16
3357.75861805678  1.605434E-16
3358.62068700791  1.594874E-16
3359.48275595904  1.586871E-16
3360.34482491017  1.602443E-16
3361.2068938613  1.671779E-16
3362.06896281243  1.729628E-16
3362.93103176356  1.697650E-16
3363.79310071469  1.681608E-16
3364.65516966582  1.710526E-16
3365.51723861695  1.698271E-16
3366.37930756808  1.666412E-16
3367.24137651921  1.678333E-16
3368.10344547034  1.644259E-16
3368.96551442147  1.597176E-16
3369.8275833726  1.609682E-16
3370.68965232373  1.642312E-16
3371.55172127486  1.649505E-16
3372.41379022599  1.670613E-16
3373.27585917712  1.747028E-16
3374.13792812825  1.765996E-16
3374.99999707938  1.751904E-16
3375.86206603051  1.759830E-16
3376.72413498164  1.764272E-16
3377.58620393277  1.730936E-16
3378.4482728839  1.729072E-16
3379.31034183503  1.756667E-16
3380.17241078616  1.816126E-16
3381.03447973729  1.844733E-16
3381.89654868842  1.838205E-16
3382.75861763955  1.803987E-16
3383.62068659068  1.781870E-16
3384.48275554181  1.781235E-16
3385.34482449294  1.790522E-16
3386.20689344407  1.768447E-16
3387.0689623952  1.775956E-16
3387.93103134633  1.809748E-16
3388.79310029746  1.810239E-16
3389.65516924859  1.783536E-16
3390.51723819972  1.760453E-16
3391.37930715085  1.764909E-16
3392.24137610198  1.752348E-16
3393.10344505311  1.696851E-16
3393.96551400424  1.670634E-16
3394.82758295537  1.696786E-16
3395.6896519065  1.697157E-16
3396.55172085763  1.680991E-16
3397.41378980876  1.695203E-16
3398.27585875989  1.755963E-16
3399.13792771102  1.794187E-16
3399.99999666215  1.794072E-16
3400.86206561328  1.769037E-16
3401.72413456441  1.737663E-16
3402.58620351554  1.693533E-16
3403.44827246667  1.676248E-16
3404.3103414178  1.664368E-16
3405.17241036893  1.694871E-16
3406.03447932006  1.780087E-16
3406.89654827119  1.852235E-16
3407.75861722232  1.893293E-16
3408.62068617345  1.925219E-16
3409.48275512458  1.913634E-16
3410.34482407571  1.811245E-16
3411.20689302684  1.743322E-16
3412.06896197797  1.730991E-16
3412.9310309291  1.713045E-16
3413.79309988023  1.740662E-16
3414.65516883136  1.813848E-16
3415.51723778249  1.838380E-16
3416.37930673362  1.850976E-16
3417.24137568475  1.871629E-16
3418.10344463588  1.838193E-16
3418.96551358701  1.836401E-16
3419.82758253814  1.878194E-16
3420.68965148927  1.859442E-16
3421.5517204404  1.825775E-16
3422.41378939153  1.857469E-16
3423.27585834266  1.880226E-16
3424.13792729379  1.866900E-16
3424.99999624492  1.897484E-16
3425.86206519605  1.926057E-16
3426.72413414718  1.955740E-16
3427.5862030983  1.966874E-16
3428.44827204944  1.931240E-16
3429.31034100057  1.899561E-16
3430.1724099517  1.917625E-16
3431.03447890282  1.895921E-16
3431.89654785395  1.839912E-16
3432.75861680508  1.848243E-16
3433.62068575621  1.879110E-16
3434.48275470735  1.958610E-16
3435.34482365847  2.067278E-16
3436.2068926096  2.125780E-16
3437.06896156073  2.095269E-16
3437.93103051186  2.003560E-16
3438.79309946299  1.860506E-16
3439.65516841412  1.742917E-16
3440.51723736525  1.706802E-16
3441.37930631638  1.690310E-16
3442.24137526751  1.726448E-16
3443.10344421864  1.795933E-16
3443.96551316977  1.800868E-16
3444.8275821209  1.813991E-16
3445.68965107203  1.886269E-16
3446.55172002316  1.908954E-16
3447.41378897429  1.886260E-16
3448.27585792542  1.899717E-16
3449.13792687655  1.892938E-16
3449.99999582768  1.854978E-16
3450.86206477881  1.857204E-16
3451.72413372994  1.841521E-16
3452.58620268107  1.762545E-16
3453.4482716322  1.710498E-16
3454.31034058333  1.738583E-16
3455.17240953446  1.765205E-16
3456.03447848559  1.795723E-16
3456.89654743672  1.898471E-16
3457.75861638785  1.953971E-16
3458.62068533898  1.921743E-16
3459.48275429011  1.854629E-16
3460.34482324124  1.810392E-16
3461.20689219237  1.773670E-16
3462.0689611435  1.773429E-16
3462.93103009463  1.806520E-16
3463.79309904576  1.856823E-16
3464.65516799689  1.898477E-16
3465.51723694802  1.903491E-16
3466.37930589915  1.879905E-16
3467.24137485028  1.845858E-16
3468.10344380141  1.856619E-16
3468.96551275254  1.859466E-16
3469.82758170367  1.864726E-16
3470.6896506548  1.896690E-16
3471.55171960593  1.945828E-16
3472.41378855706  1.978008E-16
3473.27585750819  2.015128E-16
3474.13792645932  2.013039E-16
3474.99999541045  2.002184E-16
3475.86206436158  1.981216E-16
3476.72413331271  1.962583E-16
3477.58620226384  1.954455E-16
3478.44827121497  1.908327E-16
3479.3103401661  1.827962E-16
3480.17240911723  1.815125E-16
3481.03447806836  1.839912E-16
3481.89654701949  1.856389E-16
3482.75861597062  1.894992E-16
3483.62068492175  1.993700E-16
3484.48275387288  2.063093E-16
3485.34482282401  2.027383E-16
3486.20689177514  1.931542E-16
3487.06896072627  1.912176E-16
3487.9310296774  1.928144E-16
3488.79309862853  1.926637E-16
3489.65516757966  1.934035E-16
3490.51723653079  1.972774E-16
3491.37930548192  2.021538E-16
3492.24137443305  2.017095E-16
3493.10344338418  2.000457E-16
3493.96551233531  2.021527E-16
3494.82758128644  2.044086E-16
3495.68965023757  2.019653E-16
3496.5517191887  1.968702E-16
3497.41378813983  1.912550E-16
3498.27585709096  1.901738E-16
3499.13792604209  1.921125E-16
3499.99999499322  1.968441E-16
3500.86206394435  2.039884E-16
3501.72413289548  2.128679E-16
3502.58620184661  2.172942E-16
3503.44827079774  2.177362E-16
3504.31033974887  2.135044E-16
3505.1724087  2.105458E-16
3506.03447765113  2.066158E-16
3506.89654660226  2.015608E-16
3507.75861555339  1.969898E-16
3508.62068450452  1.948242E-16
3509.48275345565  1.942323E-16
3510.34482240678  1.944718E-16
3511.20689135791  1.945064E-16
3512.06896030904  1.991857E-16
3512.93102926017  2.055504E-16
3513.7930982113  2.094327E-16
3514.65516716243  2.089888E-16
3515.51723611356  2.093316E-16
3516.37930506469  2.063730E-16
3517.24137401582  2.020252E-16
3518.10344296695  2.018866E-16
3518.96551191808  2.011645E-16
3519.82758086921  1.988222E-16
3520.68964982034  1.995318E-16
3521.55171877147  2.019896E-16
3522.4137877226  2.017878E-16
3523.27585667373  2.060468E-16
3524.13792562486  2.110571E-16
3524.99999457599  2.114096E-16
3525.86206352712  2.123814E-16
3526.72413247825  2.134799E-16
3527.58620142937  2.116716E-16
3528.44827038051  2.101647E-16
3529.31033933163  2.122333E-16
3530.17240828276  2.145047E-16
3531.0344772339  2.132104E-16
3531.89654618502  2.122248E-16
3532.75861513616  2.162189E-16
3533.62068408728  2.186618E-16
3534.48275303841  2.131820E-16
3535.34482198954  2.112874E-16
3536.20689094067  2.115929E-16
3537.0689598918  2.068209E-16
3537.93102884293  2.047612E-16
3538.79309779406  2.046481E-16
3539.65516674519  2.042632E-16
3540.51723569632  2.080159E-16
3541.37930464745  2.108249E-16
3542.24137359858  2.120447E-16
3543.10344254971  2.163460E-16
3543.96551150084  2.178028E-16
3544.82758045197  2.155182E-16
3545.6896494031  2.147135E-16
3546.55171835423  2.123394E-16
3547.41378730536  2.080732E-16
3548.27585625649  2.063169E-16
3549.13792520762  2.063158E-16
3549.99999415875  2.071954E-16
3550.86206310988  2.076678E-16
3551.72413206101  2.079177E-16
3552.58620101214  2.048803E-16
3553.44826996327  2.000537E-16
3554.3103389144  1.965373E-16
3555.17240786553  1.968227E-16
3556.03447681666  1.992083E-16
3556.89654576779  2.003598E-16
3557.75861471892  2.009843E-16
3558.62068367005  1.991635E-16
3559.48275262118  1.954191E-16
3560.34482157231  1.956299E-16
3561.20689052344  1.995400E-16
3562.06895947457  2.024607E-16
3562.9310284257  2.056587E-16
3563.79309737683  2.086932E-16
3564.65516632796  2.063223E-16
3565.51723527909  2.046357E-16
3566.37930423022  2.061656E-16
3567.24137318135  2.052946E-16
3568.10344213248  2.017877E-16
3568.96551108361  1.982156E-16
3569.82758003474  1.941698E-16
3570.68964898587  1.918635E-16
3571.551717937  1.911329E-16
3572.41378688813  1.888665E-16
3573.27585583926  1.924468E-16
3574.13792479039  1.979256E-16
3574.99999374152  1.949825E-16
3575.86206269265  1.919471E-16
3576.72413164378  1.945293E-16
3577.58620059491  1.934662E-16
3578.44826954604  1.919776E-16
3579.31033849717  1.944236E-16
3580.1724074483  1.947680E-16
3581.03447639943  1.917051E-16
3581.89654535056  1.905696E-16
3582.75861430169  1.888829E-16
3583.62068325282  1.874928E-16
3584.48275220395  1.920208E-16
3585.34482115508  1.997416E-16
3586.20689010621  2.024131E-16
3587.06895905734  2.010805E-16
3587.93102800847  1.992077E-16
3588.7930969596  1.948636E-16
3589.65516591073  1.882795E-16
3590.51723486186  1.847738E-16
3591.37930381299  1.867948E-16
3592.24137276412  1.901148E-16
3593.10344171525  1.931895E-16
3593.96551066638  1.973036E-16
3594.82757961751  1.996875E-16
3595.68964856864  2.003031E-16
3596.55171751977  2.020185E-16
3597.4137864709  2.033298E-16
3598.27585542203  2.036552E-16
3599.13792437316  2.040269E-16
3599.99999332429  2.019635E-16
3600.86206227542  1.951600E-16
3601.72413122655  1.859951E-16
3602.58620017768  1.829248E-16
3603.44826912881  1.844007E-16
3604.31033807994  1.843808E-16
3605.17240703107  1.853891E-16
3606.0344759822  1.903196E-16
3606.89654493333  1.929716E-16
3607.75861388446  1.893460E-16
3608.62068283559  1.868811E-16
3609.48275178672  1.901213E-16
3610.34482073785  1.914798E-16
3611.20688968898  1.880117E-16
3612.06895864011  1.875711E-16
3612.93102759124  1.884372E-16
3613.79309654237  1.897028E-16
3614.6551654935  1.922799E-16
3615.51723444463  1.927621E-16
3616.37930339576  1.940383E-16
3617.24137234689  1.976908E-16
3618.10344129802  1.949379E-16
3618.96551024915  1.919904E-16
3619.82757920028  1.914845E-16
3620.68964815141  1.890753E-16
3621.55171710254  1.859128E-16
3622.41378605367  1.860708E-16
3623.2758550048  1.864419E-16
3624.13792395593  1.916024E-16
3624.99999290706  1.984663E-16
3625.86206185818  1.973455E-16
3626.72413080931  1.942590E-16
3627.58619976045  1.956441E-16
3628.44826871158  1.954439E-16
3629.31033766271  1.938919E-16
3630.17240661384  1.943366E-16
3631.03447556496  1.962799E-16
3631.89654451609  1.933454E-16
3632.75861346722  1.889080E-16
3633.62068241835  1.875885E-16
3634.48275136948  1.887116E-16
3635.34482032061  1.884466E-16
3636.20688927174  1.900877E-16
3637.06895822287  1.933988E-16
3637.931027174  1.929254E-16
3638.79309612513  1.920651E-16
3639.65516507626  1.894450E-16
3640.51723402739  1.878928E-16
3641.37930297852  1.881431E-16
3642.24137192965  1.904879E-16
3643.10344088078  1.952780E-16
3643.96550983191  2.000773E-16
3644.82757878304  2.008471E-16
3645.68964773417  1.988913E-16
3646.5517166853  1.956314E-16
3647.41378563643  1.928054E-16
3648.27585458756  1.934591E-16
3649.13792353869  1.942515E-16
3649.99999248982  1.957806E-16
3650.86206144095  1.997814E-16
3651.72413039208  1.983230E-16
3652.58619934321  1.950098E-16
3653.44826829434  1.922528E-16
3654.31033724547  1.893671E-16
3655.1724061966  1.872252E-16
3656.03447514773  1.882937E-16
3656.89654409886  1.907493E-16
3657.75861304999  1.943546E-16
3658.62068200112  1.961688E-16
3659.48275095225  1.949047E-16
3660.34481990338  1.936160E-16
3661.20688885451  1.936108E-16
3662.06895780564  1.960993E-16
3662.93102675677  1.984162E-16
3663.7930957079  1.986615E-16
3664.65516465903  1.991806E-16
3665.51723361016  2.012802E-16
3666.37930256129  1.980957E-16
3667.24137151242  1.843435E-16
3668.10344046355  1.668190E-16
3668.96550941468  1.486640E-16
3669.82757836581  1.316429E-16
3670.68964731694  1.257020E-16
3671.55171626807  1.368482E-16
3672.4137852192  1.544909E-16
3673.27585417033  1.735509E-16
3674.13792312146  1.881639E-16
3674.99999207259  1.947804E-16
3675.86206102372  1.977065E-16
3676.72412997485  1.987060E-16
3677.58619892598  1.996049E-16
3678.44826787711  1.997525E-16
3679.31033682824  1.977253E-16
3680.17240577937  1.972016E-16
3681.0344747305  1.985277E-16
3681.89654368163  2.015414E-16
3682.75861263276  2.028353E-16
3683.62068158389  2.031438E-16
3684.48275053502  2.015727E-16
3685.34481948615  1.978799E-16
3686.20688843728  1.958957E-16
3687.06895738841  1.967615E-16
3687.93102633954  1.977592E-16
3688.79309529067  1.981651E-16
3689.6551642418  2.007799E-16
3690.51723319293  1.999793E-16
3691.37930214406  1.963220E-16
3692.24137109519  1.964955E-16
3693.10344004632  1.969967E-16
3693.96550899745  1.970486E-16
3694.82757794858  1.984607E-16
3695.68964689971  2.021852E-16
3696.55171585084  2.040036E-16
3697.41378480197  2.019103E-16
3698.2758537531  2.012684E-16
3699.13792270423  2.029610E-16
3699.99999165536  2.052178E-16
3700.86206060649  2.054169E-16
3701.72412955762  2.080097E-16
3702.58619850875  2.120151E-16
3703.44826745988  2.092694E-16
3704.31033641101  2.073873E-16
3705.17240536214  2.116475E-16
3706.03447431327  2.109559E-16
3706.8965432644  2.062834E-16
3707.75861221553  2.074678E-16
3708.62068116666  2.048668E-16
3709.48275011779  2.000606E-16
3710.34481906892  2.020582E-16
3711.20688802005  2.047870E-16
3712.06895697118  2.042834E-16
3712.93102592231  2.036702E-16
3713.79309487344  2.035979E-16
3714.65516382457  2.020494E-16
3715.5172327757  2.004268E-16
3716.37930172683  2.007086E-16
3717.24137067796  2.046655E-16
3718.10343962909  2.081177E-16
3718.96550858022  2.114160E-16
3719.82757753135  2.120579E-16
3720.68964648248  2.112901E-16
3721.55171543361  2.105172E-16
3722.41378438474  2.091482E-16
3723.27585333587  2.076077E-16
3724.137922287  2.101531E-16
3724.99999123813  2.097447E-16
3725.86206018926  2.067633E-16
3726.72412914039  2.048619E-16
3727.58619809152  2.042851E-16
3728.44826704264  2.037486E-16
3729.31033599377  2.045684E-16
3730.1724049449  2.075630E-16
3731.03447389604  2.081772E-16
3731.89654284717  2.098842E-16
3732.75861179829  2.141521E-16
3733.62068074942  2.190756E-16
3734.48274970055  2.201087E-16
3735.34481865168  2.207504E-16
3736.20688760281  2.166925E-16
3737.06895655394  2.094902E-16
3737.93102550507  2.043100E-16
3738.7930944562  1.979293E-16
3739.65516340733  1.937035E-16
3740.51723235846  1.946077E-16
3741.37930130959  1.941704E-16
3742.24137026072  1.936583E-16
3743.10343921185  1.970132E-16
3743.96550816298  1.985507E-16
3744.82757711411  1.983193E-16
3745.68964606524  1.989239E-16
3746.55171501637  1.978600E-16
3747.4137839675  1.968584E-16
3748.27585291863  1.972452E-16
3749.13792186976  1.967133E-16
3749.99999082089  1.946935E-16
3750.86205977202  1.929948E-16
3751.72412872315  1.942735E-16
3752.58619767428  1.972773E-16
3753.44826662541  2.005649E-16
3754.31033557654  2.040480E-16
3755.17240452767  2.098572E-16
3756.0344734788  2.146698E-16
3756.89654242993  2.146482E-16
3757.75861138106  2.125629E-16
3758.62068033219  2.116664E-16
3759.48274928332  2.105503E-16
3760.34481823445  2.076760E-16
3761.20688718558  2.070131E-16
3762.06895613671  2.099525E-16
3762.93102508784  2.142138E-16
3763.79309403897  2.163804E-16
3764.6551629901  2.182541E-16
3765.51723194123  2.178506E-16
3766.37930089236  2.132464E-16
3767.24136984349  2.101289E-16
3768.10343879462  2.098075E-16
3768.96550774575  2.087548E-16
3769.82757669688  2.084707E-16
3770.68964564801  2.104059E-16
3771.55171459914  2.096164E-16
3772.41378355027  2.071762E-16
3773.2758525014  2.080849E-16
3774.13792145253  2.119436E-16
3774.99999040366  2.155487E-16
3775.86205935479  2.188351E-16
3776.72412830592  2.220027E-16
3777.58619725705  2.208891E-16
3778.44826620818  2.170062E-16
3779.31033515931  2.169992E-16
3780.17240411044  2.184629E-16
3781.03447306157  2.175816E-16
3781.8965420127  2.172853E-16
3782.75861096383  2.165279E-16
3783.62067991496  2.138326E-16
3784.48274886609  2.085954E-16
3785.34481781722  2.042885E-16
3786.20688676835  2.045285E-16
3787.06895571948  2.046783E-16
3787.93102467061  2.015375E-16
3788.79309362174  2.013569E-16
3789.65516257287  2.033999E-16
3790.517231524  2.036910E-16
3791.37930047513  2.066075E-16
3792.24136942626  2.098384E-16
3793.10343837739  2.103057E-16
3793.96550732852  2.108869E-16
3794.82757627965  2.086503E-16
3795.68964523078  2.051572E-16
3796.55171418191  2.038908E-16
3797.41378313304  2.049506E-16
3798.27585208417  2.070369E-16
3799.1379210353  2.098308E-16
3799.99998998643  2.106465E-16
3800.86205893756  2.143927E-16
3801.72412788869  2.185241E-16
3802.58619683982  2.166803E-16
3803.44826579095  2.173569E-16
3804.31033474208  2.217096E-16
3805.17240369321  2.209632E-16
3806.03447264434  2.194346E-16
3806.89654159547  2.203957E-16
3807.7586105466  2.175661E-16
3808.62067949773  2.165285E-16
3809.48274844886  2.203741E-16
3810.34481739999  2.206025E-16
3811.20688635112  2.194412E-16
3812.06895530225  2.200713E-16
3812.93102425338  2.180224E-16
3813.79309320451  2.136911E-16
3814.65516215564  2.147233E-16
3815.51723110677  2.187868E-16
3816.3793000579  2.203584E-16
3817.24136900903  2.229182E-16
3818.10343796016  2.269184E-16
3818.96550691129  2.278464E-16
3819.82757586242  2.252927E-16
3820.68964481355  2.246503E-16
3821.55171376468  2.245130E-16
3822.41378271581  2.221057E-16
3823.27585166694  2.188936E-16
3824.13792061807  2.184958E-16
3824.9999895692  2.204830E-16
3825.86205852033  2.198174E-16
3826.72412747146  2.200995E-16
3827.58619642259  2.216507E-16
3828.44826537372  2.231050E-16
3829.31033432485  2.239905E-16
3830.17240327597  2.241716E-16
3831.03447222711  2.240019E-16
3831.89654117824  2.248346E-16
3832.75861012936  2.248431E-16
3833.6206790805  2.248368E-16
3834.48274803162  2.251876E-16
3835.34481698276  2.253754E-16
3836.20688593389  2.261984E-16
3837.06895488501  2.269102E-16
3837.93102383614  2.262840E-16
3838.79309278727  2.274314E-16
3839.6551617384  2.279673E-16
3840.51723068953  2.250746E-16
3841.37929964066  2.235637E-16
3842.24136859179  2.231080E-16
3843.10343754292  2.213941E-16
3843.96550649405  2.191901E-16
3844.82757544518  2.182789E-16
3845.68964439631  2.185328E-16
3846.55171334744  2.198528E-16
3847.41378229857  2.220318E-16
3848.2758512497  2.249234E-16
3849.13792020083  2.271212E-16
3849.99998915196  2.259945E-16
3850.86205810309  2.263447E-16
3851.72412705422  2.279702E-16
3852.58619600535  2.270497E-16
3853.44826495648  2.270000E-16
3854.31033390761  2.271269E-16
3855.17240285874  2.249898E-16
3856.03447180987  2.239972E-16
3856.896540761  2.249427E-16
3857.75860971213  2.252926E-16
3858.62067866326  2.277021E-16
3859.48274761439  2.292751E-16
3860.34481656552  2.256918E-16
3861.20688551665  2.223800E-16
3862.06895446778  2.239181E-16
3862.93102341891  2.253230E-16
3863.79309237004  2.259975E-16
3864.65516132117  2.300934E-16
3865.5172302723  2.324973E-16
3866.37929922343  2.296772E-16
3867.24136817456  2.252950E-16
3868.10343712569  2.225408E-16
3868.96550607682  2.223985E-16
3869.82757502795  2.229755E-16
3870.68964397908  2.235377E-16
3871.55171293021  2.267522E-16
3872.41378188134  2.311566E-16
3873.27585083247  2.311190E-16
3874.1379197836  2.118704E-16
3874.99998873473  1.950364E-16
3875.86205768586  1.916912E-16
3876.72412663699  1.892209E-16
3877.58619558812  1.886382E-16
3878.44826453925  2.071623E-16
3879.31033349038  2.247791E-16
3880.17240244151  2.292413E-16
3881.03447139264  2.314678E-16
3881.89654034377  2.323496E-16
3882.7586092949  2.333375E-16
3883.62067824603  2.336565E-16
3884.48274719716  2.320347E-16
3885.34481614829  2.290317E-16
3886.20688509942  2.265895E-16
3887.06895405055  2.269323E-16
3887.93102300168  2.290301E-16
3888.79309195281  2.317178E-16
3889.65516090394  2.359882E-16
3890.51722985507  2.390142E-16
3891.3792988062  2.371935E-16
3892.24136775733  2.341453E-16
3893.10343670846  2.297902E-16
3893.96550565959  2.229739E-16
3894.82757461072  2.204590E-16
3895.68964356185  2.239686E-16
3896.55171251298  2.249563E-16
3897.41378146411  2.255731E-16
3898.27585041524  2.274609E-16
3899.13791936637  2.261581E-16
3899.9999883175  2.211357E-16
3900.86205726863  2.201815E-16
3901.72412621976  2.243017E-16
3902.58619517089  2.287101E-16
3903.44826412202  2.311132E-16
3904.31033307315  2.347417E-16
3905.17240202428  2.377746E-16
3906.03447097541  2.372718E-16
3906.89653992654  2.376011E-16
3907.75860887767  2.377278E-16
3908.6206778288  2.379260E-16
3909.48274677993  2.380831E-16
3910.34481573106  2.388932E-16
3911.20688468219  2.375455E-16
3912.06895363332  2.383853E-16
3912.93102258445  2.389351E-16
3913.79309153558  2.375717E-16
3914.65516048671  2.370339E-16
3915.51722943784  2.370416E-16
3916.37929838897  2.347282E-16
3917.2413673401  2.324277E-16
3918.10343629123  2.313292E-16
3918.96550524236  2.295358E-16
3919.82757419349  2.298661E-16
3920.68964314462  2.321594E-16
3921.55171209575  2.360836E-16
3922.41378104688  2.398596E-16
3923.27584999801  2.417091E-16
3924.13791894914  2.411163E-16
3924.99998790027  2.415096E-16
3925.8620568514  2.398189E-16
3926.72412580253  2.378753E-16
3927.58619475366  2.377538E-16
3928.44826370478  2.376726E-16
3929.31033265591  2.372749E-16
3930.17240160705  2.405841E-16
3931.03447055818  2.427945E-16
3931.89653950931  2.434128E-16
3932.75860846044  2.438645E-16
3933.62067741156  2.465745E-16
3934.48274636269  2.444089E-16
3935.34481531382  2.430962E-16
3936.20688426496  2.460794E-16
3937.06895321608  2.507385E-16
3937.93102216721  2.491197E-16
3938.79309111834  2.484281E-16
3939.65516006947  2.497383E-16
3940.5172290206  2.470128E-16
3941.37929797173  2.429140E-16
3942.24136692286  2.441482E-16
3943.10343587399  2.465930E-16
3943.96550482512  2.472148E-16
3944.82757377625  2.463442E-16
3945.68964272738  2.447231E-16
3946.55171167851  2.429671E-16
3947.41378062964  2.427408E-16
3948.27584958077  2.442141E-16
3949.1379185319  2.461060E-16
3949.99998748303  2.488973E-16
3950.86205643416  2.462011E-16
3951.72412538529  2.431898E-16
3952.58619433642  2.408709E-16
3953.44826328755  2.401045E-16
3954.31033223868  2.409339E-16
3955.17240118981  2.459829E-16
3956.03447014094  2.478221E-16
3956.89653909207  2.468827E-16
3957.7586080432  2.455081E-16
3958.62067699433  2.438112E-16
3959.48274594546  2.422047E-16
3960.34481489659  2.410863E-16
3961.20688384772  2.414951E-16
3962.06895279885  2.418866E-16
3962.93102174998  2.418512E-16
3963.79309070111  2.421020E-16
3964.65515965224  2.431274E-16
3965.51722860337  2.420445E-16
3966.3792975545  2.422282E-16
3967.24136650563  2.420916E-16
3968.10343545676  2.424967E-16
3968.96550440789  2.431637E-16
3969.82757335902  2.439611E-16
3970.68964231015  2.431201E-16
3971.55171126128  2.447704E-16
3972.41378021241  2.433785E-16
3973.27584916354  2.411993E-16
3974.13791811467  2.412063E-16
3974.9999870658  2.413309E-16
3975.86205601693  2.392291E-16
3976.72412496806  2.394127E-16
3977.58619391919  2.391986E-16
3978.44826287032  2.377981E-16
3979.31033182145  2.368540E-16
3980.17240077258  2.364786E-16
3981.03446972371  2.366198E-16
3981.89653867484  2.377359E-16
3982.75860762597  2.388546E-16
3983.6206765771  2.408762E-16
3984.48274552823  2.440556E-16
3985.34481447936  2.434660E-16
3986.20688343049  2.398813E-16
3987.06895238162  2.390179E-16
3987.93102133275  2.397506E-16
3988.79309028388  2.369200E-16
3989.65515923501  2.380835E-16
3990.51722818614  2.398663E-16
3991.37929713727  2.379679E-16
3992.2413660884  2.358402E-16
3993.10343503953  2.358923E-16
3993.96550399066  2.337996E-16
3994.82757294179  2.337608E-16
3995.68964189292  2.339383E-16
3996.55171084405  2.319546E-16
3997.41377979518  2.295609E-16
3998.27584874631  2.289299E-16
3999.13791769744  2.281059E-16
3999.99998664857  2.309450E-16
4000.8620555997  2.344280E-16
4001.72412455083  2.364051E-16
4002.58619350196  2.380479E-16
4003.44826245309  2.390244E-16
4004.31033140422  2.372060E-16
4005.17240035535  2.358532E-16
4006.03446930648  2.353735E-16
4006.89653825761  2.346656E-16
4007.75860720874  2.351115E-16
4008.62067615987  2.331976E-16
4009.482745111  2.288566E-16
4010.34481406213  2.277502E-16
4011.20688301326  2.275504E-16
4012.06895196439  2.287330E-16
4012.93102091552  2.316844E-16
4013.79308986665  2.353193E-16
4014.65515881778  2.380772E-16
4015.51722776891  2.398383E-16
4016.37929672004  2.365437E-16
4017.24136567117  2.335815E-16
4018.1034346223  2.331233E-16
4018.96550357343  2.314743E-16
4019.82757252456  2.289804E-16
4020.68964147569  2.296754E-16
4021.55171042682  2.310172E-16
4022.41377937795  2.299839E-16
4023.27584832908  2.282495E-16
4024.1379172802  2.289988E-16
4024.99998623134  2.289984E-16
4025.86205518247  2.286803E-16
4026.7241241336  2.280482E-16
4027.58619308473  2.276861E-16
4028.44826203586  2.273653E-16
4029.31033098699  2.278247E-16
4030.17239993812  2.282116E-16
4031.03446888924  2.310893E-16
4031.89653784037  2.328366E-16
4032.75860679151  2.327505E-16
4033.62067574264  2.331779E-16
4034.48274469376  2.330307E-16
4035.3448136449  2.311620E-16
4036.20688259602  2.334762E-16
4037.06895154715  2.333554E-16
4037.93102049828  2.333666E-16
4038.79308944942  2.340081E-16
4039.65515840054  2.353659E-16
4040.51722735168  2.335580E-16
4041.3792963028  2.327186E-16
4042.24136525393  2.301763E-16
4043.10343420506  2.289618E-16
4043.96550315619  2.297419E-16
4044.82757210732  2.295312E-16
4045.68964105845  2.287859E-16
4046.55171000958  2.275019E-16
4047.41377896071  2.262913E-16
4048.27584791184  2.248038E-16
4049.13791686297  2.228772E-16
4049.9999858141  2.231114E-16
4050.86205476523  2.251609E-16
4051.72412371636  2.256277E-16
4052.58619266749  2.251085E-16
4053.44826161862  2.242163E-16
4054.31033056975  2.197853E-16
4055.17239952088  2.159610E-16
4056.03446847201  2.170211E-16
4056.89653742314  2.173997E-16
4057.75860637427  2.164708E-16
4058.6206753254  2.187784E-16
4059.48274427653  2.206826E-16
4060.34481322766  2.187025E-16
4061.20688217879  2.183843E-16
4062.06895112992  2.219368E-16
4062.93102008105  2.232163E-16
4063.79308903218  2.244614E-16
4064.65515798331  2.259669E-16
4065.51722693444  2.265803E-16
4066.37929588557  2.259404E-16
4067.2413648367  2.252019E-16
4068.10343378783  2.237867E-16
4068.96550273896  2.233380E-16
4069.82757169009  2.220957E-16
4070.68964064122  2.221025E-16
4071.55170959235  2.253567E-16
4072.41377854348  2.295966E-16
4073.27584749461  2.310270E-16
4074.13791644574  2.327978E-16
4074.99998539687  2.312160E-16
4075.862054348  2.288039E-16
4076.72412329913  2.278202E-16
4077.58619225026  2.300167E-16
4078.44826120139  2.291809E-16
4079.31033015252  2.321750E-16
4080.17239910365  2.352324E-16
4081.03446805478  2.372215E-16
4081.89653700591  2.391947E-16
4082.75860595704  2.419538E-16
4083.62067490817  2.410373E-16
4084.4827438593  2.376855E-16
4085.34481281043  2.356947E-16
4086.20688176156  2.325859E-16
4087.06895071269  2.308761E-16
4087.93101966382  2.315966E-16
4088.79308861495  2.321507E-16
4089.65515756608  2.311126E-16
4090.51722651721  2.315103E-16
4091.37929546834  2.322851E-16
4092.24136441947  2.323211E-16
4093.1034333706  2.341682E-16
4093.96550232173  2.356667E-16
4094.82757127286  2.358694E-16
4095.68964022399  2.355724E-16
4096.55170917512  2.383527E-16
4097.41377812625  2.405783E-16
4098.27584707738  2.397243E-16
4099.13791602851  2.381956E-16
4099.99998497964  2.375916E-16
4100.86205393077  2.341923E-16
4101.7241228819  2.319455E-16
4102.58619183303  2.361818E-16
4103.44826078416  2.403387E-16
4104.31032973529  2.431331E-16
4105.17239868642  2.460828E-16
4106.03446763755  2.464878E-16
4106.89653658868  2.410344E-16
4107.75860553981  2.361069E-16
4108.62067449094  2.336895E-16
4109.48274344207  2.324302E-16
4110.3448123932  2.351431E-16
4111.20688134433  2.397041E-16
4112.06895029546  2.420173E-16
4112.93101924659  2.435329E-16
4113.79308819772  2.446063E-16
4114.65515714885  2.444179E-16
4115.51722609998  2.422409E-16
4116.37929505111  2.413810E-16
4117.24136400224  2.394718E-16
4118.10343295337  2.347572E-16
4118.9655019045  2.313467E-16
4119.82757085563  2.332909E-16
4120.68963980676  2.392556E-16
4121.55170875789  2.458580E-16
4122.41377770902  2.534432E-16
4123.27584666015  2.692210E-16
4124.13791561128  3.062289E-16
4124.99998456241  3.716882E-16
4125.86205351354  4.616099E-16
4126.72412246467  5.812042E-16
4127.5861914158  7.144458E-16
4128.44826036692  8.345186E-16
4129.31032931806  9.135787E-16
4130.17239826919  9.492192E-16
4131.03446722032  9.283039E-16
4131.89653617145  8.374177E-16
4132.75860512258  6.981896E-16
4133.62067407371  5.545803E-16
4134.48274302484  4.274390E-16
4135.34481197596  3.274173E-16
4136.20688092709  2.727824E-16
4137.06894987823  2.546138E-16
4137.93101882936  2.492886E-16
4138.79308778048  2.436016E-16
4139.65515673161  2.405769E-16
4140.51722568274  2.411187E-16
4141.37929463387  2.399168E-16
4142.24136358501  2.386245E-16
4143.10343253614  2.393650E-16
4143.96550148726  2.390515E-16
4144.82757043839  2.361150E-16
4145.68963938952  2.336217E-16
4146.55170834065  2.309076E-16
4147.41377729178  2.305804E-16
4148.27584624291  2.289770E-16
4149.13791519404  2.257514E-16
4149.99998414517  2.249110E-16
4150.8620530963  2.266358E-16
4151.72412204743  2.274618E-16
4152.58619099856  2.285818E-16
4153.44825994969  2.319669E-16
4154.31032890082  2.356379E-16
4155.17239785195  2.366190E-16
4156.03446680308  2.337680E-16
4156.89653575421  2.312318E-16
4157.75860470534  2.279495E-16
4158.62067365647  2.244924E-16
4159.4827426076  2.213915E-16
4160.34481155873  2.208095E-16
4161.20688050986  2.208430E-16
4162.06894946099  2.211303E-16
4162.93101841212  2.178787E-16
4163.79308736325  2.142434E-16
4164.65515631438  2.136889E-16
4165.51722526551  2.135600E-16
4166.37929421664  2.131827E-16
4167.24136316777  2.154464E-16
4168.1034321189  2.173967E-16
4168.96550107003  2.146000E-16
4169.82757002116  2.126668E-16
4170.68963897229  2.106732E-16
4171.55170792342  2.080595E-16
4172.41377687455  2.088860E-16
4173.27584582568  2.130557E-16
4174.13791477681  2.161740E-16
4174.99998372794  2.203091E-16
4175.86205267907  2.255456E-16
4176.7241216302  2.298093E-16
4177.58619058133  2.330498E-16
4178.44825953246  2.334628E-16
4179.31032848359  2.297281E-16
4180.17239743472  2.245155E-16
4181.03446638585  2.168978E-16
4181.89653533698  2.089852E-16
4182.75860428811  2.039233E-16
4183.62067323924  2.049058E-16
4184.48274219037  2.071572E-16
4185.3448111415  2.099035E-16
4186.20688009263  2.140662E-16
4187.06894904376  2.161727E-16
4187.93101799489  2.154765E-16
4188.79308694602  2.147108E-16
4189.65515589715  2.158080E-16
4190.51722484828  2.163637E-16
4191.37929379941  2.177470E-16
4192.24136275054  2.186006E-16
4193.10343170167  2.216057E-16
4193.9655006528  2.244176E-16
4194.82756960393  2.225430E-16
4195.68963855506  2.207332E-16
4196.55170750619  2.192127E-16
4197.41377645732  2.149362E-16
4198.27584540845  2.102729E-16
4199.13791435958  2.087455E-16
4199.99998331071  2.076439E-16
4200.86205226184  2.073555E-16
4201.72412121297  2.085515E-16
4202.5861901641  2.112793E-16
4203.44825911523  2.142774E-16
4204.31032806636  2.184965E-16
4205.17239701749  2.258808E-16
4206.03446596862  2.342849E-16
4206.89653491975  2.407281E-16
4207.75860387088  2.437110E-16
4208.62067282201  2.411917E-16
4209.48274177314  2.361922E-16
4210.34481072427  2.314527E-16
4211.2068796754  2.230637E-16
4212.06894862653  2.176322E-16
4212.93101757766  2.184141E-16
4213.79308652879  2.181764E-16
4214.65515547992  2.154730E-16
4215.51722443105  2.159981E-16
4216.37929338218  2.158755E-16
4217.24136233331  2.131059E-16
4218.10343128444  2.125077E-16
4218.96550023557  2.124038E-16
4219.8275691867  2.101601E-16
4220.68963813783  2.104237E-16
4221.55170708896  2.131481E-16
4222.41377604009  2.113823E-16
4223.27584499122  2.100634E-16
4224.13791394235  2.117857E-16
4224.99998289348  2.097446E-16
4225.86205184461  2.062157E-16
4226.72412079574  2.078471E-16
4227.58618974687  2.084147E-16
4228.448258698  2.078624E-16
4229.31032764913  2.093876E-16
4230.17239660025  2.113693E-16
4231.03446555139  2.102219E-16
4231.89653450252  2.099324E-16
4232.75860345364  2.088363E-16
4233.62067240478  2.076567E-16
4234.48274135591  2.053539E-16
4235.34481030704  2.039244E-16
4236.20687925816  2.045026E-16
4237.0689482093  2.076343E-16
4237.93101716042  2.088587E-16
4238.79308611155  2.114090E-16
4239.65515506268  2.130359E-16
4240.51722401381  2.120639E-16
4241.37929296495  2.100545E-16
4242.24136191607  2.103989E-16
4243.1034308672  2.095951E-16
4243.96549981833  2.073680E-16
4244.82756876946  2.085634E-16
4245.68963772059  2.139343E-16
4246.55170667172  2.219878E-16
4247.41377562285  2.310428E-16
4248.27584457398  2.419177E-16
4249.13791352511  2.499311E-16
4249.99998247624  2.476533E-16
4250.86205142737  2.388223E-16
4251.7241203785  2.289368E-16
4252.58618932963  2.199198E-16
4253.44825828076  2.124379E-16
4254.31032723189  2.091011E-16
4255.17239618302  2.092224E-16
4256.03446513415  2.090499E-16
4256.89653408528  2.088400E-16
4257.75860303641  2.050904E-16
4258.62067198754  2.049101E-16
4259.48274093867  2.068780E-16
4260.3448098898  2.081662E-16
4261.20687884093  2.084831E-16
4262.06894779206  2.113147E-16
4262.93101674319  2.125012E-16
4263.79308569432  2.134850E-16
4264.65515464545  2.158285E-16
4265.51722359658  2.175958E-16
4266.37929254771  2.180281E-16
4267.24136149884  2.214397E-16
4268.10343044997  2.236224E-16
4268.9654994011  2.233723E-16
4269.82756835223  2.246525E-16
4270.68963730336  2.254307E-16
4271.55170625449  2.230946E-16
4272.41377520562  2.191814E-16
4273.27584415675  2.185964E-16
4274.13791310788  2.172294E-16
4274.99998205901  2.185534E-16
4275.86205101014  2.204503E-16
4276.72411996127  2.214098E-16
4277.5861889124  2.213729E-16
4278.44825786353  2.228601E-16
4279.31032681466  2.226301E-16
4280.17239576579  2.220095E-16
4281.03446471692  2.279485E-16
4281.89653366805  2.491108E-16
4282.75860261918  2.919273E-16
4283.62067157031  3.550961E-16
4284.48274052144  4.289693E-16
4285.34480947257  4.950499E-16
4286.2068784237  5.277526E-16
4287.06894737483  5.094713E-16
4287.93101632596  4.532311E-16
4288.79308527709  3.792505E-16
4289.65515422822  3.074673E-16
4290.51722317935  2.561471E-16
4291.37929213048  2.344956E-16
4292.24136108161  2.299561E-16
4293.10343003274  2.306995E-16
4293.96549898387  2.322125E-16
4294.827567935  2.320241E-16
4295.68963688613  2.284305E-16
4296.55170583726  2.262922E-16
4297.41377478839  2.273092E-16
4298.27584373952  2.307665E-16
4299.13791269065  2.328953E-16
4299.99998164178  2.337912E-16
4300.86205059291  2.356665E-16
4301.72411954404  2.386381E-16
4302.58618849517  2.364409E-16
4303.4482574463  2.360792E-16
4304.31032639743  2.459240E-16
4305.17239534856  2.662376E-16
4306.03446429969  2.887148E-16
4306.89653325082  3.171936E-16
4307.75860220195  3.426325E-16
4308.62067115308  3.532524E-16
4309.48274010421  3.416714E-16
4310.34480905534  3.175811E-16
4311.20687800647  2.880536E-16
4312.0689469576  2.642721E-16
4312.93101590873  2.481820E-16
4313.79308485986  2.401813E-16
4314.65515381099  2.397615E-16
4315.51722276212  2.428285E-16
4316.37929171325  2.412685E-16
4317.24136066438  2.389919E-16
4318.10342961551  2.394530E-16
4318.96549856664  2.389134E-16
4319.82756751777  2.375565E-16
4320.6896364689  2.386578E-16
4321.55170542003  2.420960E-16
4322.41377437116  2.448574E-16
4323.27584332229  2.478645E-16
4324.13791227342  2.501299E-16
4324.99998122455  2.513471E-16
4325.86205017568  2.511420E-16
4326.72411912681  2.502414E-16
4327.58618807794  2.503932E-16
4328.44825702907  2.510944E-16
4329.3103259802  2.505768E-16
4330.17239493133  2.481853E-16
4331.03446388246  2.482366E-16
4331.89653283359  2.495498E-16
4332.75860178471  2.505220E-16
4333.62067073585  2.496548E-16
4334.48273968697  2.516432E-16
4335.34480863811  2.525936E-16
4336.20687758924  2.537179E-16
4337.06894654036  2.571851E-16
4337.93101549149  2.626422E-16
4338.79308444262  2.656976E-16
4339.65515339375  2.660352E-16
4340.51722234488  2.636595E-16
4341.37929129602  2.607841E-16
4342.24136024714  2.586687E-16
4343.10342919827  2.576578E-16
4343.9654981494  2.590895E-16
4344.82756710053  2.609541E-16
4345.68963605166  2.589216E-16
4346.55170500279  2.580163E-16
4347.41377395392  2.596050E-16
4348.27584290505  2.584771E-16
4349.13791185618  2.558673E-16
4349.99998080731  2.572774E-16
4350.86204975844  2.579595E-16
4351.72411870957  2.560513E-16
4352.5861876607  2.578637E-16
4353.44825661183  2.593225E-16
4354.31032556296  2.579345E-16
4355.17239451409  2.586605E-16
4356.03446346522  2.553533E-16
4356.89653241635  2.472861E-16
4357.75860136748  2.426461E-16
4358.62067031861  2.435828E-16
4359.48273926974  2.448648E-16
4360.34480822087  2.502633E-16
4361.206877172  2.590093E-16
4362.06894612313  2.659847E-16
4362.93101507426  2.666923E-16
4363.79308402539  2.664324E-16
4364.65515297652  2.667878E-16
4365.51722192765  2.668693E-16
4366.37929087878  2.666793E-16
4367.24135982991  2.670408E-16
4368.10342878104  2.664380E-16
4368.96549773217  2.634001E-16
4369.8275666833  2.604886E-16
4370.68963563443  2.598613E-16
4371.55170458556  2.608844E-16
4372.41377353669  2.610725E-16
4373.27584248782  2.638456E-16
4374.13791143895  2.661110E-16
4374.99998039008  2.662708E-16
4375.86204934121  2.679619E-16
4376.72411829234  2.698774E-16
4377.58618724347  2.702820E-16
4378.4482561946  2.694021E-16
4379.31032514573  2.706894E-16
4380.17239409686  2.711781E-16
4381.03446304799  2.711337E-16
4381.89653199912  2.711869E-16
4382.75860095025  2.709176E-16
4383.62066990138  2.686011E-16
4384.48273885251  2.659892E-16
4385.34480780364  2.659645E-16
4386.20687675477  2.658879E-16
4387.0689457059  2.663317E-16
4387.93101465703  2.662510E-16
4388.79308360816  2.677537E-16
4389.65515255929  2.662433E-16
4390.51722151042  2.660968E-16
4391.37929046155  2.732235E-16
4392.24135941268  2.877179E-16
4393.10342836381  3.063223E-16
4393.96549731494  3.293912E-16
4394.82756626607  3.571046E-16
4395.6896352172  3.811757E-16
4396.55170416833  3.935303E-16
4397.41377311946  3.930142E-16
4398.27584207059  3.837264E-16
4399.13791102172  3.626697E-16
4399.99997997285  3.340352E-16
4400.86204892398  3.063903E-16
4401.72411787511  2.832938E-16
4402.58618682624  2.682014E-16
4403.44825577737  2.623116E-16
4404.3103247285  2.603259E-16
4405.17239367963  2.538316E-16
4406.03446263076  2.456721E-16
4406.89653158189  2.420996E-16
4407.75860053302  2.401914E-16
4408.62066948415  2.389920E-16
4409.48273843528  2.470703E-16
4410.34480738641  2.589959E-16
4411.20687633754  2.645050E-16
4412.06894528867  2.640867E-16
4412.9310142398  2.636273E-16
4413.79308319093  2.627544E-16
4414.65515214206  2.615385E-16
4415.51722109319  2.576663E-16
4416.37929004432  2.551666E-16
4417.24135899545  2.531235E-16
4418.10342794658  2.500884E-16
4418.96549689771  2.497159E-16
4419.82756584884  2.514751E-16
4420.68963479997  2.531320E-16
4421.5517037511  2.556278E-16
4422.41377270223  2.573464E-16
4423.27584165336  2.579397E-16
4424.13791060449  2.560739E-16
4424.99997955562  2.531871E-16
4425.86204850675  2.518162E-16
4426.72411745787  2.529953E-16
4427.58618640901  2.519763E-16
4428.44825536014  2.523672E-16
4429.31032431127  2.530403E-16
4430.1723932624  2.526663E-16
4431.03446221353  2.518676E-16
4431.89653116465  2.510493E-16
4432.75860011579  2.505437E-16
4433.62066906692  2.498479E-16
4434.48273801805  2.479998E-16
4435.34480696918  2.467661E-16
4436.2068759203  2.450933E-16
4437.06894487143  2.428940E-16
4437.93101382257  2.429266E-16
4438.79308277369  2.427914E-16
4439.65515172483  2.406326E-16
4440.51722067595  2.397364E-16
4441.37928962708  2.408732E-16
4442.24135857821  2.405737E-16
4443.10342752934  2.380264E-16
4443.96549648048  2.370011E-16
4444.8275654316  2.376476E-16
4445.68963438273  2.378559E-16
4446.55170333386  2.372813E-16
4447.41377228499  2.393593E-16
4448.27584123612  2.404230E-16
4449.13791018725  2.392783E-16
4449.99997913838  2.353448E-16
4450.86204808951  2.323663E-16
4451.72411704064  2.281327E-16
4452.58618599177  2.251018E-16
4453.4482549429  2.244143E-16
4454.31032389403  2.265361E-16
4455.17239284516  2.291028E-16
4456.03446179629  2.314296E-16
4456.89653074742  2.334693E-16
4457.75859969855  2.353981E-16
4458.62066864968  2.364948E-16
4459.48273760081  2.385016E-16
4460.34480655194  2.401750E-16
4461.20687550307  2.414656E-16
4462.0689444542  2.406598E-16
4462.93101340533  2.394601E-16
4463.79308235646  2.358721E-16
4464.65515130759  2.347036E-16
4465.51722025872  2.345807E-16
4466.37928920985  2.354138E-16
4467.24135816098  2.357113E-16
4468.10342711211  2.347175E-16
4468.96549606324  2.317197E-16
4469.82756501437  2.278238E-16
4470.6896339655  2.258144E-16
4471.55170291663  2.243468E-16
4472.41377186776  2.257175E-16
4473.27584081889  2.284934E-16
4474.13790977002  2.294833E-16
4474.99997872115  2.300828E-16
4475.86204767228  2.309129E-16
4476.72411662341  2.304301E-16
4477.58618557454  2.309681E-16
4478.44825452567  2.311444E-16
4479.3103234768  2.280979E-16
4480.17239242793  2.245838E-16
4481.03446137906  2.216152E-16
4481.89653033019  2.207064E-16
4482.75859928132  2.231636E-16
4483.62066823245  2.284483E-16
4484.48273718358  2.338678E-16
4485.34480613471  2.352883E-16
4486.20687508584  2.340513E-16
4487.06894403697  2.333380E-16
4487.9310129881  2.287557E-16
4488.79308193923  2.250113E-16
4489.65515089036  2.264320E-16
4490.51721984149  2.281352E-16
4491.37928879262  2.299749E-16
4492.24135774375  2.331607E-16
4493.10342669488  2.352505E-16
4493.96549564601  2.371575E-16
4494.82756459714  2.374825E-16
4495.68963354827  2.349098E-16
4496.5517024994  2.345557E-16
4497.41377145053  2.354663E-16
4498.27584040166  2.368162E-16
4499.13790935279  2.373213E-16
4499.99997830392  2.375603E-16
4500.86204725505  2.379293E-16
4501.72411620618  2.376335E-16
4502.58618515731  2.367171E-16
4503.44825410844  2.368092E-16
4504.31032305957  2.383348E-16
4505.1723920107  2.398683E-16
4506.03446096183  2.426373E-16
4506.89652991296  2.442324E-16
4507.75859886409  2.449401E-16
4508.62066781522  2.455183E-16
4509.48273676635  2.437822E-16
4510.34480571748  2.404828E-16
4511.20687466861  2.367375E-16
4512.06894361974  2.349705E-16
4512.93101257087  2.353328E-16
4513.793081522  2.361992E-16
4514.65515047313  2.360821E-16
4515.51721942426  2.375360E-16
4516.37928837539  2.376626E-16
4517.24135732652  2.345322E-16
4518.10342627765  2.332918E-16
4518.96549522878  2.329508E-16
4519.82756417991  2.331547E-16
4520.68963313104  2.373503E-16
4521.55170208217  2.422904E-16
4522.4137710333  2.443499E-16
4523.27583998443  2.443801E-16
4524.13790893556  2.431401E-16
4524.99997788669  2.410078E-16
4525.86204683782  2.381085E-16
4526.72411578895  2.347284E-16
4527.58618474008  2.344019E-16
4528.44825369121  2.341778E-16
4529.31032264234  2.324828E-16
4530.17239159347  2.341689E-16
4531.03446054459  2.365217E-16
4531.89652949573  2.364865E-16
4532.75859844685  2.367045E-16
4533.62066739799  2.364180E-16
4534.48273634912  2.347745E-16
4535.34480530025  2.356190E-16
4536.20687425137  2.374688E-16
4537.0689432025  2.378002E-16
4537.93101215363  2.394674E-16
4538.79308110477  2.427543E-16
4539.65515005589  2.504247E-16
4540.51721900702  2.698917E-16
4541.37928795815  3.039600E-16
4542.24135690928  3.445273E-16
4543.10342586041  3.814929E-16
4543.96549481154  4.038599E-16
4544.82756376267  3.987894E-16
4545.6896327138  3.693284E-16
4546.55170166493  3.284174E-16
4547.41377061606  2.872794E-16
4548.27583956719  2.557117E-16
4549.13790851832  2.400020E-16
4549.99997746945  2.368524E-16
4550.86204642058  2.383526E-16
4551.72411537171  2.384720E-16
4552.58618432284  2.373302E-16
4553.44825327397  2.375689E-16
4554.3103222251  2.360331E-16
4555.17239117623  2.352154E-16
4556.03446012736  2.371902E-16
4556.89652907849  2.371334E-16
4557.75859802962  2.359342E-16
4558.62066698075  2.354456E-16
4559.48273593188  2.326344E-16
4560.34480488301  2.304548E-16
4561.20687383414  2.322268E-16
4562.06894278527  2.345515E-16
4562.9310117364  2.355405E-16
4563.79308068753  2.352718E-16
4564.65514963866  2.359055E-16
4565.51721858979  2.355320E-16
4566.37928754092  2.332240E-16
4567.24135649205  2.313064E-16
4568.10342544318  2.317705E-16
4568.96549439431  2.322086E-16
4569.82756334544  2.323300E-16
4570.68963229657  2.333125E-16
4571.5517012477  2.331366E-16
4572.41377019883  2.324415E-16
4573.27583914996  2.316242E-16
4574.13790810109  2.275293E-16
4574.99997705222  2.233406E-16
4575.86204600335  2.229952E-16
4576.72411495448  2.223515E-16
4577.58618390561  2.214357E-16
4578.44825285674  2.240617E-16
4579.31032180787  2.246543E-16
4580.172390759  2.230631E-16
4581.03445971013  2.236412E-16
4581.89652866126  2.245993E-16
4582.75859761239  2.253167E-16
4583.62066656352  2.264701E-16
4584.48273551465  2.262955E-16
4585.34480446578  2.250216E-16
4586.20687341691  2.226048E-16
4587.06894236804  2.205035E-16
4587.93101131917  2.211631E-16
4588.7930802703  2.245120E-16
4589.65514922143  2.275488E-16
4590.51721817256  2.290202E-16
4591.37928712369  2.280376E-16
4592.24135607482  2.250871E-16
4593.10342502595  2.232037E-16
4593.96549397708  2.221210E-16
4594.82756292821  2.211583E-16
4595.68963187934  2.207310E-16
4596.55170083047  2.221138E-16
4597.4137697816  2.210168E-16
4598.27583873273  2.201120E-16
4599.13790768386  2.228364E-16
4599.99997663499  2.261449E-16
4600.86204558612  2.290207E-16
4601.72411453725  2.300518E-16
4602.58618348838  2.289587E-16
4603.44825243951  2.257539E-16
4604.31032139064  2.241092E-16
4605.17239034177  2.231704E-16
4606.0344592929  2.225395E-16
4606.89652824403  2.228312E-16
4607.75859719516  2.235828E-16
4608.62066614629  2.232472E-16
4609.48273509742  2.209829E-16
4610.34480404855  2.200088E-16
4611.20687299968  2.196278E-16
4612.06894195081  2.165962E-16
4612.93101090194  2.140265E-16
4613.79307985307  2.134312E-16
4614.6551488042  2.142903E-16
4615.51721775533  2.168472E-16
4616.37928670646  2.195341E-16
4617.24135565759  2.208869E-16
4618.10342460872  2.232970E-16
4618.96549355985  2.252321E-16
4619.82756251097  2.236324E-16
4620.68963146211  2.231380E-16
4621.55170041324  2.242213E-16
4622.41376936437  2.237207E-16
4623.2758383155  2.226194E-16
4624.13790726663  2.224250E-16
4624.99997621776  2.242205E-16
4625.86204516889  2.247905E-16
4626.72411412002  2.252559E-16
4627.58618307115  2.247202E-16
4628.44825202228  2.221756E-16
4629.31032097341  2.178928E-16
4630.17238992453  2.158878E-16
4631.03445887567  2.155263E-16
4631.8965278268  2.173663E-16
4632.75859677793  2.208663E-16
4633.62066572906  2.239885E-16
4634.48273468019  2.266656E-16
4635.34480363131  2.267581E-16
4636.20687258244  2.255495E-16
4637.06894153357  2.240013E-16
4637.93101048471  2.156623E-16
4638.79307943583  2.027334E-16
4639.65514838696  1.988060E-16
4640.51721733809  2.003221E-16
4641.37928628922  2.037757E-16
4642.24135524035  2.130195E-16
4643.10342419148  2.257699E-16
4643.96549314261  2.300820E-16
4644.82756209374  2.294801E-16
4645.68963104487  2.262649E-16
4646.551699996  2.248321E-16
4647.41376894713  2.237760E-16
4648.27583789826  2.227628E-16
4649.13790684939  2.223384E-16
4649.99997580052  2.230046E-16
4650.86204475165  2.236566E-16
4651.72411370278  2.255286E-16
4652.58618265391  2.274158E-16
4653.44825160504  2.262339E-16
4654.31032055617  2.242910E-16
4655.1723895073  2.230084E-16
4656.03445845843  2.196960E-16
4656.89652740956  2.177540E-16
4657.75859636069  2.187601E-16
4658.62066531182  2.212637E-16
4659.48273426295  2.222343E-16
4660.34480321408  2.235476E-16
4661.20687216521  2.251843E-16
4662.06894111634  2.258818E-16
4662.93101006747  2.255216E-16
4663.7930790186  2.266205E-16
4664.65514796973  2.271514E-16
4665.51721692086  2.251046E-16
4666.37928587199  2.232220E-16
4667.24135482312  2.238565E-16
4668.10342377425  2.233845E-16
4668.96549272538  2.219076E-16
4669.82756167651  2.219326E-16
4670.68963062764  2.203160E-16
4671.55169957877  2.168476E-16
4672.4137685299  2.155384E-16
4673.27583748103  2.179638E-16
4674.13790643216  2.173262E-16
4674.99997538329  2.177049E-16
4675.86204433442  2.203491E-16
4676.72411328555  2.208192E-16
4677.58618223668  2.199008E-16
4678.44825118781  2.209822E-16
4679.31032013894  2.229477E-16
4680.17238909007  2.228758E-16
4681.0344580412  2.216630E-16
4681.89652699233  2.202032E-16
4682.75859594346  2.199437E-16
4683.62066489459  2.181452E-16
4684.48273384572  2.167811E-16
4685.34480279685  2.181915E-16
4686.20687174798  2.198331E-16
4687.06894069911  2.185820E-16
4687.93100965024  2.180650E-16
4688.79307860137  2.173056E-16
4689.6551475525  2.157220E-16
4690.51721650363  2.139052E-16
4691.37928545476  2.145776E-16
4692.24135440589  2.170525E-16
4693.10342335702  2.188998E-16
4693.96549230815  2.198097E-16
4694.82756125928  2.187618E-16
4695.68963021041  2.175620E-16
4696.55169916154  2.144185E-16
4697.41376811267  2.108271E-16
4698.2758370638  2.095254E-16
4699.13790601493  2.109868E-16
4699.99997496606  2.125008E-16
4700.86204391719  2.141525E-16
4701.72411286832  2.170280E-16
4702.58618181945  2.171132E-16
4703.44825077058  2.167415E-16
4704.31031972171  2.170854E-16
4705.17238867284  2.183913E-16
4706.03445762397  2.185036E-16
4706.8965265751  2.190627E-16
4707.75859552623  2.204101E-16
4708.62066447736  2.207718E-16
4709.48273342849  2.212953E-16
4710.34480237962  2.206452E-16
4711.20687133075  2.177071E-16
4712.06894028188  2.144972E-16
4712.93100923301  2.137696E-16
4713.79307818414  2.141787E-16
4714.65514713527  2.163744E-16
4715.5172160864  2.188070E-16
4716.37928503753  2.201718E-16
4717.24135398866  2.188798E-16
4718.10342293979  2.169549E-16
4718.96549189092  2.164832E-16
4719.82756084205  2.164514E-16
4720.68962979318  2.179311E-16
4721.55169874431  2.194868E-16
4722.41376769544  2.179390E-16
4723.27583664657  2.156544E-16
4724.1379055977  2.173703E-16
4724.99997454883  2.167581E-16
4725.86204349996  2.164988E-16
4726.72411245109  2.179563E-16
4727.58618140222  2.183448E-16
4728.44825035335  2.191330E-16
4729.31031930448  2.194264E-16
4730.17238825561  2.194325E-16
4731.03445720674  2.196751E-16
4731.89652615787  2.186619E-16
4732.758595109  2.159661E-16
4733.62066406013  2.141353E-16
4734.48273301126  1.998586E-16
4735.34480196239  1.899535E-16
4736.20687091352  1.900741E-16
4737.06893986465  1.909371E-16
4737.93100881578  1.932372E-16
4738.79307776691  2.072955E-16
4739.65514671803  2.180357E-16
4740.51721566917  2.195807E-16
4741.3792846203  2.178205E-16
4742.24135357142  2.173744E-16
4743.10342252256  2.186078E-16
4743.96549147369  2.162949E-16
4744.82756042481  2.143507E-16
4745.68962937594  2.156910E-16
4746.55169832707  2.135377E-16
4747.41376727821  2.098566E-16
4748.27583622933  2.099823E-16
4749.13790518046  2.118433E-16
4749.99997413159  2.121402E-16
4750.86204308272  2.142991E-16
4751.72411203385  2.169994E-16
4752.58618098498  2.181926E-16
4753.44824993611  2.161396E-16
4754.31031888724  2.156088E-16
4755.17238783837  2.165455E-16
4756.0344567895  2.161516E-16
4756.89652574063  2.146454E-16
4757.75859469176  2.151715E-16
4758.62066364289  2.150208E-16
4759.48273259402  2.134067E-16
4760.34480154515  2.124515E-16
4761.20687049628  2.133676E-16
4762.06893944741  2.124698E-16
4762.93100839854  2.107537E-16
4763.79307734967  2.104151E-16
4764.6551463008  2.105783E-16
4765.51721525193  2.092226E-16
4766.37928420306  2.112138E-16
4767.24135315419  2.124641E-16
4768.10342210532  2.102453E-16
4768.96549105645  2.113272E-16
4769.82756000758  2.147572E-16
4770.68962895871  2.144156E-16
4771.55169790984  2.138250E-16
4772.41376686097  2.155174E-16
4773.2758358121  2.144673E-16
4774.13790476323  2.133208E-16
4774.99997371436  2.155874E-16
4775.86204266549  2.189716E-16
4776.72411161662  2.202191E-16
4777.58618056775  2.205633E-16
4778.44824951888  2.198140E-16
4779.31031847001  2.174720E-16
4780.17238742114  2.151498E-16
4781.03445637227  2.144239E-16
4781.8965253234  2.141574E-16
4782.75859427453  2.141262E-16
4783.62066322566  2.137480E-16
4784.48273217679  2.129761E-16
4785.34480112792  2.133906E-16
4786.20687007905  2.154984E-16
4787.06893903018  2.153752E-16
4787.93100798131  2.146617E-16
4788.79307693244  2.159726E-16
4789.65514588357  2.158846E-16
4790.5172148347  2.128538E-16
4791.37928378583  2.103422E-16
4792.24135273696  2.104462E-16
4793.10342168809  2.086655E-16
4793.96549063922  2.049628E-16
4794.82755959035  2.035908E-16
4795.68962854148  2.057415E-16
4796.55169749261  2.064551E-16
4797.41376644374  2.069884E-16
4798.27583539487  2.100025E-16
4799.137904346  2.117204E-16
4799.99997329713  2.091588E-16
4800.86204224826  2.063263E-16
4801.72411119939  2.056232E-16
4802.58618015052  2.055290E-16
4803.44824910165  2.119185E-16
4804.31031805278  2.368854E-16
4805.17238700391  2.815756E-16
4806.03445595504  3.367787E-16
4806.89652490617  4.007624E-16
4807.7585938573  4.561062E-16
4808.62066280843  4.729020E-16
4809.48273175956  4.473068E-16
4810.34480071069  3.957534E-16
4811.20686966182  3.311555E-16
4812.06893861295  2.689884E-16
4812.93100756408  2.272789E-16
4813.79307651521  2.084913E-16
4814.65514546634  2.038776E-16
4815.51721441747  2.022981E-16
4816.3792833686  2.000043E-16
4817.24135231973  1.995644E-16
4818.10342127086  1.998600E-16
4818.96549022199  1.986981E-16
4819.82755917312  1.964011E-16
4820.68962812425  1.967433E-16
4821.55169707538  1.975989E-16
4822.41376602651  1.958869E-16
4823.27583497764  1.941760E-16
4824.13790392877  1.936128E-16
4824.9999728799  1.916356E-16
4825.86204183103  1.887550E-16
4826.72411078216  1.884986E-16
4827.58617973329  1.896434E-16
4828.44824868442  1.906510E-16
4829.31031763555  1.942131E-16
4830.17238658668  2.011067E-16
4831.03445553781  2.090837E-16
4831.89652448894  2.190101E-16
4832.75859344007  2.299818E-16
4833.6206623912  2.338981E-16
4834.48273134233  2.297685E-16
4835.34480029346  2.216932E-16
4836.20686924458  2.101894E-16
4837.06893819572  1.959539E-16
4837.93100714685  1.861272E-16
4838.79307609798  1.811204E-16
4839.65514504911  1.777867E-16
4840.51721400023  1.757542E-16
4841.37928295136  1.764513E-16
4842.2413519025  1.756059E-16
4843.10342085363  1.755062E-16
4843.96548980475  1.782351E-16
4844.82755875588  1.793067E-16
4845.68962770701  1.773492E-16
4846.55169665814  1.778468E-16
4847.41376560927  1.768947E-16
4848.2758345604  1.730434E-16
4849.13790351153  1.710474E-16
4849.99997246266  1.718397E-16
4850.86204141379  1.727645E-16
4851.72411036492  1.731179E-16
4852.58617931605  1.741238E-16
4853.44824826718  1.756165E-16
4854.31031721831  1.765368E-16
4855.17238616944  1.765522E-16
4856.03445512057  1.757910E-16
4856.8965240717  1.762925E-16
4857.75859302283  1.770807E-16
4858.62066197396  1.773078E-16
4859.48273092509  1.770883E-16
4860.34479987622  1.791545E-16
4861.20686882735  1.799530E-16
4862.06893777848  1.799268E-16
4862.93100672961  1.804691E-16
4863.79307568074  1.816151E-16
4864.65514463187  1.812863E-16
4865.517213583  1.805181E-16
4866.37928253413  1.789048E-16
4867.24135148526  1.770143E-16
4868.10342043639  1.767827E-16
4868.96548938752  1.781622E-16
4869.82755833865  1.793967E-16
4870.68962728978  1.799772E-16
4871.55169624091  1.813465E-16
4872.41376519204  1.810947E-16
4873.27583414317  1.808554E-16
4874.1379030943  1.807441E-16
4874.99997204543  1.823548E-16
4875.86204099656  1.832538E-16
4876.72410994769  1.846253E-16
4877.58617889882  1.847326E-16
4878.44824784995  1.837766E-16
4879.31031680108  1.845260E-16
4880.17238575221  1.877860E-16
4881.03445470334  1.882662E-16
4881.89652365447  1.900689E-16
4882.7585926056  1.917831E-16
4883.62066155673  1.896660E-16
4884.48273050786  1.872398E-16
4885.34479945899  1.883270E-16
4886.20686841012  1.894335E-16
4887.06893736125  1.899927E-16
4887.93100631238  1.913511E-16
4888.79307526351  1.916596E-16
4889.65514421464  1.911636E-16
4890.51721316577  1.915788E-16
4891.3792821169  1.933759E-16
4892.24135106803  1.941985E-16
4893.10342001916  1.941027E-16
4893.96548897029  1.936429E-16
4894.82755792142  1.911143E-16
4895.68962687255  1.918406E-16
4896.55169582368  1.957673E-16
4897.41376477481  1.986315E-16
4898.27583372594  2.002910E-16
4899.13790267707  2.036110E-16
4899.9999716282  2.045569E-16
4900.86204057933  2.020437E-16
4901.72410953046  2.010547E-16
4902.58617848159  2.021685E-16
4903.44824743272  2.012676E-16
4904.31031638385  2.013675E-16
4905.17238533498  2.038811E-16
4906.03445428611  2.044702E-16
4906.89652323724  2.048903E-16
4907.75859218837  2.067580E-16
4908.6206611395  2.089616E-16
4909.48273009063  2.107111E-16
4910.34479904176  2.133942E-16
4911.20686799289  2.133731E-16
4912.06893694402  2.119309E-16
4912.93100589515  2.089131E-16
4913.79307484628  2.053825E-16
4914.65514379741  2.029322E-16
4915.51721274854  2.035065E-16
4916.37928169967  2.050021E-16
4917.2413506508  2.064864E-16
4918.10341960193  2.093409E-16
4918.96548855306  2.109410E-16
4919.82755750419  2.111018E-16
4920.68962645532  2.121876E-16
4921.55169540645  2.121913E-16
4922.41376435758  2.110812E-16
4923.27583330871  2.107671E-16
4924.13790225984  2.108856E-16
4924.99997121097  2.121512E-16
4925.8620401621  2.142002E-16
4926.72410911323  2.150164E-16
4927.58617806436  2.148217E-16
4928.44824701549  2.149626E-16
4929.31031596662  2.163234E-16
4930.17238491775  2.185427E-16
4931.03445386888  2.203847E-16
4931.89652282001  2.225007E-16
4932.75859177114  2.247036E-16
4933.62066072227  2.223283E-16
4934.4827296734  2.204869E-16
4935.34479862453  2.219823E-16
4936.20686757566  2.244032E-16
4937.06893652679  2.248293E-16
4937.93100547792  2.270068E-16
4938.79307442905  2.276298E-16
4939.65514338017  2.265503E-16
4940.5172123313  2.252513E-16
4941.37928128244  2.265489E-16
4942.24135023357  2.278736E-16
4943.10341918469  2.292434E-16
4943.96548813582  2.286869E-16
4944.82755708695  2.295598E-16
4945.68962603808  2.304654E-16
4946.55169498922  2.302945E-16
4947.41376394035  2.300782E-16
4948.27583289147  2.310045E-16
4949.1379018426  2.329813E-16
4949.99997079373  2.365658E-16
4950.86203974486  2.442251E-16
4951.72410869599  2.519406E-16
4952.58617764712  2.581463E-16
4953.44824659825  2.609140E-16
4954.31031554938  2.577802E-16
4955.17238450051  2.481356E-16
4956.03445345164  2.406140E-16
4956.89652240277  2.372890E-16
4957.7585913539  2.349108E-16
4958.62066030503  2.343516E-16
4959.48272925616  2.359186E-16
4960.34479820729  2.349961E-16
4961.20686715842  2.333517E-16
4962.06893610955  2.335887E-16
4962.93100506068  2.328543E-16
4963.79307401181  2.312565E-16
4964.65514296294  2.331143E-16
4965.51721191407  2.343552E-16
4966.3792808652  2.323084E-16
4967.24134981633  2.319402E-16
4968.10341876746  2.346100E-16
4968.96548771859  2.341587E-16
4969.82755666972  2.334938E-16
4970.68962562085  2.350120E-16
4971.55169457198  2.376605E-16
4972.41376352311  2.401455E-16
4973.27583247424  2.429838E-16
4974.13790142537  2.441257E-16
4974.9999703765  2.445388E-16
4975.86203932763  2.452256E-16
4976.72410827876  2.452408E-16
4977.58617722989  2.457466E-16
4978.44824618102  2.470440E-16
4979.31031513215  2.463155E-16
4980.17238408328  2.451649E-16
4981.03445303441  2.446379E-16
4981.89652198554  2.443628E-16
4982.75859093667  2.430942E-16
4983.6206598878  2.423679E-16
4984.48272883893  2.306045E-16
4985.34479779006  2.177305E-16
4986.20686674119  2.142580E-16
4987.06893569232  2.161552E-16
4987.93100464345  2.199389E-16
4988.79307359458  2.322233E-16
4989.65514254571  2.448939E-16
4990.51721149684  2.488692E-16
4991.37928044797  2.494101E-16
4992.2413493991  2.493480E-16
4993.10341835023  2.507198E-16
4993.96548730136  2.512730E-16
4994.82755625249  2.509078E-16
4995.68962520362  2.511782E-16
4996.55169415475  2.517497E-16
4997.41376310588  2.525926E-16
4998.27583205701  2.544708E-16
4999.13790100814  2.558622E-16
4999.99996995927  2.549455E-16
5000.8620389104  2.526197E-16
5001.72410786153  2.496923E-16
5002.58617681266  2.468802E-16
5003.44824576379  2.457172E-16
5004.31031471492  2.466237E-16
5005.17238366605  2.490220E-16
5006.03445261718  2.520001E-16
5006.89652156831  2.539953E-16
5007.75859051944  2.543342E-16
5008.62065947057  2.527453E-16
5009.4827284217  2.503265E-16
5010.34479737283  2.492868E-16
5011.20686632396  2.495473E-16
5012.06893527509  2.514708E-16
5012.93100422622  2.535914E-16
5013.79307317735  2.529404E-16
5014.65514212848  2.521050E-16
5015.51721107961  2.529778E-16
5016.37928003074  2.526985E-16
5017.24134898187  2.532758E-16
5018.103417933  2.571374E-16
5018.96548688413  2.602020E-16
5019.82755583526  2.607046E-16
5020.68962478639  2.593335E-16
5021.55169373752  2.565483E-16
5022.41376268865  2.536405E-16
5023.27583163978  2.522355E-16
5024.13790059091  2.518775E-16
5024.99996954204  2.526402E-16
5025.86203849317  2.549356E-16
5026.7241074443  2.585018E-16
5027.58617639543  2.605612E-16
5028.44824534656  2.585050E-16
5029.31031429769  2.561764E-16
5030.17238324882  2.565936E-16
5031.03445219995  2.556962E-16
5031.89652115108  2.557670E-16
5032.75859010221  2.608491E-16
5033.62065905334  2.634987E-16
5034.48272800447  2.627514E-16
5035.3447969556  2.638509E-16
5036.20686590673  2.647919E-16
5037.06893485786  2.644534E-16
5037.93100380899  2.666962E-16
5038.79307276012  2.705364E-16
5039.65514171125  2.720687E-16
5040.51721066238  2.700504E-16
5041.37927961351  2.665076E-16
5042.24134856464  2.642753E-16
5043.10341751576  2.634777E-16
5043.9654864669  2.627004E-16
5044.82755541803  2.644281E-16
5045.68962436916  2.697455E-16
5046.55169332028  2.732158E-16
5047.41376227141  2.719900E-16
5048.27583122254  2.719240E-16
5049.13790017368  2.711690E-16
5049.99996912481  2.691112E-16
5050.86203807593  2.700595E-16
5051.72410702706  2.722741E-16
5052.58617597819  2.729530E-16
5053.44824492932  2.742599E-16
5054.31031388046  2.751916E-16
5055.17238283158  2.730953E-16
5056.03445178271  2.711192E-16
5056.89652073384  2.729221E-16
5057.75858968497  2.751050E-16
5058.6206586361  2.755207E-16
5059.48272758723  2.760590E-16
5060.34479653836  2.792584E-16
5061.20686548949  2.797616E-16
5062.06893444062  2.801929E-16
5062.93100339175  2.805724E-16
5063.79307234288  2.821439E-16
5064.65514129401  2.821002E-16
5065.51721024514  2.822792E-16
5066.37927919627  2.828558E-16
5067.2413481474  2.838344E-16
5068.10341709853  2.831391E-16
5068.96548604966  2.820339E-16
5069.82755500079  2.783623E-16
5070.68962395192  2.735182E-16
5071.55169290305  2.717771E-16
5072.41376185418  2.725803E-16
5073.27583080531  2.749212E-16
5074.13789975644  2.780416E-16
5074.99996870757  2.802559E-16
5075.8620376587  2.805970E-16
5076.72410660983  2.785782E-16
5077.58617556096  2.754612E-16
5078.44824451209  2.749885E-16
5079.31031346322  2.774227E-16
5080.17238241435  2.769774E-16
5081.03445136548  2.775145E-16
5081.89652031661  2.796438E-16
5082.75858926774  2.818351E-16
5083.62065821887  2.817417E-16
5084.48272717  2.817033E-16
5085.34479612113  2.811059E-16
5086.20686507226  2.809059E-16
5087.06893402339  2.748531E-16
5087.93100297452  2.624259E-16
5088.79307192565  2.602909E-16
5089.65514087678  2.627821E-16
5090.51720982791  2.631128E-16
5091.37927877904  2.694038E-16
5092.24134773017  2.838811E-16
5093.1034166813  2.886946E-16
5093.96548563243  2.893033E-16
5094.82755458356  2.895229E-16
5095.68962353469  2.881221E-16
5096.55169248582  2.861444E-16
5097.41376143695  2.872209E-16
5098.27583038808  2.891422E-16
5099.13789933921  2.874007E-16
5099.99996829034  2.868935E-16
5100.86203724147  2.864985E-16
5101.7241061926  2.842294E-16
5102.58617514373  2.832655E-16
5103.44824409486  2.863722E-16
5104.31031304599  2.854992E-16
5105.17238199712  2.855240E-16
5106.03445094825  2.876449E-16
5106.89651989938  2.862290E-16
5107.75858885051  2.850217E-16
5108.62065780164  2.886329E-16
5109.48272675277  2.891082E-16
5110.3447957039  2.888925E-16
5111.20686465503  2.910561E-16
5112.06893360616  2.897847E-16
5112.93100255729  2.855247E-16
5113.79307150842  2.848201E-16
5114.65514045955  2.839834E-16
5115.51720941068  2.803640E-16
5116.37927836181  2.804373E-16
5117.24134731294  2.826990E-16
5118.10341626407  2.835317E-16
5118.9654852152  2.839210E-16
5119.82755416633  2.846654E-16
5120.68962311746  2.844139E-16
5121.55169206859  2.836350E-16
5122.41376101972  2.826648E-16
5123.27582997085  2.810468E-16
5124.13789892198  2.786508E-16
5124.99996787311  2.784379E-16
5125.86203682424  2.794332E-16
5126.72410577537  2.811821E-16
5127.5861747265  2.821685E-16
5128.44824367763  2.838692E-16
5129.31031262876  2.856402E-16
5130.17238157989  2.876297E-16
5131.03445053102  2.863980E-16
5131.89651948215  2.847034E-16
5132.75858843328  2.854191E-16
5133.62065738441  2.837915E-16
5134.48272633554  2.804840E-16
5135.34479528667  2.787934E-16
5136.2068642378  2.789130E-16
5137.06893318893  2.770964E-16
5137.93100214006  2.771740E-16
5138.79307109118  2.778743E-16
5139.65514004232  2.789353E-16
5140.51720899345  2.794202E-16
5141.37927794457  2.795509E-16
5142.24134689571  2.778471E-16
5143.10341584684  2.770222E-16
5143.96548479797  2.772499E-16
5144.82755374909  2.752688E-16
5145.68962270023  2.760460E-16
5146.55169165136  2.780685E-16
5147.41376060248  2.765001E-16
5148.27582955362  2.736756E-16
5149.13789850474  2.735178E-16
5149.99996745587  2.736574E-16
5150.862036407  2.719428E-16
5151.72410535813  2.702390E-16
5152.58617430926  2.669814E-16
5153.44824326039  2.647286E-16
5154.31031221152  2.599400E-16
5155.17238116265  2.549902E-16
5156.03445011378  2.530365E-16
5156.89651906491  2.538933E-16
5157.75858801604  2.549489E-16
5158.62065696717  2.555420E-16
5159.4827259183  2.578839E-16
5160.34479486943  2.611549E-16
5161.20686382056  2.625021E-16
5162.06893277169  2.599862E-16
5162.93100172282  2.589949E-16
5163.79307067395  2.586507E-16
5164.65513962508  2.562685E-16
5165.51720857621  2.534304E-16
5166.37927752734  2.524594E-16
5167.24134647847  2.532480E-16
5168.1034154296  2.519063E-16
5168.96548438073  2.493353E-16
5169.82755333186  2.491854E-16
5170.68962228299  2.490362E-16
5171.55169123412  2.463610E-16
5172.41376018525  2.457940E-16
5173.27582913638  2.473919E-16
5174.13789808751  2.466328E-16
5174.99996703864  2.451006E-16
5175.86203598977  2.451045E-16
5176.7241049409  2.438413E-16
5177.58617389203  2.422593E-16
5178.44824284316  2.416953E-16
5179.31031179429  2.397729E-16
5180.17238074542  2.380081E-16
5181.03444969655  2.373617E-16
5181.89651864768  2.346287E-16
5182.75858759881  2.308031E-16
5183.62065654994  2.304054E-16
5184.48272550107  2.302387E-16
5185.3447944522  2.284293E-16
5186.20686340333  2.278422E-16
5187.06893235446  2.303351E-16
5187.93100130559  2.318099E-16
5188.79307025672  2.309555E-16
5189.65513920785  2.308473E-16
5190.51720815898  2.311394E-16
5191.37927711011  2.304404E-16
5192.24134606124  2.293336E-16
5193.10341501237  2.298767E-16
5193.9654839635  2.292067E-16
5194.82755291463  2.272762E-16
5195.68962186576  2.248742E-16
5196.55169081689  2.226909E-16
5197.41375976802  2.204655E-16
5198.27582871915  2.179443E-16
5199.13789767028  2.159042E-16
5199.99996662141  2.147123E-16
5200.86203557254  2.140460E-16
5201.72410452367  2.150451E-16
5202.5861734748  2.182704E-16
5203.44824242593  2.207839E-16
5204.31031137706  2.208998E-16
5205.17238032819  2.198238E-16
5206.03444927932  2.178975E-16
5206.89651823045  2.172300E-16
5207.75858718158  2.178698E-16
5208.62065613271  2.173172E-16
5209.48272508384  2.180358E-16
5210.34479403497  2.195708E-16
5211.2068629861  2.194431E-16
5212.06893193723  2.196255E-16
5212.93100088836  2.207398E-16
5213.79306983949  2.206860E-16
5214.65513879062  2.182388E-16
5215.51720774175  2.148657E-16
5216.37927669288  2.128484E-16
5217.24134564401  2.121111E-16
5218.10341459514  2.123735E-16
5218.96548354627  2.117978E-16
5219.8275524974  2.091571E-16
5220.68962144853  2.059100E-16
5221.55169039966  2.036192E-16
5222.41375935079  2.027948E-16
5223.27582830192  2.041432E-16
5224.13789725305  2.060076E-16
5224.99996620418  2.073128E-16
5225.86203515531  2.095552E-16
5226.72410410644  2.079983E-16
5227.58617305757  2.061807E-16
5228.4482420087  2.064741E-16
5229.31031095983  2.069306E-16
5230.17237991096  2.050314E-16
5231.03444886209  2.023540E-16
5231.89651781322  1.983574E-16
5232.75858676435  1.958461E-16
5233.62065571548  1.942965E-16
5234.48272466661  1.947224E-16
5235.34479361774  1.992443E-16
5236.20686256887  2.024112E-16
5237.06893152  2.032401E-16
5237.93100047113  2.018218E-16
5238.79306942226  1.997140E-16
5239.65513837339  1.974681E-16
5240.51720732452  1.976148E-16
5241.37927627565  1.998033E-16
5242.24134522678  2.023901E-16
5243.10341417791  2.028232E-16
5243.96548312904  2.023945E-16
5244.82755208017  2.008079E-16
5245.68962103129  1.974712E-16
5246.55168998243  1.974924E-16
5247.41375893356  2.013508E-16
5248.27582788469  2.026042E-16
5249.13789683582  2.036888E-16
5249.99996578694  2.054406E-16
5250.86203473808  2.043616E-16
5251.72410368921  2.008352E-16
5252.58617264034  1.983793E-16
5253.44824159147  1.967708E-16
5254.31031054259  1.949226E-16
5255.17237949372  1.943126E-16
5256.03444844486  1.944071E-16
5256.89651739598  1.956395E-16
5257.75858634712  1.957241E-16
5258.62065529824  1.971652E-16
5259.48272424937  1.975854E-16
5260.3447932005  1.988906E-16
5261.20686215163  2.000563E-16
5262.06893110276  2.030067E-16
5262.93100005389  2.036183E-16
5263.79306900502  2.046471E-16
5264.65513795615  2.049541E-16
5265.51720690728  2.057776E-16
5266.37927585841  2.009512E-16
5267.24134480954  1.979851E-16
5268.10341376067  1.979353E-16
5268.9654827118  1.978068E-16
5269.82755166293  1.972821E-16
5270.68962061406  2.020409E-16
5271.55168956519  2.055128E-16
5272.41375851632  2.050485E-16
5273.27582746745  2.024210E-16
5274.13789641858  2.019721E-16
5274.99996536971  2.026897E-16
5275.86203432084  2.028417E-16
5276.72410327197  2.027696E-16
5277.5861722231  2.052604E-16
5278.44824117423  2.030692E-16
5279.31031012536  2.008324E-16
5280.17237907649  1.992272E-16
5281.03444802762  1.994119E-16
5281.89651697875  1.981238E-16
5282.75858592988  1.960744E-16
5283.62065488101  1.951377E-16
5284.48272383214  1.969350E-16
5285.34479278327  1.985938E-16
5286.2068617344  2.025656E-16
5287.06893068553  2.115759E-16
5287.93099963666  2.175056E-16
5288.79306858779  2.216471E-16
5289.65513753892  2.228717E-16
5290.51720649005  2.213902E-16
5291.37927544118  2.198989E-16
5292.24134439231  2.108764E-16
5293.10341334344  1.990387E-16
5293.96548229457  1.957993E-16
5294.8275512457  1.983136E-16
5295.68962019683  1.971531E-16
5296.55168914796  2.017177E-16
5297.41375809909  2.138159E-16
5298.27582705022  2.089694E-16
5299.13789600135  2.102602E-16
