3500.  2.143712E-15
3502.9826464653  2.092362E-15
3505.9652929306  2.078921E-15
3508.9479393959  2.085048E-15
3511.93058586121  2.088109E-15
3514.91323232651  2.080710E-15
3517.89587879181  2.060798E-15
3520.87852525711  2.046484E-15
3523.86117172241  2.003278E-15
3526.84381818771  1.970040E-15
3529.82646465301  1.928567E-15
3532.80911111832  1.930170E-15
3535.79175758362  1.962255E-15
3538.77440404892  2.000915E-15
3541.75705051422  2.018705E-15
3544.73969697952  2.004243E-15
3547.72234344482  2.020783E-15
3550.70498991013  2.043890E-15
3553.68763637543  2.049399E-15
3556.67028284073  1.999535E-15
3559.65292930603  1.918276E-15
3562.63557577133  1.860442E-15
3565.61822223663  1.801888E-15
3568.60086870193  1.799638E-15
3571.58351516724  1.823716E-15
3574.56616163254  1.865975E-15
3577.54880809784  1.860157E-15
3580.53145456314  1.830017E-15
3583.51410102844  1.809765E-15
3586.49674749374  1.805671E-15
3589.47939395904  1.835300E-15
3592.46204042435  1.866219E-15
3595.44468688965  1.882454E-15
3598.42733335495  1.860242E-15
3601.40997982025  1.849682E-15
3604.39262628555  1.807588E-15
3607.37527275085  1.766942E-15
3610.35791921616  1.728928E-15
3613.34056568146  1.750576E-15
3616.32321214676  1.775533E-15
3619.30585861206  1.795750E-15
3622.28850507736  1.800828E-15
3625.27115154266  1.790768E-15
3628.25379800796  1.780357E-15
3631.23644447327  1.780197E-15
3634.21909093857  1.794842E-15
3637.20173740387  1.813021E-15
3640.18438386917  1.813212E-15
3643.16703033447  1.826839E-15
3646.14967679977  1.816956E-15
3649.13232326508  1.800718E-15
3652.11496973038  1.770320E-15
3655.09761619568  1.762420E-15
3658.08026266098  1.817509E-15
3661.06290912628  1.861699E-15
3664.04555559158  1.882580E-15
3667.02820205688  1.871133E-15
3670.01084852219  1.847409E-15
3672.99349498749  1.851197E-15
3675.97614145279  1.862764E-15
3678.95878791809  1.875356E-15
3681.94143438339  1.862061E-15
3684.92408084869  1.817954E-15
3687.906727314  1.822363E-15
3690.8893737793  1.825622E-15
3693.8720202446  1.831803E-15
3696.8546667099  1.814011E-15
3699.8373131752  1.817285E-15
3702.8199596405  1.821000E-15
3705.8026061058  1.793310E-15
3708.78525257111  1.762135E-15
3711.76789903641  1.755860E-15
3714.75054550171  1.796446E-15
3717.73319196701  1.807965E-15
3720.71583843231  1.773513E-15
3723.69848489761  1.723100E-15
3726.68113136291  1.683150E-15
3729.66377782822  1.659511E-15
3732.64642429352  1.638337E-15
3735.62907075882  1.607593E-15
3738.61171722412  1.588489E-15
3741.59436368942  1.583095E-15
3744.57701015472  1.617736E-15
3747.55965662003  1.669546E-15
3750.54230308533  1.697783E-15
3753.52494955063  1.715758E-15
3756.50759601593  1.719360E-15
3759.49024248123  1.738951E-15
3762.47288894653  1.764272E-15
3765.45553541183  1.770196E-15
3768.43818187714  1.765704E-15
3771.42082834244  1.769995E-15
3774.40347480774  1.795276E-15
3777.38612127304  1.822524E-15
3780.36876773834  1.815952E-15
3783.35141420364  1.793059E-15
3786.33406066894  1.763321E-15
3789.31670713425  1.766479E-15
3792.29935359955  1.793555E-15
3795.28200006485  1.820440E-15
3798.26464653015  1.835179E-15
3801.24729299545  1.810457E-15
3804.22993946075  1.789824E-15
3807.21258592606  1.760129E-15
3810.19523239136  1.762774E-15
3813.17787885666  1.767688E-15
3816.16052532196  1.766762E-15
3819.14317178726  1.750433E-15
3822.12581825256  1.729342E-15
3825.10846471786  1.733528E-15
3828.09111118317  1.745188E-15
3831.07375764847  1.755888E-15
3834.05640411377  1.749584E-15
3837.03905057907  1.733679E-15
3840.02169704437  1.722426E-15
3843.00434350967  1.727980E-15
3845.98698997498  1.741296E-15
3848.96963644028  1.755978E-15
3851.95228290558  1.746238E-15
3854.93492937088  1.728435E-15
3857.91757583618  1.724096E-15
3860.90022230148  1.730080E-15
3863.88286876678  1.743659E-15
3866.86551523209  1.727143E-15
3869.84816169739  1.707569E-15
3872.83080816269  1.692572E-15
3875.81345462799  1.697207E-15
3878.79610109329  1.697567E-15
3881.77874755859  1.710068E-15
3884.76139402389  1.718441E-15
3887.7440404892  1.744690E-15
3890.7266869545  1.751819E-15
3893.7093334198  1.765403E-15
3896.6919798851  1.769752E-15
3899.6746263504  1.784944E-15
3902.6572728157  1.809972E-15
3905.63991928101  1.840243E-15
3908.62256574631  1.856175E-15
3911.60521221161  1.848578E-15
3914.58785867691  1.839968E-15
3917.57050514221  1.851513E-15
3920.55315160751  1.875623E-15
3923.53579807281  1.872980E-15
3926.51844453812  1.868318E-15
3929.50109100342  1.864974E-15
3932.48373746872  1.870107E-15
3935.46638393402  1.874043E-15
3938.44903039932  1.889522E-15
3941.43167686462  1.924695E-15
3944.41432332993  1.947565E-15
3947.39696979523  1.947676E-15
3950.37961626053  1.934317E-15
3953.36226272583  1.918752E-15
3956.34490919113  1.902925E-15
3959.32755565643  1.870348E-15
3962.31020212173  1.859867E-15
3965.29284858704  1.861496E-15
3968.27549505234  1.862639E-15
3971.25814151764  1.862659E-15
3974.24078798294  1.857773E-15
3977.22343444824  1.851423E-15
3980.20608091354  1.826731E-15
3983.18872737884  1.811288E-15
3986.17137384415  1.809287E-15
3989.15402030945  1.792332E-15
3992.13666677475  1.751649E-15
3995.11931324005  1.726705E-15
3998.10195970535  1.716945E-15
4001.08460617065  1.716840E-15
4004.06725263596  1.710802E-15
4007.04989910126  1.711972E-15
4010.03254556656  1.716776E-15
4013.01519203186  1.727004E-15
4015.99783849716  1.723827E-15
4018.98048496246  1.704531E-15
4021.96313142776  1.683173E-15
4024.94577789307  1.673952E-15
4027.92842435837  1.678238E-15
4030.91107082367  1.676134E-15
4033.89371728897  1.680180E-15
4036.87636375427  1.689450E-15
4039.85901021957  1.698874E-15
4042.84165668488  1.702067E-15
4045.82430315018  1.705648E-15
4048.80694961548  1.704950E-15
4051.78959608078  1.700619E-15
4054.77224254608  1.691173E-15
4057.75488901138  1.692621E-15
4060.73753547668  1.688834E-15
4063.72018194199  1.682323E-15
4066.70282840729  1.676334E-15
4069.68547487259  1.687696E-15
4072.66812133789  1.708947E-15
4075.65076780319  1.721106E-15
4078.63341426849  1.719644E-15
4081.6160607338  1.697710E-15
4084.5987071991  1.669651E-15
4087.5813536644  1.653534E-15
4090.5640001297  1.643118E-15
4093.546646595  1.641570E-15
4096.5292930603  1.642088E-15
4099.5119395256  1.647899E-15
4102.49458599091  1.650061E-15
4105.47723245621  1.645974E-15
4108.45987892151  1.656015E-15
4111.44252538681  1.673867E-15
4114.42517185211  1.731258E-15
4117.40781831741  1.860255E-15
4120.39046478271  2.059912E-15
4123.37311124802  2.252940E-15
4126.35575771332  2.332489E-15
4129.33840417862  2.273166E-15
4132.32105064392  2.103367E-15
4135.30369710922  1.925308E-15
4138.28634357452  1.799324E-15
4141.26899003982  1.734648E-15
4144.25163650513  1.717183E-15
4147.23428297043  1.710876E-15
4150.21692943573  1.709179E-15
4153.19957590103  1.701438E-15
4156.18222236633  1.692019E-15
4159.16486883163  1.678418E-15
4162.14751529694  1.647861E-15
4165.13016176224  1.633636E-15
4168.11280822754  1.629750E-15
4171.09545469284  1.629539E-15
4174.07810115814  1.612707E-15
4177.06074762344  1.597950E-15
4180.04339408874  1.579781E-15
4183.02604055405  1.550842E-15
4186.00868701935  1.522170E-15
4188.99133348465  1.509197E-15
4191.97397994995  1.506886E-15
4194.95662641525  1.517114E-15
4197.93927288055  1.533203E-15
4200.92191934586  1.543052E-15
4203.90456581116  1.543669E-15
4206.88721227646  1.532855E-15
4209.86985874176  1.518212E-15
4212.85250520706  1.504076E-15
4215.83515167236  1.486419E-15
4218.81779813767  1.475739E-15
4221.80044460297  1.458771E-15
4224.78309106827  1.438498E-15
4227.76573753357  1.431209E-15
4230.74838399887  1.430702E-15
4233.73103046417  1.431853E-15
4236.71367692947  1.437747E-15
4239.69632339478  1.442082E-15
4242.67896986008  1.446221E-15
4245.66161632538  1.442138E-15
4248.64426279068  1.436183E-15
4251.62690925598  1.441144E-15
4254.60955572128  1.439358E-15
4257.59220218658  1.441428E-15
4260.57484865189  1.440618E-15
4263.55749511719  1.444054E-15
4266.54014158249  1.446473E-15
4269.52278804779  1.463211E-15
4272.50543451309  1.489809E-15
4275.48808097839  1.543447E-15
4278.4707274437  1.608008E-15
4281.453373909  1.661276E-15
4284.4360203743  1.679538E-15
4287.4186668396  1.662976E-15
4290.4013133049  1.616774E-15
4293.3839597702  1.547710E-15
4296.3666062355  1.507015E-15
4299.34925270081  1.511291E-15
4302.33189916611  1.547657E-15
4305.31454563141  1.568454E-15
4308.29719209671  1.568084E-15
4311.27983856201  1.549293E-15
4314.26248502731  1.512958E-15
4317.24513149261  1.499889E-15
4320.22777795792  1.504662E-15
4323.21042442322  1.519674E-15
4326.19307088852  1.538152E-15
4329.17571735382  1.552540E-15
4332.15836381912  1.558273E-15
4335.14101028442  1.554691E-15
4338.12365674972  1.561243E-15
4341.10630321503  1.579559E-15
4344.08894968033  1.591886E-15
4347.07159614563  1.584820E-15
4350.05424261093  1.567094E-15
4353.03688907623  1.542642E-15
4356.01953554153  1.523818E-15
4359.00218200684  1.520109E-15
4361.98482847214  1.517477E-15
4364.96747493744  1.514494E-15
4367.95012140274  1.515012E-15
4370.93276786804  1.522390E-15
4373.91541433334  1.529836E-15
4376.89806079865  1.511444E-15
4379.88070726395  1.490172E-15
4382.86335372925  1.484468E-15
4385.84600019455  1.504639E-15
4388.82864665985  1.526122E-15
4391.81129312515  1.527803E-15
4394.79393959045  1.508606E-15
4397.77658605576  1.481277E-15
4400.75923252106  1.455697E-15
4403.74187898636  1.438563E-15
4406.72452545166  1.407736E-15
4409.70717191696  1.372569E-15
4412.68981838226  1.345216E-15
4415.67246484757  1.338157E-15
4418.65511131287  1.334553E-15
4421.63775777817  1.331669E-15
4424.62040424347  1.318073E-15
4427.60305070877  1.312047E-15
4430.58569717407  1.308089E-15
4433.56834363937  1.311999E-15
4436.55099010468  1.308093E-15
4439.53363656998  1.295299E-15
4442.51628303528  1.286552E-15
4445.49892950058  1.290117E-15
4448.48157596588  1.299734E-15
4451.46422243118  1.307849E-15
4454.44686889648  1.306495E-15
4457.42951536178  1.305927E-15
4460.41216182709  1.309815E-15
4463.39480829239  1.320933E-15
4466.37745475769  1.343088E-15
4469.36010122299  1.363550E-15
4472.34274768829  1.376752E-15
4475.3253941536  1.373536E-15
4478.3080406189  1.364859E-15
4481.2906870842  1.361290E-15
4484.2733335495  1.346582E-15
4487.2559800148  1.295888E-15
4490.2386264801  1.200289E-15
4493.2212729454  1.188722E-15
4496.2039194107  1.242873E-15
4499.18656587601  1.249324E-15
4502.16921234131  1.199865E-15
4505.15185880661  1.186327E-15
4508.13450527191  1.271233E-15
4511.11715173721  1.345984E-15
4514.09979820251  1.362048E-15
4517.08244466782  1.364584E-15
4520.06509113312  1.345733E-15
4523.04773759842  1.326850E-15
4526.03038406372  1.322622E-15
4529.01303052902  1.340110E-15
4531.99567699432  1.362607E-15
4534.97832345963  1.383053E-15
4537.96096992493  1.406106E-15
4540.94361639023  1.419751E-15
4543.92626285553  1.416993E-15
4546.90890932083  1.386276E-15
4549.89155578613  1.342335E-15
4552.87420225143  1.310336E-15
4555.85684871674  1.300093E-15
4558.83949518204  1.295697E-15
4561.82214164734  1.289709E-15
4564.80478811264  1.285211E-15
4567.78743457794  1.282230E-15
4570.77008104324  1.272250E-15
4573.75272750855  1.265664E-15
4576.73537397385  1.267303E-15
4579.71802043915  1.264125E-15
4582.70066690445  1.258200E-15
4585.68331336975  1.255141E-15
4588.66595983505  1.257660E-15
4591.64860630035  1.252201E-15
4594.63125276566  1.230383E-15
4597.61389923096  1.217616E-15
4600.59654569626  1.209872E-15
4603.57919216156  1.212288E-15
4606.56183862686  1.207651E-15
4609.54448509216  1.194044E-15
4612.52713155746  1.179641E-15
4615.50977802277  1.170790E-15
4618.49242448807  1.164139E-15
4621.47507095337  1.158786E-15
4624.45771741867  1.156245E-15
4627.44036388397  1.155271E-15
4630.42301034927  1.142844E-15
4633.40565681458  1.123006E-15
4636.38830327988  1.110768E-15
4639.37094974518  1.112588E-15
4642.35359621048  1.110676E-15
4645.33624267578  1.100148E-15
4648.31888914108  1.087981E-15
4651.30153560638  1.083394E-15
4654.28418207169  1.083883E-15
4657.26682853699  1.081431E-15
4660.24947500229  1.081574E-15
4663.23212146759  1.077696E-15
4666.21476793289  1.071885E-15
4669.19741439819  1.063216E-15
4672.18006086349  1.054472E-15
4675.1627073288  1.046738E-15
4678.1453537941  1.043013E-15
4681.1280002594  1.039856E-15
4684.1106467247  1.032657E-15
4687.09329319  1.019751E-15
4690.0759396553  1.006151E-15
4693.05858612061  1.000679E-15
4696.04123258591  9.993567E-16
4699.02387905121  1.004249E-15
4702.00652551651  1.009656E-15
4704.98917198181  1.005842E-15
4707.97181844711  9.841014E-16
4710.95446491241  9.497826E-16
4713.93711137772  8.896354E-16
4716.91975784302  8.372542E-16
4719.90240430832  8.345407E-16
4722.88505077362  8.949628E-16
4725.86769723892  9.720154E-16
4728.85034370422  1.005991E-15
4731.83299016953  1.007368E-15
4734.81563663483  1.006055E-15
4737.79828310013  1.014951E-15
4740.78092956543  1.023231E-15
4743.76357603073  1.019306E-15
4746.74622249603  1.011038E-15
4749.72886896133  1.008474E-15
4752.71151542664  1.016422E-15
4755.69416189194  1.014774E-15
4758.67680835724  1.004536E-15
4761.65945482254  9.939509E-16
4764.64210128784  9.936897E-16
4767.62474775314  1.003164E-15
4770.60739421844  1.011524E-15
4773.59004068375  1.014332E-15
4776.57268714905  1.013214E-15
4779.55533361435  1.010706E-15
4782.53798007965  1.012679E-15
4785.52062654495  1.021325E-15
4788.50327301025  1.029228E-15
4791.48591947556  1.034445E-15
4794.46856594086  1.059950E-15
4797.45121240616  1.124318E-15
4800.43385887146  1.204767E-15
4803.41650533676  1.250487E-15
4806.39915180206  1.240436E-15
4809.38179826737  1.193890E-15
4812.36444473267  1.135902E-15
4815.34709119797  1.092824E-15
4818.32973766327  1.074258E-15
4821.31238412857  1.074905E-15
4824.29503059387  1.084550E-15
4827.27767705917  1.095212E-15
4830.26032352447  1.100139E-15
4833.24296998978  1.094532E-15
4836.22561645508  1.081653E-15
4839.20826292038  1.069567E-15
4842.19090938568  1.065938E-15
4845.17355585098  1.066044E-15
4848.15620231628  1.068933E-15
4851.13884878159  1.062938E-15
4854.12149524689  1.055929E-15
4857.10414171219  1.049236E-15
4860.08678817749  1.049418E-15
4863.06943464279  1.047072E-15
4866.05208110809  1.045953E-15
4869.03472757339  1.048295E-15
4872.0173740387  1.054152E-15
4875.000020504  1.063727E-15
4877.9826669693  1.065783E-15
4880.9653134346  1.069920E-15
4883.9479598999  1.067627E-15
4886.9306063652  1.065328E-15
4889.91325283051  1.058579E-15
4892.89589929581  1.054434E-15
4895.87854576111  1.052059E-15
4898.86119222641  1.046537E-15
4901.84383869171  1.039133E-15
4904.82648515701  1.025979E-15
4907.80913162231  1.014041E-15
4910.79177808762  1.003410E-15
4913.77442455292  9.977585E-16
4916.75707101822  9.936214E-16
4919.73971748352  9.890902E-16
4922.72236394882  9.854956E-16
4925.70501041412  9.792429E-16
4928.68765687943  9.719910E-16
4931.67030334473  9.698410E-16
4934.65294981003  9.714612E-16
4937.63559627533  9.694817E-16
4940.61824274063  9.678580E-16
4943.60088920593  9.673878E-16
4946.58353567123  9.660597E-16
4949.56618213653  9.628515E-16
4952.54882860184  9.606886E-16
4955.53147506714  9.632306E-16
4958.51412153244  9.618727E-16
4961.49676799774  9.584954E-16
4964.47941446304  9.583785E-16
4967.46206092835  9.598678E-16
4970.44470739365  9.657945E-16
4973.42735385895  9.712193E-16
4976.41000032425  9.710137E-16
4979.39264678955  9.705769E-16
4982.37529325485  9.646205E-16
4985.35793972015  9.661272E-16
4988.34058618546  9.722342E-16
4991.32323265076  9.767857E-16
4994.30587911606  9.761108E-16
4997.28852558136  9.647433E-16
5000.27117204666  9.607106E-16
5003.25381851196  9.586258E-16
5006.23646497727  9.541952E-16
5009.21911144257  9.509929E-16
5012.20175790787  9.448887E-16
5015.18440437317  9.414809E-16
5018.16705083847  9.376529E-16
5021.14969730377  9.389423E-16
5024.13234376907  9.443972E-16
5027.11499023438  9.405596E-16
5030.09763669968  9.365219E-16
5033.08028316498  9.354383E-16
5036.06292963028  9.402544E-16
5039.04557609558  9.447228E-16
5042.02822256088  9.485998E-16
5045.01086902618  9.592482E-16
5047.99351549149  9.693851E-16
5050.97616195679  9.702079E-16
5053.95880842209  9.634762E-16
5056.94145488739  9.602399E-16
5059.92410135269  9.636144E-16
5062.90674781799  9.724342E-16
5065.88939428329  9.779797E-16
5068.8720407486  9.798694E-16
5071.8546872139  9.778660E-16
5074.8373336792  9.780811E-16
5077.8199801445  9.832796E-16
5080.8026266098  9.908891E-16
5083.7852730751  9.976076E-16
5086.76791954041  1.002215E-15
5089.75056600571  1.005757E-15
5092.73321247101  1.008281E-15
5095.71585893631  1.007774E-15
5098.69850540161  1.006741E-15
5101.68115186691  1.004578E-15
5104.66379833221  1.003538E-15
5107.64644479752  1.000277E-15
5110.62909126282  9.998270E-16
5113.61173772812  9.999847E-16
5116.59438419342  1.002979E-15
5119.57703065872  1.001847E-15
5122.55967712402  1.001103E-15
5125.54232358933  9.975021E-16
5128.52497005463  9.927698E-16
5131.50761651993  9.929509E-16
5134.49026298523  9.971037E-16
5137.47290945053  1.001584E-15
5140.45555591583  1.003860E-15
5143.43820238114  1.006127E-15
5146.42084884644  1.009944E-15
5149.40349531174  1.010254E-15
5152.38614177704  1.005579E-15
5155.36878824234  1.001237E-15
5158.35143470764  9.985656E-16
5161.33408117294  9.981943E-16
5164.31672763825  9.983889E-16
5167.29937410355  9.968637E-16
5170.28202056885  9.924731E-16
5173.26466703415  9.853876E-16
5176.24731349945  9.779512E-16
5179.22995996475  9.746196E-16
5182.21260643005  9.739312E-16
5185.19525289536  9.732929E-16
5188.17789936066  9.738779E-16
5191.16054582596  9.675703E-16
5194.14319229126  9.581301E-16
5197.12583875656  9.477821E-16
5200.10848522186  9.418930E-16
5203.09113168717  9.403146E-16
5206.07377815247  9.384198E-16
5209.05642461777  9.330564E-16
5212.03907108307  9.235861E-16
5215.02171754837  9.121225E-16
5218.00436401367  9.072626E-16
5220.98701047897  9.050560E-16
5223.96965694428  9.050416E-16
5226.95230340958  8.997692E-16
5229.93494987488  8.919849E-16
5232.91759634018  8.825715E-16
5235.90024280548  8.754409E-16
5238.88288927078  8.704053E-16
5241.86553573608  8.656662E-16
5244.84818220139  8.634660E-16
5247.83082866669  8.627687E-16
5250.81347513199  8.665433E-16
5253.79612159729  8.685820E-16
5256.77876806259  8.653856E-16
5259.76141452789  8.610640E-16
5262.74406099319  8.603391E-16
5265.7267074585  8.661818E-16
5268.7093539238  8.647074E-16
5271.6920003891  8.598265E-16
5274.6746468544  8.623932E-16
5277.6572933197  8.671452E-16
5280.639939785  8.663133E-16
5283.62258625031  8.599762E-16
5286.60523271561  8.573683E-16
5289.58787918091  8.639119E-16
5292.57052564621  8.670222E-16
5295.55317211151  8.657100E-16
5298.53581857681  8.583164E-16
5301.51846504212  8.502623E-16
5304.50111150742  8.454638E-16
5307.48375797272  8.445885E-16
5310.46640443802  8.453012E-16
5313.44905090332  8.452430E-16
5316.43169736862  8.449824E-16
5319.41434383392  8.426998E-16
5322.39699029922  8.343690E-16
5325.37963676453  8.209314E-16
5328.36228322983  8.103706E-16
5331.34492969513  8.084665E-16
5334.32757616043  8.112214E-16
5337.31022262573  8.120026E-16
5340.29286909103  8.120362E-16
5343.27551555634  8.121754E-16
5346.25816202164  8.093729E-16
5349.24080848694  8.037055E-16
5352.22345495224  7.987114E-16
5355.20610141754  7.965455E-16
5358.18874788284  7.980145E-16
5361.17139434815  8.028401E-16
5364.15404081345  8.031827E-16
5367.13668727875  8.092782E-16
5370.11933374405  8.577067E-16
5373.10198020935  9.705004E-16
5376.08462667465  1.101231E-15
5379.06727313996  1.189804E-15
5382.04991960526  1.206830E-15
5385.03256607056  1.163194E-15
5388.01521253586  1.060039E-15
5390.99785900116  9.396031E-16
5393.98050546646  8.507517E-16
5396.96315193176  8.173953E-16
5399.94579839706  8.147876E-16
5402.92844486237  8.199826E-16
5405.91109132767  8.283469E-16
5408.89373779297  8.353007E-16
5411.87638425827  8.332975E-16
5414.85903072357  8.258879E-16
5417.84167718887  8.249068E-16
5420.82432365418  8.282873E-16
5423.80697011948  8.320683E-16
5426.78961658478  8.270974E-16
5429.77226305008  8.245582E-16
5432.75490951538  8.240355E-16
5435.73755598068  8.231493E-16
5438.72020244598  8.205743E-16
5441.70284891129  8.141537E-16
5444.68549537659  8.089243E-16
5447.66814184189  8.055392E-16
5450.65078830719  8.077789E-16
5453.63343477249  8.107732E-16
5456.61608123779  8.083331E-16
5459.5987277031  8.050589E-16
5462.5813741684  8.031300E-16
5465.5640206337  8.045348E-16
5468.546667099  8.028211E-16
5471.5293135643  7.922082E-16
5474.5119600296  7.832780E-16
5477.4946064949  8.358602E-16
5480.47725296021  1.006340E-15
5483.45989942551  1.243830E-15
5486.44254589081  1.430874E-15
5489.42519235611  1.488907E-15
5492.40783882141  1.418368E-15
5495.39048528671  1.239287E-15
5498.37313175201  1.018168E-15
5501.35577821732  8.491889E-16
5504.33842468262  7.765018E-16
5507.32107114792  7.598010E-16
5510.30371761322  7.524688E-16
5513.28636407852  7.502845E-16
5516.26901054382  7.551447E-16
5519.25165700913  7.586506E-16
5522.23430347443  7.599859E-16
5525.21694993973  7.588465E-16
5528.19959640503  7.729808E-16
5531.18224287033  9.898947E-16
5534.16488933563  1.545364E-15
5537.14753580094  2.291877E-15
5540.13018226624  2.869184E-15
5543.11282873154  3.015498E-15
5546.09547519684  2.718937E-15
5549.07812166214  2.096479E-15
5552.06076812744  1.412266E-15
5555.04341459274  9.436903E-16
5558.02606105805  7.733037E-16
5561.00870752335  7.619999E-16
5563.99135398865  7.538187E-16
5566.97400045395  6.664584E-16
5569.95664691925  5.459268E-16
5572.93929338455  5.267037E-16
5575.92193984985  6.238587E-16
5578.90458631515  7.514588E-16
5581.88723278046  7.911224E-16
5584.86987924576  7.876157E-16
5587.85252571106  7.865512E-16
5590.83517217636  7.865880E-16
5593.81781864166  7.867277E-16
5596.80046510696  7.839134E-16
5599.78311157227  7.831240E-16
5602.76575803757  7.856882E-16
5605.74840450287  7.923904E-16
5608.73105096817  7.976266E-16
5611.71369743347  7.977428E-16
5614.69634389877  7.967444E-16
5617.67899036408  7.982615E-16
5620.66163682938  7.993114E-16
5623.64428329468  7.996285E-16
5626.62692975998  8.011085E-16
5629.60957622528  8.007411E-16
5632.59222269058  7.963645E-16
5635.57486915588  7.928131E-16
5638.55751562119  7.969104E-16
5641.54016208649  8.014638E-16
5644.52280855179  8.038012E-16
5647.50545501709  8.021461E-16
5650.48810148239  7.982516E-16
5653.47074794769  7.934247E-16
5656.45339441299  7.924568E-16
5659.4360408783  7.962576E-16
5662.4186873436  7.999252E-16
5665.4013338089  7.997955E-16
5668.3839802742  8.015697E-16
5671.3666267395  8.010669E-16
5674.3492732048  7.994707E-16
5677.33191967011  7.973015E-16
5680.31456613541  7.983967E-16
5683.29721260071  8.009688E-16
5686.27985906601  8.007011E-16
5689.26250553131  7.982957E-16
5692.24515199661  7.946137E-16
5695.22779846191  7.915859E-16
5698.21044492721  7.921590E-16
5701.19309139252  7.942234E-16
5704.17573785782  7.952659E-16
5707.15838432312  7.935170E-16
5710.14103078842  7.889842E-16
5713.12367725372  7.908941E-16
5716.10632371903  8.000958E-16
5719.08897018433  8.067876E-16
5722.07161664963  8.020387E-16
5725.05426311493  7.901475E-16
5728.03690958023  7.815737E-16
5731.01955604553  7.806937E-16
5734.00220251083  7.827704E-16
5736.98484897614  7.848186E-16
5739.96749544144  7.848113E-16
5742.95014190674  7.802990E-16
5745.93278837204  7.786477E-16
5748.91543483734  7.753868E-16
5751.89808130264  7.747518E-16
5754.88072776795  7.734213E-16
5757.86337423325  7.677314E-16
5760.84602069855  7.602757E-16
5763.82866716385  7.539238E-16
5766.81131362915  7.525097E-16
5769.79396009445  7.509171E-16
5772.77660655975  7.459720E-16
5775.75925302506  7.441745E-16
5778.74189949036  7.440073E-16
5781.72454595566  7.390221E-16
5784.70719242096  7.297864E-16
5787.68983888626  7.224488E-16
5790.67248535156  7.222917E-16
5793.65513181686  7.196723E-16
5796.63777828217  7.159315E-16
5799.62042474747  7.126762E-16
5802.60307121277  7.155987E-16
5805.58571767807  7.166526E-16
5808.56836414337  7.132461E-16
5811.55101060867  7.066758E-16
5814.53365707398  6.994072E-16
5817.51630353928  6.964676E-16
5820.49895000458  6.974366E-16
5823.48159646988  6.977137E-16
5826.46424293518  6.957590E-16
5829.44688940048  6.915634E-16
5832.42953586578  6.910224E-16
5835.41218233109  6.930010E-16
5838.39482879639  6.906648E-16
5841.37747526169  6.838931E-16
5844.36012172699  6.775499E-16
5847.34276819229  6.755386E-16
5850.32541465759  6.745354E-16
5853.3080611229  6.722356E-16
5856.2907075882  6.680336E-16
5859.2733540535  6.636715E-16
5862.2560005188  6.598106E-16
5865.2386469841  6.637026E-16
5868.2212934494  6.693192E-16
5871.2039399147  6.712751E-16
5874.18658638  6.661922E-16
5877.16923284531  6.618434E-16
5880.15187931061  6.579191E-16
5883.13452577591  6.561180E-16
5886.11717224121  6.549335E-16
5889.09981870651  6.549612E-16
5892.08246517181  6.544466E-16
5895.06511163712  6.530928E-16
5898.04775810242  6.494415E-16
5901.03040456772  6.434019E-16
5904.01305103302  6.411417E-16
5906.99569749832  6.449972E-16
5909.97834396362  6.499780E-16
5912.96099042892  6.485598E-16
5915.94363689423  6.423078E-16
5918.92628335953  6.385294E-16
5921.90892982483  6.386266E-16
5924.89157629013  6.409702E-16
5927.87422275543  6.394807E-16
5930.85686922074  6.386705E-16
5933.83951568604  6.402601E-16
5936.82216215134  6.411883E-16
5939.80480861664  6.383499E-16
5942.78745508194  6.335222E-16
5945.77010154724  6.331604E-16
5948.75274801254  6.362748E-16
5951.73539447784  6.377627E-16
5954.71804094315  6.374241E-16
5957.70068740845  6.360492E-16
5960.68333387375  6.346441E-16
5963.66598033905  6.350709E-16
5966.64862680435  6.367568E-16
5969.63127326965  6.365065E-16
5972.61391973496  6.336412E-16
5975.59656620026  6.326197E-16
5978.57921266556  6.313582E-16
5981.56185913086  6.248511E-16
5984.54450559616  6.179595E-16
5987.52715206146  6.175489E-16
5990.50979852676  6.210724E-16
5993.49244499207  6.183540E-16
5996.47509145737  6.115466E-16
5999.45773792267  6.090927E-16
6002.44038438797  6.082813E-16
6005.42303085327  6.061772E-16
6008.40567731857  6.025395E-16
6011.38832378388  6.011511E-16
6014.37097024918  5.990950E-16
6017.35361671448  5.962917E-16
6020.33626317978  5.986038E-16
6023.31890964508  6.032583E-16
6026.30155611038  6.033353E-16
6029.28420257569  5.991693E-16
6032.26684904099  5.964645E-16
6035.24949550629  5.945500E-16
6038.23214197159  5.928756E-16
6041.21478843689  5.921202E-16
6044.19743490219  5.940450E-16
6047.18008136749  5.971411E-16
6050.16272783279  5.990009E-16
6053.1453742981  5.974562E-16
6056.1280207634  5.935357E-16
6059.1106672287  5.894442E-16
6062.093313694  5.884046E-16
6065.0759601593  5.853471E-16
6068.0586066246  5.796416E-16
6071.0412530899  5.788931E-16
6074.02389955521  5.847819E-16
6077.00654602051  5.909159E-16
6079.98919248581  5.912610E-16
6082.97183895111  5.860777E-16
6085.95448541641  5.811652E-16
6088.93713188171  5.796416E-16
6091.91977834702  5.794586E-16
6094.90242481232  5.761328E-16
6097.88507127762  5.773954E-16
6100.86771774292  5.766134E-16
6103.85036420822  5.790146E-16
6106.83301067352  5.784001E-16
6109.81565713882  5.779864E-16
6112.79830360413  5.798938E-16
6115.78095006943  5.757405E-16
6118.76359653473  5.723409E-16
6121.74624300003  5.718842E-16
6124.72888946533  5.707625E-16
6127.71153593063  5.678902E-16
6130.69418239594  5.647833E-16
6133.67682886124  5.644109E-16
6136.65947532654  5.653678E-16
6139.64212179184  5.650238E-16
6142.62476825714  5.652584E-16
6145.60741472244  5.662086E-16
6148.59006118775  5.630296E-16
6151.57270765305  5.596806E-16
6154.55535411835  5.577826E-16
6157.53800058365  5.614716E-16
6160.52064704895  5.642012E-16
6163.50329351425  5.659324E-16
6166.48593997955  5.635238E-16
6169.46858644486  5.624204E-16
6172.45123291016  5.618281E-16
6175.43387937546  5.589351E-16
6178.41652584076  5.572134E-16
6181.39917230606  5.578028E-16
6184.38181877136  5.592610E-16
6187.36446523667  5.583567E-16
6190.34711170197  5.528693E-16
6193.32975816727  5.502922E-16
6196.31240463257  5.564416E-16
6199.29505109787  5.670360E-16
6202.27769756317  5.723076E-16
6205.26034402847  5.743975E-16
6208.24299049377  5.713322E-16
6211.22563695908  5.682153E-16
6214.20828342438  5.639427E-16
6217.19092988968  5.641848E-16
6220.17357635498  5.682382E-16
6223.15622282028  5.711688E-16
6226.13886928558  5.714183E-16
6229.12151575089  5.731748E-16
6232.10416221619  5.770208E-16
6235.08680868149  5.784777E-16
6238.06945514679  5.771567E-16
6241.05210161209  5.746538E-16
6244.03474807739  5.760322E-16
6247.01739454269  5.810669E-16
6250.000041008  5.820463E-16
6252.9826874733  5.797320E-16
6255.9653339386  5.758483E-16
6258.9479804039  5.746499E-16
6261.9306268692  5.761918E-16
6264.9132733345  5.795113E-16
6267.89591979981  5.813025E-16
6270.87856626511  5.802304E-16
6273.86121273041  5.732048E-16
6276.84385919571  5.655450E-16
6279.82650566101  5.652777E-16
6282.80915212631  5.698652E-16
6285.79179859161  5.692436E-16
6288.77444505692  5.603222E-16
6291.75709152222  5.545191E-16
6294.73973798752  5.590014E-16
6297.72238445282  5.652164E-16
6300.70503091812  5.667034E-16
6303.68767738342  5.627620E-16
6306.67032384872  5.628266E-16
6309.65297031403  5.668798E-16
6312.63561677933  5.729098E-16
6315.61826324463  5.747439E-16
6318.60090970993  5.714312E-16
6321.58355617523  5.665789E-16
6324.56620264053  5.630093E-16
6327.54884910584  5.595077E-16
6330.53149557114  5.592035E-16
6333.51414203644  5.640800E-16
6336.49678850174  5.671576E-16
6339.47943496704  5.659156E-16
6342.46208143234  5.640136E-16
6345.44472789765  5.695036E-16
6348.42737436295  5.740740E-16
6351.41002082825  5.735658E-16
6354.39266729355  5.722043E-16
6357.37531375885  5.693373E-16
6360.35796022415  5.650271E-16
6363.34060668945  5.597351E-16
6366.32325315475  5.592323E-16
6369.30589962006  5.604499E-16
6372.28854608536  5.608003E-16
6375.27119255066  5.623525E-16
6378.25383901596  5.672435E-16
6381.23648548126  5.728122E-16
6384.21913194656  5.731728E-16
6387.20177841187  5.698901E-16
6390.18442487717  5.663774E-16
6393.16707134247  5.647050E-16
6396.14971780777  5.651246E-16
6399.13236427307  5.678896E-16
6402.11501073837  5.701750E-16
6405.09765720367  5.699787E-16
6408.08030366898  5.653880E-16
6411.06295013428  5.627212E-16
6414.04559659958  5.624549E-16
6417.02824306488  5.637401E-16
6420.01088953018  5.651206E-16
6422.99353599548  5.654518E-16
6425.97618246078  5.665469E-16
6428.95882892609  5.682684E-16
6431.94147539139  5.691542E-16
6434.92412185669  5.675517E-16
6437.90676832199  5.606994E-16
6440.88941478729  5.532843E-16
6443.87206125259  5.505329E-16
6446.8547077179  5.537436E-16
6449.8373541832  5.546821E-16
6452.8200006485  5.532709E-16
6455.8026471138  5.551182E-16
6458.7852935791  5.576248E-16
6461.7679400444  5.518920E-16
6464.7505865097  5.420604E-16
6467.73323297501  5.392347E-16
6470.71587944031  5.431883E-16
6473.69852590561  5.446831E-16
6476.68117237091  5.433918E-16
6479.66381883621  5.474003E-16
6482.64646530151  5.526301E-16
6485.62911176682  5.485712E-16
6488.61175823212  5.362082E-16
6491.59440469742  5.297725E-16
6494.57705116272  5.361946E-16
6497.55969762802  5.545136E-16
6500.54234409332  5.714802E-16
6503.52499055863  5.857287E-16
6506.50763702393  5.875821E-16
6509.49028348923  5.756246E-16
6512.47292995453  5.583473E-16
6515.45557641983  5.463892E-16
6518.43822288513  5.410645E-16
6521.42086935043  5.330198E-16
6524.40351581573  5.218915E-16
6527.38616228104  5.158250E-16
6530.36880874634  5.180403E-16
6533.35145521164  5.218556E-16
6536.33410167694  5.195063E-16
6539.31674814224  5.125056E-16
6542.29939460754  5.079690E-16
6545.28204107285  5.091212E-16
6548.26468753815  5.097019E-16
6551.24733400345  5.058671E-16
6554.22998046875  5.043649E-16
6557.21262693405  5.095926E-16
6560.19527339935  5.204545E-16
6563.17791986466  5.301772E-16
6566.16056632996  5.314666E-16
6569.14321279526  5.253412E-16
6572.12585926056  5.180046E-16
6575.10850572586  5.160036E-16
6578.09115219116  5.161754E-16
6581.07379865647  5.133927E-16
6584.05644512177  5.109169E-16
6587.03909158707  5.097533E-16
6590.02173805237  5.109803E-16
6593.00438451767  5.148825E-16
6595.98703098297  5.192893E-16
6598.96967744827  5.206048E-16
6601.95232391357  5.170249E-16
6604.93497037888  5.155794E-16
6607.91761684418  5.185542E-16
6610.90026330948  5.188321E-16
6613.88290977478  5.135931E-16
6616.86555624008  5.082252E-16
6619.84820270538  5.118971E-16
6622.83084917068  5.178106E-16
6625.81349563599  5.200850E-16
6628.79614210129  5.184973E-16
6631.77878856659  5.186839E-16
6634.76143503189  5.190688E-16
6637.74408149719  5.176453E-16
6640.72672796249  5.154437E-16
6643.7093744278  5.126383E-16
6646.6920208931  5.105698E-16
6649.6746673584  5.088247E-16
6652.6573138237  5.100292E-16
6655.639960289  5.143615E-16
6658.62260675431  5.159500E-16
6661.60525321961  5.150831E-16
6664.58789968491  5.046154E-16
6667.57054615021  4.957261E-16
6670.55319261551  4.939168E-16
6673.53583908081  5.024126E-16
6676.51848554611  5.075375E-16
6679.50113201141  5.043378E-16
6682.48377847671  4.976723E-16
6685.46642494202  4.951905E-16
6688.44907140732  4.949188E-16
6691.43171787262  4.923189E-16
6694.41436433792  4.889462E-16
6697.39701080322  4.869805E-16
6700.37965726853  4.861035E-16
6703.36230373383  4.846379E-16
6706.34495019913  4.825996E-16
6709.32759666443  4.817478E-16
6712.31024312973  4.810423E-16
6715.29288959503  4.810185E-16
6718.27553606033  4.819065E-16
6721.25818252564  4.791756E-16
6724.24082899094  4.755684E-16
6727.22347545624  4.728475E-16
6730.20612192154  4.713430E-16
6733.18876838684  4.660227E-16
6736.17141485214  4.588872E-16
6739.15406131745  4.566784E-16
6742.13670778275  4.566846E-16
6745.11935424805  4.541503E-16
6748.10200071335  4.518537E-16
6751.08464717865  4.563013E-16
6754.06729364395  4.625168E-16
6757.04994010925  4.644606E-16
6760.03258657456  4.604678E-16
6763.01523303986  4.547217E-16
6765.99787950516  4.502419E-16
6768.98052597046  4.443337E-16
6771.96317243576  4.386045E-16
6774.94581890106  4.337190E-16
6777.92846536636  4.319380E-16
6780.91111183167  4.325012E-16
6783.89375829697  4.324410E-16
6786.87640476227  4.349975E-16
6789.85905122757  4.415831E-16
6792.84169769287  4.490641E-16
6795.82434415817  4.518254E-16
6798.80699062347  4.484355E-16
6801.78963708878  4.441212E-16
6804.77228355408  4.378865E-16
6807.75493001938  4.367453E-16
6810.73757648468  4.375293E-16
6813.72022294998  4.392948E-16
6816.70286941528  4.413206E-16
6819.68551588059  4.446936E-16
6822.66816234589  4.481091E-16
6825.65080881119  4.456695E-16
6828.63345527649  4.392626E-16
6831.61610174179  4.359870E-16
6834.59874820709  4.363193E-16
6837.58139467239  4.404941E-16
6840.5640411377  4.473551E-16
6843.546687603  4.543899E-16
6846.5293340683  4.606828E-16
6849.5119805336  4.613401E-16
6852.4946269989  4.565969E-16
6855.4772734642  4.448038E-16
6858.4599199295  4.346156E-16
6861.44256639481  4.282175E-16
6864.42521286011  4.186001E-16
6867.40785932541  4.038841E-16
6870.39050579071  3.894680E-16
6873.37315225601  3.859859E-16
6876.35579872131  3.974964E-16
6879.33844518662  4.150988E-16
6882.32109165192  4.331482E-16
6885.30373811722  4.386028E-16
6888.28638458252  4.328246E-16
6891.26903104782  4.201695E-16
6894.25167751312  4.095420E-16
6897.23432397842  4.140887E-16
6900.21697044373  4.310830E-16
6903.19961690903  4.459910E-16
6906.18226337433  4.471951E-16
6909.16490983963  4.428544E-16
6912.14755630493  4.491716E-16
6915.13020277023  4.610453E-16
6918.11284923553  4.636003E-16
6921.09549570084  4.572557E-16
6924.07814216614  4.499728E-16
6927.06078863144  4.515489E-16
6930.04343509674  4.570262E-16
6933.02608156204  4.590565E-16
6936.00872802734  4.591310E-16
6938.99137449265  4.560520E-16
6941.97402095795  4.544065E-16
6944.95666742325  4.561338E-16
6947.93931388855  4.606328E-16
6950.92196035385  4.638205E-16
6953.90460681915  4.599400E-16
6956.88725328446  4.524939E-16
6959.86989974976  4.444718E-16
6962.85254621506  4.406724E-16
6965.83519268036  4.425087E-16
6968.81783914566  4.529819E-16
6971.80048561096  4.654808E-16
6974.78313207626  4.696582E-16
6977.76577854157  4.663437E-16
6980.74842500687  4.627163E-16
6983.73107147217  4.606095E-16
6986.71371793747  4.569710E-16
6989.69636440277  4.488404E-16
6992.67901086807  4.378462E-16
6995.66165733337  4.276006E-16
6998.64430379868  4.157633E-16
7001.62695026398  4.066017E-16
7004.60959672928  4.030519E-16
7007.59224319458  4.012882E-16
7010.57488965988  4.020047E-16
7013.55753612518  4.040014E-16
7016.54018259049  4.075638E-16
7019.52282905579  4.106669E-16
7022.50547552109  4.128188E-16
7025.48812198639  4.164882E-16
7028.47076845169  4.186493E-16
7031.45341491699  4.169091E-16
7034.43606138229  4.137726E-16
7037.4187078476  4.091794E-16
7040.4013543129  4.031448E-16
7043.3840007782  4.011519E-16
7046.3666472435  4.066437E-16
7049.3492937088  4.178819E-16
7052.3319401741  4.239995E-16
7055.3145866394  4.232286E-16
7058.29723310471  4.213841E-16
7061.27987957001  4.232447E-16
7064.26252603531  4.305884E-16
7067.24517250061  4.383506E-16
7070.22781896591  4.451900E-16
7073.21046543122  4.503908E-16
7076.19311189652  4.488776E-16
7079.17575836182  4.419391E-16
7082.15840482712  4.367520E-16
7085.14105129242  4.351645E-16
7088.12369775772  4.376787E-16
7091.10634422302  4.388593E-16
7094.08899068832  4.397905E-16
7097.07163715363  4.421307E-16
7100.05428361893  4.466620E-16
7103.03693008423  4.565675E-16
7106.01957654953  4.669090E-16
7109.00222301483  4.716382E-16
7111.98486948013  4.708622E-16
7114.96751594544  4.706543E-16
7117.95016241074  4.723627E-16
7120.93280887604  4.670826E-16
7123.91545534134  4.558741E-16
7126.89810180664  4.475636E-16
7129.88074827194  4.495103E-16
7132.86339473724  4.546782E-16
7135.84604120255  4.625385E-16
7138.82868766785  4.726009E-16
7141.81133413315  4.799112E-16
7144.79398059845  4.790635E-16
7147.77662706375  4.750004E-16
7150.75927352905  4.752376E-16
7153.74191999435  4.759738E-16
7156.72456645966  4.707472E-16
7159.70721292496  4.605048E-16
7162.68985939026  4.522819E-16
7165.67250585556  4.503592E-16
7168.65515232086  4.480122E-16
7171.63779878616  4.466415E-16
7174.62044525147  4.485826E-16
7177.60309171677  4.551687E-16
7180.58573818207  4.589506E-16
7183.56838464737  4.594228E-16
7186.55103111267  4.570195E-16
7189.53367757797  4.513999E-16
7192.51632404327  4.419115E-16
7195.49897050858  4.305811E-16
7198.48161697388  4.225846E-16
7201.46426343918  4.205305E-16
7204.44690990448  4.287126E-16
7207.42955636978  4.421171E-16
7210.41220283508  4.503714E-16
7213.39484930038  4.596598E-16
7216.37749576569  4.716039E-16
7219.36014223099  4.808366E-16
7222.34278869629  4.810853E-16
7225.32543516159  4.745377E-16
7228.30808162689  4.688113E-16
7231.29072809219  4.581335E-16
7234.27337455749  4.396513E-16
7237.2560210228  4.258417E-16
7240.2386674881  4.255967E-16
7243.2213139534  4.360182E-16
7246.2039604187  4.477749E-16
7249.186606884  4.578880E-16
7252.16925334931  4.916644E-16
7255.15189981461  6.320327E-16
7258.13454627991  9.012739E-16
7261.11719274521  1.229334E-15
7264.09983921051  1.489436E-15
7267.08248567581  1.551792E-15
7270.06513214111  1.376373E-15
7273.04777860641  1.034260E-15
7276.03042507172  7.012190E-16
7279.01307153702  5.199674E-16
7281.99571800232  4.661749E-16
7284.97836446762  4.655976E-16
7287.96101093292  4.693302E-16
7290.94365739822  4.706134E-16
7293.92630386353  4.741716E-16
7296.90895032883  4.703962E-16
7299.89159679413  4.611389E-16
7302.87424325943  4.503950E-16
7305.85688972473  4.427805E-16
7308.83953619003  4.353411E-16
7311.82218265534  4.278288E-16
7314.80482912064  4.258769E-16
7317.78747558594  4.295299E-16
7320.77012205124  4.382498E-16
7323.75276851654  4.505507E-16
7326.73541498184  4.601606E-16
7329.71806144714  4.624686E-16
7332.70070791245  4.585548E-16
7335.68335437775  4.582361E-16
7338.66600084305  4.621528E-16
7341.64864730835  4.628756E-16
7344.63129377365  4.528351E-16
7347.61394023895  4.397057E-16
7350.59658670425  4.365847E-16
7353.57923316955  4.452906E-16
7356.56187963486  4.542933E-16
7359.54452610016  4.547862E-16
7362.52717256546  4.527296E-16
7365.50981903076  4.537168E-16
7368.49246549606  4.555726E-16
7371.47511196137  4.605183E-16
7374.45775842667  4.637855E-16
7377.44040489197  4.637563E-16
7380.42305135727  4.587639E-16
7383.40569782257  4.525387E-16
7386.38834428787  4.465336E-16
7389.37099075318  4.419393E-16
7392.35363721848  4.397076E-16
7395.33628368378  4.400586E-16
7398.31893014908  4.421567E-16
7401.30157661438  4.440499E-16
7404.28422307968  4.490499E-16
7407.26686954498  4.541263E-16
7410.24951601028  4.548662E-16
7413.23216247559  4.538437E-16
7416.21480894089  4.478613E-16
7419.19745540619  4.409410E-16
7422.18010187149  4.405329E-16
7425.16274833679  4.515608E-16
7428.14539480209  4.691685E-16
7431.1280412674  4.785270E-16
7434.1106877327  4.766163E-16
7437.093334198  4.737303E-16
7440.0759806633  4.782624E-16
7443.0586271286  4.900290E-16
7446.0412735939  5.004379E-16
7449.0239200592  4.999572E-16
7452.00656652451  4.917440E-16
7454.98921298981  4.794853E-16
7457.97185945511  4.643200E-16
7460.95450592041  4.498197E-16
7463.93715238571  4.368412E-16
7466.91979885101  4.254862E-16
7469.90244531632  4.135691E-16
7472.88509178162  4.034310E-16
7475.86773824692  3.987601E-16
7478.85038471222  4.013110E-16
7481.83303117752  4.121457E-16
7484.81567764282  4.230487E-16
7487.79832410812  4.269655E-16
7490.78097057343  4.259286E-16
7493.76361703873  4.287814E-16
7496.74626350403  4.377233E-16
7499.72890996933  4.415824E-16
7502.71155643463  4.376716E-16
7505.69420289993  4.288523E-16
7508.67684936523  4.185431E-16
7511.65949583054  4.079783E-16
7514.64214229584  3.986895E-16
7517.62478876114  3.932414E-16
7520.60743522644  3.924055E-16
7523.59008169174  3.988459E-16
7526.57272815704  4.121884E-16
7529.55537462235  4.212781E-16
7532.53802108765  4.223668E-16
7535.52066755295  4.201388E-16
7538.50331401825  4.107543E-16
7541.48596048355  4.036241E-16
7544.46860694885  4.035570E-16
7547.45125341416  4.083126E-16
7550.43389987946  4.069493E-16
7553.41654634476  3.968748E-16
7556.39919281006  3.902286E-16
7559.38183927536  3.912001E-16
7562.36448574066  3.945572E-16
7565.34713220596  3.985150E-16
7568.32977867126  3.999475E-16
7571.31242513657  4.027566E-16
7574.29507160187  4.079580E-16
7577.27771806717  4.111062E-16
7580.26036453247  4.088344E-16
7583.24301099777  3.973473E-16
7586.22565746307  3.744356E-16
7589.20830392838  3.345650E-16
7592.19095039368  2.841155E-16
7595.17359685898  2.357275E-16
7598.15624332428  2.019154E-16
7601.13888978958  1.915510E-16
7604.12153625488  2.008118E-16
7607.10418272018  2.252775E-16
7610.08682918549  2.608028E-16
7613.06947565079  2.901776E-16
7616.05212211609  3.023319E-16
7619.03476858139  2.939734E-16
7622.01741504669  2.798497E-16
7625.000061512  2.722525E-16
7627.9827079773  2.723989E-16
7630.9653544426  2.780882E-16
7633.9480009079  2.846555E-16
7636.9306473732  2.893063E-16
7639.9132938385  2.908903E-16
7642.8959403038  2.905469E-16
7645.8785867691  2.923659E-16
7648.8612332344  2.995255E-16
7651.84387969971  3.150644E-16
7654.82652616501  3.340581E-16
7657.80917263031  3.514883E-16
7660.79181909561  3.578107E-16
7663.77446556091  3.591703E-16
7666.75711202621  3.593774E-16
7669.73975849152  3.593831E-16
7672.72240495682  3.599880E-16
7675.70505142212  3.620016E-16
7678.68769788742  3.635936E-16
7681.67034435272  3.596745E-16
7684.65299081803  3.513276E-16
7687.63563728333  3.440015E-16
7690.61828374863  3.411279E-16
7693.60093021393  3.475629E-16
7696.58357667923  3.559734E-16
7699.56622314453  3.674114E-16
7702.54886960983  3.735865E-16
7705.53151607514  3.798295E-16
7708.51416254044  3.809224E-16
7711.49680900574  3.769481E-16
7714.47945547104  3.730529E-16
7717.46210193634  3.686529E-16
7720.44474840164  3.628068E-16
7723.42739486694  3.543602E-16
7726.41004133224  3.465676E-16
7729.39268779755  3.455040E-16
7732.37533426285  3.471560E-16
7735.35798072815  3.528893E-16
7738.34062719345  3.595019E-16
7741.32327365875  3.679349E-16
7744.30592012405  3.752448E-16
7747.28856658936  3.769717E-16
7750.27121305466  3.749767E-16
7753.25385951996  3.711483E-16
7756.23650598526  3.666073E-16
7759.21915245056  3.603922E-16
7762.20179891586  3.555911E-16
7765.18444538116  3.561566E-16
7768.16709184647  3.585466E-16
7771.14973831177  3.640891E-16
7774.13238477707  3.709491E-16
7777.11503124237  3.763623E-16
7780.09767770767  3.744880E-16
7783.08032417298  3.691761E-16
7786.06297063828  3.695620E-16
7789.04561710358  3.722198E-16
7792.02826356888  3.740555E-16
7795.01091003418  3.778864E-16
7797.99355649948  3.846315E-16
7800.97620296478  3.903492E-16
7803.95884943008  3.893783E-16
7806.94149589539  3.811244E-16
7809.92414236069  3.719449E-16
7812.90678882599  3.621108E-16
7815.88943529129  3.569030E-16
7818.87208175659  3.558232E-16
7821.85472822189  3.596116E-16
7824.83737468719  3.678183E-16
7827.8200211525  3.755613E-16
7830.8026676178  3.779546E-16
7833.7853140831  3.772742E-16
7836.7679605484  3.803681E-16
7839.7506070137  3.860954E-16
7842.733253479  3.899227E-16
7845.71589994431  3.911724E-16
7848.69854640961  3.909421E-16
7851.68119287491  3.901892E-16
7854.66383934021  3.818358E-16
7857.64648580551  3.707148E-16
7860.62913227081  3.574385E-16
7863.61177873612  3.461337E-16
7866.59442520142  3.415973E-16
7869.57707166672  3.506958E-16
7872.55971813202  3.730285E-16
7875.54236459732  3.982232E-16
7878.52501106262  4.186864E-16
7881.50765752792  4.409087E-16
7884.49030399323  4.731081E-16
7887.47295045853  5.022507E-16
7890.45559692383  5.028344E-16
7893.43824338913  4.711091E-16
7896.42088985443  4.280953E-16
7899.40353631973  3.936035E-16
7902.38618278503  3.740099E-16
7905.36882925034  3.678808E-16
7908.35147571564  3.750309E-16
7911.33412218094  3.884787E-16
7914.31676864624  3.994517E-16
7917.29941511154  4.019448E-16
7920.28206157684  3.961578E-16
7923.26470804215  3.914779E-16
7926.24735450745  3.929972E-16
7929.23000097275  3.963616E-16
7932.21264743805  3.993617E-16
7935.19529390335  4.014572E-16
7938.17794036865  4.001288E-16
7941.16058683395  3.896326E-16
7944.14323329926  3.719249E-16
7947.12587976456  3.584242E-16
7950.10852622986  3.468020E-16
7953.09117269516  3.418686E-16
7956.07381916046  3.449265E-16
7959.05646562576  3.570856E-16
7962.03911209106  3.712137E-16
7965.02175855637  3.796954E-16
7968.00440502167  3.825427E-16
7970.98705148697  3.821458E-16
7973.96969795227  3.830425E-16
7976.95234441757  3.879112E-16
7979.93499088287  3.952254E-16
7982.91763734818  3.972158E-16
7985.90028381348  3.925588E-16
7988.88293027878  3.817246E-16
7991.86557674408  3.716980E-16
7994.84822320938  3.600020E-16
7997.83086967468  3.476804E-16
8000.81351613999  3.362162E-16
8003.79616260529  3.311629E-16
8006.77880907059  3.339959E-16
8009.76145553589  3.431842E-16
8012.74410200119  3.581980E-16
8015.72674846649  3.719397E-16
8018.70939493179  3.766578E-16
8021.69204139709  3.744898E-16
8024.6746878624  3.724684E-16
8027.6573343277  3.712707E-16
8030.639980793  3.711518E-16
8033.6226272583  3.663829E-16
8036.6052737236  3.648083E-16
8039.5879201889  3.626605E-16
8042.57056665421  3.633555E-16
8045.55321311951  3.668016E-16
8048.53585958481  3.666324E-16
8051.51850605011  3.607531E-16
8054.50115251541  3.489239E-16
8057.48379898071  3.348536E-16
8060.46644544601  3.251365E-16
8063.44909191132  3.251045E-16
8066.43173837662  3.374070E-16
8069.41438484192  3.532071E-16
8072.39703130722  3.625635E-16
8075.37967777252  3.617612E-16
8078.36232423782  3.596387E-16
8081.34497070312  3.621894E-16
8084.32761716843  3.680395E-16
8087.31026363373  3.729121E-16
8090.29291009903  3.745145E-16
8093.27555656433  3.741238E-16
8096.25820302963  3.750327E-16
8099.24084949493  3.805506E-16
8102.22349596024  3.849408E-16
8105.20614242554  3.755601E-16
8108.18878889084  3.507963E-16
8111.17143535614  3.238611E-16
8114.15408182144  3.039762E-16
8117.13672828674  2.927520E-16
8120.11937475205  2.893988E-16
8123.10202121735  2.955317E-16
8126.08466768265  3.072351E-16
8129.06731414795  3.193174E-16
8132.04996061325  3.260245E-16
8135.03260707855  3.255025E-16
8138.01525354385  3.213120E-16
8140.99790000916  3.192835E-16
8143.98054647446  3.193451E-16
8146.96319293976  3.180622E-16
8149.94583940506  3.183212E-16
8152.92848587036  3.199515E-16
8155.91113233566  3.202280E-16
8158.89377880096  3.110013E-16
8161.87642526627  2.976721E-16
8164.85907173157  2.855313E-16
8167.84171819687  2.802923E-16
8170.82436466217  2.788022E-16
8173.80701112747  2.797015E-16
8176.78965759277  2.830049E-16
8179.77230405807  2.902639E-16
8182.75495052338  3.019171E-16
8185.73759698868  3.134031E-16
8188.72024345398  3.211248E-16
8191.70288991928  3.229124E-16
8194.68553638458  3.189422E-16
8197.66818284989  3.145686E-16
8200.65082931519  3.116728E-16
8203.63347578049  3.124182E-16
8206.61612224579  3.165917E-16
8209.59876871109  3.208453E-16
8212.58141517639  3.268857E-16
8215.56406164169  3.305465E-16
8218.546708107  3.312308E-16
8221.5293545723  3.218786E-16
8224.5120010376  3.047199E-16
8227.4946475029  2.897234E-16
8230.4772939682  2.820391E-16
8233.4599404335  2.764724E-16
8236.4425868988  2.666843E-16
8239.42523336411  2.605601E-16
8242.40787982941  2.631291E-16
8245.39052629471  2.730068E-16
8248.37317276001  2.845248E-16
8251.35581922531  2.938713E-16
8254.33846569061  3.018420E-16
8257.32111215591  3.076317E-16
8260.30375862122  3.110998E-16
8263.28640508652  3.112809E-16
8266.26905155182  3.088220E-16
8269.25169801712  3.046881E-16
8272.23434448242  3.036062E-16
8275.21699094772  3.059135E-16
8278.19963741302  3.101211E-16
8281.18228387833  3.113031E-16
8284.16493034363  3.010704E-16
8287.14757680893  2.880719E-16
8290.13022327423  2.775326E-16
8293.11286973953  2.680990E-16
8296.09551620483  2.629831E-16
8299.07816267014  2.676345E-16
8302.06080913544  2.824286E-16
8305.04345560074  2.974468E-16
8308.02610206604  3.040493E-16
8311.00874853134  3.079232E-16
8313.99139499664  3.072126E-16
8316.97404146194  3.033730E-16
8319.95668792725  2.993420E-16
8322.93933439255  2.960603E-16
8325.92198085785  2.971929E-16
8328.90462732315  3.033581E-16
8331.88727378845  3.113189E-16
8334.86992025375  3.140110E-16
8337.85256671905  3.092171E-16
8340.83521318436  3.029711E-16
8343.81785964966  2.920743E-16
8346.80050611496  2.777657E-16
8349.78315258026  2.700477E-16
8352.76579904556  2.703939E-16
8355.74844551087  2.771859E-16
8358.73109197617  2.849607E-16
8361.71373844147  2.922201E-16
8364.69638490677  2.992480E-16
8367.67903137207  3.019471E-16
8370.66167783737  3.049686E-16
8373.64432430267  3.110597E-16
8376.62697076798  3.129039E-16
8379.60961723328  3.111220E-16
8382.59226369858  3.053038E-16
8385.57491016388  2.953965E-16
8388.55755662918  2.860317E-16
8391.54020309448  2.815640E-16
8394.52284955978  2.833879E-16
8397.50549602509  2.875931E-16
8400.48814249039  2.888401E-16
8403.47078895569  3.000239E-16
8406.45343542099  3.136956E-16
8409.43608188629  3.131467E-16
8412.41872835159  2.977936E-16
8415.4013748169  2.852314E-16
8418.3840212822  2.931836E-16
8421.3666677475  3.136665E-16
8424.3493142128  3.248650E-16
8427.3319606781  3.183833E-16
8430.3146071434  2.978622E-16
8433.2972536087  2.776646E-16
8436.27990007401  2.710714E-16
8439.26254653931  2.720401E-16
8442.24519300461  2.773915E-16
8445.22783946991  2.787540E-16
8448.21048593521  2.816682E-16
8451.19313240051  2.900055E-16
8454.17577886581  3.022819E-16
8457.15842533112  3.149595E-16
8460.14107179642  3.190444E-16
8463.12371826172  3.134853E-16
8466.10636472702  3.068450E-16
8469.08901119232  3.072800E-16
8472.07165765762  3.154676E-16
8475.05430412292  3.226476E-16
8478.03695058823  3.179671E-16
8481.01959705353  3.004530E-16
8484.00224351883  2.738861E-16
8486.98488998413  2.575471E-16
8489.96753644943  2.565830E-16
8492.95018291473  2.636707E-16
8495.93282938004  2.743969E-16
8498.91547584534  2.876939E-16
8501.89812231064  2.971647E-16
8504.88076877594  2.955650E-16
8507.86341524124  2.876036E-16
8510.84606170654  2.886213E-16
8513.82870817185  3.007669E-16
8516.81135463715  3.093613E-16
8519.79400110245  3.042637E-16
8522.77664756775  2.886243E-16
8525.75929403305  2.720349E-16
8528.74194049835  2.616375E-16
8531.72458696365  2.545805E-16
8534.70723342896  2.544752E-16
8537.68987989426  2.643373E-16
8540.67252635956  2.847632E-16
8543.65517282486  2.987864E-16
8546.63781929016  3.038688E-16
8549.62046575546  2.977613E-16
8552.60311222076  2.895876E-16
8555.58575868607  2.880533E-16
8558.56840515137  2.963229E-16
8561.55105161667  3.081187E-16
8564.53369808197  3.126571E-16
8567.51634454727  3.093366E-16
8570.49899101257  3.028752E-16
8573.48163747787  2.903287E-16
8576.46428394318  2.709841E-16
8579.44693040848  2.607209E-16
8582.42957687378  2.629107E-16
8585.41222333908  2.727581E-16
8588.39486980438  2.885213E-16
8591.37751626968  3.038722E-16
8594.36016273499  3.166662E-16
8597.34280920029  3.144501E-16
8600.32545566559  3.074284E-16
8603.30810213089  3.006743E-16
8606.29074859619  3.001652E-16
8609.27339506149  3.059021E-16
8612.2560415268  3.118451E-16
8615.2386879921  3.116308E-16
8618.2213344574  2.988827E-16
8621.2039809227  2.800412E-16
8624.186627388  2.651722E-16
8627.1692738533  2.572354E-16
8630.1519203186  2.561685E-16
8633.13456678391  2.580911E-16
8636.11721324921  2.656174E-16
8639.09985971451  2.807890E-16
8642.08250617981  2.916572E-16
8645.06515264511  2.923215E-16
8648.04779911041  2.840010E-16
8651.03044557571  2.820811E-16
8654.01309204102  2.853657E-16
8656.99573850632  2.909086E-16
8659.97838497162  2.925773E-16
8662.96103143692  2.946751E-16
8665.94367790222  2.997887E-16
8668.92632436752  3.027067E-16
8671.90897083283  2.959013E-16
8674.89161729813  2.766269E-16
8677.87426376343  2.550315E-16
8680.85691022873  2.398532E-16
8683.83955669403  2.295915E-16
8686.82220315933  2.232373E-16
8689.80484962463  2.236917E-16
8692.78749608993  2.302364E-16
8695.77014255524  2.399664E-16
8698.75278902054  2.527965E-16
8701.73543548584  2.658558E-16
8704.71808195114  2.724515E-16
8707.70072841644  2.694607E-16
8710.68337488174  2.620308E-16
8713.66602134705  2.579202E-16
8716.64866781235  2.588659E-16
8719.63131427765  2.631457E-16
8722.61396074295  2.633676E-16
8725.59660720825  2.604082E-16
8728.57925367356  2.572675E-16
8731.56190013886  2.530108E-16
8734.54454660416  2.452182E-16
8737.52719306946  2.351137E-16
8740.50983953476  2.291534E-16
8743.49248600006  2.240933E-16
8746.47513246536  2.239774E-16
8749.45777893067  2.315307E-16
8752.44042539597  2.462120E-16
8755.42307186127  2.555864E-16
8758.40571832657  2.563254E-16
8761.38836479187  2.471896E-16
8764.37101125717  2.377938E-16
8767.35365772247  2.372826E-16
8770.33630418777  2.414460E-16
8773.31895065308  2.449953E-16
8776.30159711838  2.450208E-16
8779.28424358368  2.465220E-16
8782.26689004898  2.472858E-16
8785.24953651428  2.446909E-16
8788.23218297958  2.367866E-16
8791.21482944489  2.183885E-16
8794.19747591019  1.937996E-16
8797.18012237549  1.785648E-16
8800.16276884079  1.832390E-16
8803.14541530609  1.949996E-16
8806.12806177139  2.041948E-16
8809.11070823669  2.100337E-16
8812.093354702  2.149742E-16
8815.0760011673  2.183898E-16
8818.0586476326  2.194207E-16
8821.0412940979  2.211058E-16
8824.0239405632  2.268522E-16
8827.0065870285  2.288662E-16
8829.98923349381  2.285395E-16
8832.97187995911  2.300055E-16
8835.95452642441  2.317985E-16
8838.93717288971  2.298372E-16
8841.91981935501  2.150983E-16
8844.90246582031  1.949863E-16
8847.88511228561  1.773750E-16
8850.86775875092  1.675868E-16
8853.85040521622  1.721239E-16
8856.83305168152  1.842211E-16
8859.81569814682  1.979673E-16
8862.79834461212  2.067454E-16
8865.78099107742  2.100178E-16
8868.76363754272  2.097530E-16
8871.74628400803  2.090003E-16
8874.72893047333  2.147674E-16
8877.71157693863  2.200594E-16
8880.69422340393  2.212654E-16
8883.67686986923  2.171487E-16
8886.65951633453  2.099906E-16
8889.64216279983  1.999622E-16
8892.62480926514  1.841577E-16
8895.60745573044  1.720797E-16
8898.59010219574  1.687540E-16
8901.57274866104  1.700152E-16
8904.55539512634  1.682506E-16
8907.53804159164  1.627298E-16
8910.52068805695  1.571297E-16
8913.50333452225  1.568743E-16
8916.48598098755  1.633073E-16
8919.46862745285  1.719133E-16
8922.45127391815  1.794330E-16
8925.43392038345  1.800587E-16
8928.41656684876  1.794801E-16
8931.39921331406  1.774260E-16
8934.38185977936  1.760007E-16
8937.36450624466  1.748785E-16
8940.34715270996  1.732359E-16
8943.32979917526  1.697546E-16
8946.31244564056  1.624078E-16
8949.29509210587  1.537507E-16
8952.27773857117  1.432588E-16
8955.26038503647  1.407005E-16
8958.24303150177  1.411748E-16
8961.22567796707  1.401546E-16
8964.20832443237  1.395575E-16
8967.19097089768  1.415049E-16
8970.17361736298  1.459713E-16
8973.15626382828  1.498394E-16
8976.13891029358  1.547243E-16
8979.12155675888  1.596694E-16
8982.10420322418  1.598163E-16
8985.08684968948  1.575941E-16
8988.06949615478  1.583049E-16
8991.05214262009  1.607614E-16
8994.03478908539  1.615119E-16
8997.01743555069  1.623102E-16
