5450.00000000002  2.221064E-16
5451.79558026792  2.294956E-16
5453.59116053583  2.300458E-16
5455.38674080373  2.296863E-16
5457.18232107164  2.358167E-16
5458.97790133955  2.320001E-16
5460.77348160745  2.235795E-16
5462.56906187536  2.313629E-16
5464.36464214326  2.396997E-16
5466.16022241117  2.385721E-16
5467.95580267908  2.296759E-16
5469.75138294698  2.210227E-16
5471.54696321489  2.232577E-16
5473.3425434828  2.256789E-16
5475.1381237507  2.287768E-16
5476.93370401861  2.313138E-16
5478.72928428652  2.288837E-16
5480.52486455442  2.256228E-16
5482.32044482233  2.246402E-16
5484.11602509023  2.300614E-16
5485.91160535814  2.345144E-16
5487.70718562605  2.395105E-16
5489.50276589395  3.104855E-16
5491.29834616186  5.284538E-16
5493.09392642976  7.968136E-16
5494.88950669767  9.293638E-16
5496.68508696558  8.404256E-16
5498.48066723348  6.238267E-16
5500.27624750139  3.943947E-16
5502.0718277693  2.521760E-16
5503.8674080372  2.208122E-16
5505.66298830511  2.284699E-16
5507.45856857301  2.313702E-16
5509.25414884092  2.247598E-16
5511.04972910883  2.254533E-16
5512.84530937673  2.257516E-16
5514.64088964464  2.212673E-16
5516.43646991255  2.220934E-16
5518.23205018045  2.278544E-16
5520.02763044836  2.275673E-16
5521.82321071626  2.171530E-16
5523.61879098417  2.171108E-16
5525.41437125208  2.252483E-16
5527.20995151998  2.245714E-16
5529.00553178789  2.196807E-16
5530.80111205579  2.167640E-16
5532.5966923237  2.152239E-16
5534.39227259161  2.156914E-16
5536.18785285951  2.211121E-16
5537.98343312742  2.292125E-16
5539.77901339533  2.301601E-16
5541.57459366323  3.133192E-16
5543.37017393114  7.285146E-16
5545.16575419904  1.475027E-15
5546.96133446695  2.078464E-15
5548.75691473486  2.162196E-15
5550.55249500276  1.730163E-15
5552.34807527067  9.726693E-16
5554.14365553858  3.941756E-16
5555.93923580648  2.345343E-16
5557.73481607439  2.291345E-16
5559.53039634229  2.237722E-16
5561.3259766102  2.216017E-16
5563.12155687811  2.129167E-16
5564.91713714601  2.026136E-16
5566.71271741392  2.037532E-16
5568.50829768182  2.047743E-16
5570.30387794973  2.070840E-16
5572.09945821764  2.075546E-16
5573.89503848554  1.991158E-16
5575.69061875345  2.001048E-16
5577.48619902136  2.119694E-16
5579.28177928926  2.131172E-16
5581.07735955717  2.182649E-16
5582.87293982507  2.106544E-16
5584.66852009298  1.954697E-16
5586.46410036089  2.013817E-16
5588.25968062879  2.094818E-16
5590.0552608967  2.082370E-16
5591.85084116461  2.065511E-16
5593.64642143251  2.063826E-16
5595.44200170042  2.061582E-16
5597.23758196832  2.034295E-16
5599.03316223623  2.047092E-16
5600.82874250414  2.085960E-16
5602.62432277204  2.051466E-16
5604.41990303995  2.056056E-16
5606.21548330785  2.080800E-16
5608.01106357576  2.108089E-16
5609.80664384367  2.079350E-16
5611.60222411157  1.986399E-16
5613.39780437948  2.022846E-16
5615.19338464739  2.085520E-16
5616.98896491529  2.073292E-16
5618.7845451832  2.059388E-16
5620.58012545111  2.059389E-16
5622.37570571901  2.090249E-16
5624.17128598692  2.100495E-16
5625.96686625482  2.049100E-16
5627.76244652273  2.060993E-16
5629.55802679064  2.108211E-16
5631.35360705854  2.082713E-16
5633.14918732645  2.033704E-16
5634.94476759435  2.044407E-16
5636.74034786226  1.964987E-16
5638.53592813017  1.699052E-16
5640.33150839807  1.667241E-16
5642.12708866598  1.906775E-16
5643.92266893388  2.044374E-16
5645.71824920179  2.069092E-16
5647.5138294697  2.073355E-16
5649.3094097376  2.078551E-16
5651.10499000551  2.072790E-16
5652.90057027342  2.052399E-16
5654.69615054132  2.073656E-16
5656.49173080923  2.097365E-16
5658.28731107713  2.060422E-16
5660.08289134504  2.040103E-16
5661.87847161295  2.076982E-16
5663.67405188085  2.043611E-16
5665.46963214876  2.027120E-16
5667.26521241666  2.091171E-16
5669.06079268457  2.076578E-16
5670.85637295248  2.050451E-16
5672.65195322038  2.041409E-16
5674.44753348829  2.021350E-16
5676.2431137562  2.048212E-16
5678.0386940241  2.064569E-16
5679.83427429201  2.050825E-16
5681.62985455991  2.078290E-16
5683.42543482782  2.088033E-16
5685.22101509573  2.048143E-16
5687.01659536363  2.039664E-16
5688.81217563154  2.046437E-16
5690.60775589945  2.044326E-16
5692.40333616735  2.042253E-16
5694.19891643526  2.033760E-16
5695.99449670316  2.046793E-16
5697.79007697107  2.071115E-16
5699.58565723898  2.080524E-16
5701.38123750688  2.074570E-16
5703.17681777479  2.029183E-16
5704.9723980427  1.994607E-16
5706.7679783106  2.030009E-16
5708.56355857851  2.058876E-16
5710.35913884641  2.055716E-16
5712.15471911432  2.098978E-16
5713.95029938223  2.150118E-16
5715.74587965013  2.126126E-16
5717.54145991804  2.068080E-16
5719.33704018594  2.063760E-16
5721.13262045385  2.073610E-16
5722.92820072176  2.071736E-16
5724.72378098967  2.124236E-16
5726.51936125757  2.158004E-16
5728.31494152548  2.136770E-16
5730.11052179338  2.131955E-16
5731.90610206129  2.108874E-16
5733.7016823292  2.087721E-16
5735.4972625971  2.106834E-16
5737.29284286501  2.120568E-16
5739.08842313291  2.121858E-16
5740.88400340082  2.163563E-16
5742.67958366873  2.199331E-16
5744.47516393663  2.188444E-16
5746.27074420454  2.184593E-16
5748.06632447244  2.187145E-16
5749.86190474035  2.175809E-16
5751.65748500826  2.169499E-16
5753.45306527616  2.183340E-16
5755.24864554407  2.188801E-16
5757.04422581198  2.237296E-16
5758.83980607988  2.325460E-16
5760.63538634779  2.326322E-16
5762.43096661569  2.280368E-16
5764.2265468836  2.297850E-16
5766.02212715151  2.304856E-16
5767.81770741941  2.280439E-16
5769.61328768732  2.287726E-16
5771.40886795523  2.297071E-16
5773.20444822313  2.301578E-16
5775.00002849104  2.320175E-16
5776.79560875894  2.325749E-16
5778.59118902685  2.306463E-16
5780.38676929476  2.322949E-16
5782.18234956266  2.342353E-16
5783.97792983057  2.337736E-16
5785.77351009847  2.368429E-16
5787.56909036638  2.378139E-16
5789.36467063429  2.385224E-16
5791.16025090219  2.424533E-16
5792.9558311701  2.428658E-16
5794.751411438  2.437867E-16
5796.54699170591  2.445753E-16
5798.34257197382  2.394009E-16
5800.13815224172  2.358368E-16
5801.93373250963  2.382681E-16
5803.72931277754  2.430975E-16
5805.52489304544  2.438007E-16
5807.32047331335  2.392513E-16
5809.11605358125  2.405937E-16
5810.91163384916  2.465637E-16
5812.70721411707  2.437707E-16
5814.50279438497  2.422840E-16
5816.29837465288  2.478729E-16
5818.09395492079  2.517935E-16
5819.88953518869  2.562563E-16
5821.6851154566  2.549215E-16
5823.4806957245  2.493262E-16
5825.27627599241  2.465172E-16
5827.07185626032  2.460620E-16
5828.86743652822  2.499216E-16
5830.66301679613  2.496137E-16
5832.45859706403  2.495152E-16
5834.25417733194  2.521128E-16
5836.04975759985  2.506475E-16
5837.84533786775  2.525219E-16
5839.64091813566  2.562975E-16
5841.43649840357  2.551473E-16
5843.23207867147  2.520872E-16
5845.02765893938  2.504809E-16
5846.82323920728  2.515334E-16
5848.61881947519  2.547566E-16
5850.4143997431  2.555156E-16
5852.209980011  2.526586E-16
5854.00556027891  2.536258E-16
5855.80114054681  2.543959E-16
5857.59672081472  2.542028E-16
5859.39230108263  2.573729E-16
5861.18788135053  2.547268E-16
5862.98346161844  2.497872E-16
5864.77904188635  2.457472E-16
5866.57462215425  2.439915E-16
5868.37020242216  2.498035E-16
5870.16578269007  2.513896E-16
5871.96136295797  2.451125E-16
5873.75694322588  2.463501E-16
5875.55252349378  2.505559E-16
5877.34810376169  2.489542E-16
5879.1436840296  2.464094E-16
5880.9392642975  2.462291E-16
5882.73484456541  2.419023E-16
5884.53042483331  2.335683E-16
5886.32600510122  2.365972E-16
5888.12158536913  2.381585E-16
5889.91716563703  2.323875E-16
5891.71274590494  2.341890E-16
5893.50832617285  2.324552E-16
5895.30390644075  2.372567E-16
5897.09948670866  2.443371E-16
5898.89506697656  2.415101E-16
5900.69064724447  2.370838E-16
5902.48622751238  2.274574E-16
5904.28180778028  2.281579E-16
5906.07738804819  2.369818E-16
5907.8729683161  2.396493E-16
5909.668548584  2.371271E-16
5911.46412885191  2.363903E-16
5913.25970911981  2.376779E-16
5915.05528938772  2.364696E-16
5916.85086965563  2.365415E-16
5918.64644992353  2.357274E-16
5920.44203019144  2.323411E-16
5922.23761045934  2.295641E-16
5924.03319072725  2.269785E-16
5925.82877099516  2.281025E-16
5927.62435126306  2.325138E-16
5929.41993153097  2.335864E-16
5931.21551179888  2.349963E-16
5933.01109206678  2.404793E-16
5934.80667233469  2.397613E-16
5936.60225260259  2.392482E-16
5938.3978328705  2.417478E-16
5940.19341313841  2.391475E-16
5941.98899340631  2.343178E-16
5943.78457367422  2.300517E-16
5945.58015394213  2.260266E-16
5947.37573421003  2.246425E-16
5949.17131447794  2.245354E-16
5950.96689474584  2.275181E-16
5952.76247501375  2.359141E-16
5954.55805528166  2.414438E-16
5956.35363554956  2.407822E-16
5958.14921581747  2.404891E-16
5959.94479608537  2.392429E-16
5961.74037635328  2.357639E-16
5963.53595662119  2.373214E-16
5965.33153688909  2.421353E-16
5967.127117157  2.418391E-16
5968.92269742491  2.415206E-16
5970.71827769281  2.413355E-16
5972.51385796072  2.378942E-16
5974.30943822862  2.414884E-16
5976.10501849653  2.448163E-16
5977.90059876444  2.351916E-16
5979.69617903234  2.346762E-16
5981.49175930025  2.433985E-16
5983.28733956816  2.475752E-16
5985.08291983606  2.481534E-16
5986.87850010397  2.468323E-16
5988.67408037187  2.440944E-16
5990.46966063978  2.412203E-16
5992.26524090769  2.410730E-16
5994.06082117559  2.427782E-16
5995.8564014435  2.449674E-16
5997.6519817114  2.463561E-16
5999.44756197931  2.444098E-16
6001.24314224722  2.456947E-16
6003.03872251512  2.489465E-16
6004.83430278303  2.463511E-16
6006.62988305094  2.426788E-16
6008.42546331884  2.425047E-16
6010.22104358675  2.459872E-16
6012.01662385466  2.456825E-16
6013.81220412256  2.420440E-16
6015.60778439047  2.348031E-16
6017.40336465837  2.345155E-16
6019.19894492628  2.400771E-16
6020.99452519419  2.374014E-16
6022.79010546209  2.391084E-16
6024.58568573  2.456455E-16
6026.3812659979  2.434137E-16
6028.17684626581  2.374790E-16
6029.97242653372  2.433253E-16
6031.76800680162  2.503773E-16
6033.56358706953  2.460672E-16
6035.35916733743  2.405728E-16
6037.15474760534  2.399549E-16
6038.95032787325  2.412501E-16
6040.74590814115  2.388149E-16
6042.54148840906  2.405609E-16
6044.33706867697  2.437830E-16
6046.13264894487  2.391524E-16
6047.92822921278  2.348750E-16
6049.72380948068  2.376194E-16
6051.51938974859  2.389363E-16
6053.3149700165  2.381695E-16
6055.1105502844  2.337256E-16
6056.90613055231  2.306890E-16
6058.70171082021  2.349526E-16
6060.49729108812  2.337056E-16
6062.29287135603  2.287971E-16
6064.08845162393  2.280229E-16
6065.88403189184  2.244700E-16
6067.67961215975  2.249304E-16
6069.47519242765  2.283608E-16
6071.27077269556  2.270532E-16
6073.06635296346  2.263865E-16
6074.86193323137  2.279412E-16
6076.65751349928  2.321662E-16
6078.45309376718  2.296673E-16
6080.24867403509  2.248280E-16
6082.04425430299  2.251500E-16
6083.8398345709  2.279826E-16
6085.63541483881  2.261563E-16
6087.43099510671  2.225651E-16
6089.22657537462  2.250240E-16
6091.02215564253  2.264513E-16
6092.81773591043  2.246036E-16
6094.61331617834  2.258434E-16
6096.40889644624  2.309996E-16
6098.20447671415  2.291794E-16
6100.00005698206  2.219723E-16
6101.79563724996  2.268733E-16
6103.59121751787  2.288052E-16
6105.38679778577  2.212928E-16
6107.18237805368  2.199924E-16
6108.97795832159  2.214337E-16
6110.77353858949  2.187647E-16
6112.5691188574  2.197776E-16
6114.36469912531  2.226746E-16
6116.16027939321  2.219682E-16
6117.95585966112  2.173439E-16
6119.75143992903  2.157851E-16
6121.54702019693  2.187168E-16
6123.34260046484  2.125348E-16
6125.13818073274  1.721634E-16
6126.93376100065  1.628323E-16
6128.72934126856  1.961596E-16
6130.52492153646  2.153613E-16
6132.32050180437  2.179586E-16
6134.11608207228  2.186454E-16
6135.91166234018  2.201416E-16
6137.70724260809  2.163844E-16
6139.50282287599  2.122687E-16
6141.2984031439  2.128398E-16
6143.09398341181  2.103320E-16
6144.88956367971  2.050496E-16
6146.68514394762  2.035681E-16
6148.48072421552  2.079851E-16
6150.27630448343  2.095545E-16
6152.07188475134  2.112939E-16
6153.86746501924  2.107126E-16
6155.66304528715  2.058310E-16
6157.45862555506  2.044357E-16
6159.25420582296  2.077214E-16
6161.04978609087  2.068063E-16
6162.84536635877  2.036969E-16
6164.64094662668  2.018408E-16
6166.43652689459  2.005918E-16
6168.23210716249  2.022626E-16
6170.0276874304  2.051531E-16
6171.82326769831  2.067490E-16
6173.61884796621  2.055135E-16
6175.41442823412  2.029475E-16
6177.21000850202  2.039417E-16
6179.00558876993  2.013307E-16
6180.80116903784  2.003096E-16
6182.59674930574  2.008380E-16
6184.39232957365  2.006736E-16
6186.18790984155  1.985161E-16
6187.98349010946  1.988188E-16
6189.77907037737  2.030540E-16
6191.57465064527  1.977841E-16
6193.37023091318  1.942127E-16
6195.16581118109  1.965253E-16
6196.96139144899  1.969299E-16
6198.7569717169  1.985360E-16
6200.5525519848  1.991998E-16
6202.34813225271  1.982992E-16
6204.14371252062  1.983935E-16
6205.93929278852  1.964414E-16
6207.73487305643  1.925334E-16
6209.53045332434  1.899287E-16
6211.32603359224  1.889711E-16
6213.12161386015  1.912736E-16
6214.91719412805  1.933579E-16
6216.71277439596  1.903947E-16
6218.50835466387  1.895019E-16
6220.30393493177  1.898806E-16
6222.09951519968  1.863255E-16
6223.89509546759  1.848627E-16
6225.69067573549  1.855430E-16
6227.4862560034  1.867655E-16
6229.2818362713  1.880671E-16
6231.07741653921  1.848584E-16
6232.87299680712  1.808803E-16
6234.66857707502  1.826667E-16
6236.46415734293  1.839546E-16
6238.25973761083  1.806864E-16
6240.05531787874  1.819594E-16
6241.85089814665  1.826956E-16
6243.64647841455  1.800109E-16
6245.44205868246  1.770559E-16
6247.23763895037  1.783126E-16
6249.03321921827  1.778882E-16
6250.82879948618  1.736950E-16
6252.62437975408  1.750270E-16
6254.41996002199  1.781367E-16
6256.2155402899  1.772963E-16
6258.0111205578  1.744918E-16
6259.80670082571  1.734583E-16
6261.60228109362  1.747500E-16
6263.39786136152  1.749425E-16
6265.19344162943  1.732976E-16
6266.98902189733  1.717350E-16
6268.78460216524  1.730881E-16
6270.58018243315  1.745585E-16
6272.37576270105  1.718441E-16
6274.17134296896  1.679106E-16
6275.96692323686  1.678396E-16
6277.76250350477  1.677322E-16
6279.55808377268  1.632355E-16
6281.35366404058  1.593200E-16
6283.14924430849  1.570930E-16
6284.9448245764  1.566445E-16
6286.7404048443  1.615430E-16
6288.53598511221  1.647900E-16
6290.33156538011  1.631237E-16
6292.12714564802  1.626904E-16
6293.92272591593  1.569486E-16
6295.71830618383  1.538682E-16
6297.51388645174  1.614921E-16
6299.30946671965  1.554873E-16
6301.10504698755  1.456450E-16
6302.90062725546  1.612944E-16
6304.69620752336  1.763247E-16
6306.49178779127  1.663449E-16
6308.28736805918  1.526356E-16
6310.08294832708  1.519140E-16
6311.87852859499  1.544329E-16
6313.67410886289  1.562454E-16
6315.4696891308  1.583849E-16
6317.26526939871  1.569288E-16
6319.06084966661  1.545195E-16
6320.85642993452  1.533555E-16
6322.65201020243  1.536073E-16
6324.44759047033  1.544653E-16
6326.24317073824  1.546452E-16
6328.03875100614  1.547895E-16
6329.83433127405  1.561686E-16
6331.62991154196  1.574046E-16
6333.42549180986  1.561125E-16
6335.22107207777  1.584512E-16
6337.01665234568  1.569730E-16
6338.81223261358  1.537225E-16
6340.60781288149  1.532972E-16
6342.40339314939  1.548791E-16
6344.1989734173  1.572288E-16
6345.99455368521  1.529516E-16
6347.79013395311  1.469412E-16
6349.58571422102  1.432293E-16
6351.38129448892  1.467678E-16
6353.17687475683  1.507775E-16
6354.97245502474  1.504794E-16
6356.76803529264  1.515102E-16
6358.56361556055  1.540368E-16
6360.35919582846  1.530389E-16
6362.15477609636  1.486463E-16
6363.95035636427  1.479156E-16
6365.74593663217  1.446068E-16
6367.54151690008  1.402183E-16
6369.33709716799  1.451091E-16
6371.13267743589  1.467604E-16
6372.9282577038  1.460658E-16
6374.72383797171  1.479393E-16
6376.51941823961  1.488415E-16
6378.31499850752  1.511800E-16
6380.11057877542  1.532129E-16
6381.90615904333  1.517396E-16
6383.70173931124  1.474989E-16
6385.49731957914  1.494300E-16
6387.29289984705  1.485095E-16
6389.08848011495  1.449112E-16
6390.88406038286  1.499644E-16
6392.67964065077  1.472726E-16
6394.47522091867  1.437382E-16
6396.27080118658  1.447023E-16
6398.06638145449  1.481179E-16
6399.86196172239  1.492532E-16
6401.6575419903  1.479891E-16
6403.45312225821  1.492939E-16
6405.24870252611  1.496740E-16
6407.04428279402  1.517532E-16
6408.83986306192  1.512511E-16
6410.63544332983  1.501724E-16
6412.43102359774  1.502319E-16
6414.22660386564  1.481936E-16
6416.02218413355  1.451199E-16
6417.81776440145  1.482249E-16
6419.61334466936  1.501614E-16
6421.40892493727  1.478704E-16
6423.20450520517  1.452566E-16
6425.00008547308  1.479152E-16
6426.79566574098  1.489857E-16
6428.59124600889  1.485103E-16
6430.3868262768  1.485257E-16
6432.1824065447  1.503388E-16
6433.97798681261  1.494243E-16
6435.77356708052  1.456686E-16
6437.56914734842  1.471615E-16
6439.36472761633  1.480871E-16
6441.16030788423  1.481419E-16
6442.95588815214  1.493949E-16
6444.75146842005  1.498741E-16
6446.54704868795  1.497979E-16
6448.34262895586  1.479322E-16
6450.13820922376  1.496168E-16
6451.93378949167  1.484299E-16
6453.72936975958  1.480521E-16
6455.52495002748  1.497591E-16
6457.32053029539  1.477023E-16
6459.1161105633  1.461275E-16
6460.9116908312  1.446915E-16
6462.70727109911  1.444010E-16
6464.50285136701  1.449802E-16
6466.29843163492  1.476654E-16
6468.09401190283  1.477778E-16
6469.88959217073  1.461094E-16
6471.68517243864  1.438168E-16
6473.48075270654  1.405169E-16
6475.27633297445  1.424622E-16
6477.07191324236  1.455774E-16
6478.86749351026  1.448753E-16
6480.66307377817  1.453041E-16
6482.45865404608  1.490183E-16
6484.25423431398  1.501348E-16
6486.04981458189  1.476441E-16
6487.84539484979  1.448263E-16
6489.6409751177  1.453251E-16
6491.43655538561  1.480658E-16
6493.23213565351  1.457464E-16
6495.02771592142  1.439897E-16
6496.82329618932  1.450313E-16
6498.61887645723  1.482976E-16
6500.41445672514  1.493591E-16
6502.21003699304  1.501316E-16
6504.00561726095  1.591061E-16
6505.80119752886  1.808809E-16
6507.59677779676  2.017115E-16
6509.39235806467  2.067579E-16
6511.18793833258  2.039349E-16
6512.98351860048  1.862301E-16
6514.77909886839  1.595783E-16
6516.57467913629  1.494400E-16
6518.3702594042  1.499893E-16
6520.16583967211  1.481260E-16
6521.96141994001  1.482391E-16
6523.75700020792  1.520436E-16
6525.55258047583  1.536961E-16
6527.34816074373  1.522982E-16
6529.14374101164  1.489399E-16
6530.93932127954  1.494993E-16
6532.73490154745  1.528757E-16
6534.53048181536  1.507474E-16
6536.32606208326  1.504621E-16
6538.12164235117  1.537459E-16
6539.91722261908  1.548113E-16
6541.71280288698  1.537415E-16
6543.50838315489  1.498106E-16
6545.30396342279  1.470658E-16
6547.0995436907  1.501945E-16
6548.89512395861  1.523636E-16
6550.69070422651  1.490309E-16
6552.48628449442  1.473848E-16
6554.28186476233  1.504172E-16
6556.07744503023  1.532171E-16
6557.87302529814  1.506516E-16
6559.66860556604  1.477682E-16
6561.46418583395  1.468175E-16
6563.25976610186  1.474834E-16
6565.05534636976  1.487917E-16
6566.85092663767  1.458646E-16
6568.64650690557  1.451097E-16
6570.44208717348  1.478503E-16
6572.23766744139  1.468349E-16
6574.03324770929  1.432039E-16
6575.8288279772  1.414279E-16
6577.6244082451  1.473997E-16
6579.41998851301  1.492425E-16
6581.21556878092  1.489874E-16
6583.01114904882  1.490128E-16
6584.80672931673  1.444988E-16
6586.60230958464  1.411872E-16
6588.39788985254  1.405220E-16
6590.19347012045  1.445079E-16
6591.98905038835  1.499186E-16
6593.78463065626  1.494800E-16
6595.58021092417  1.466332E-16
6597.37579119207  1.455832E-16
6599.17137145998  1.458147E-16
6600.96695172789  1.477681E-16
6602.76253199579  1.462983E-16
6604.5581122637  1.404573E-16
6606.3536925316  1.391540E-16
6608.14927279951  1.430079E-16
6609.94485306742  1.442539E-16
6611.74043333532  1.428000E-16
6613.53601360323  1.423356E-16
6615.33159387114  1.451547E-16
6617.12717413904  1.467995E-16
6618.92275440695  1.436508E-16
6620.71833467485  1.443458E-16
6622.51391494276  1.458532E-16
6624.30949521067  1.468776E-16
6626.10507547857  1.477813E-16
6627.90065574648  1.460954E-16
6629.69623601439  1.445582E-16
6631.49181628229  1.465338E-16
6633.2873965502  1.465791E-16
6635.0829768181  1.443934E-16
6636.87855708601  1.445587E-16
6638.67413735392  1.436607E-16
6640.46971762182  1.428916E-16
6642.26529788973  1.426053E-16
6644.06087815763  1.426426E-16
6645.85645842554  1.410027E-16
6647.65203869345  1.389937E-16
6649.44761896135  1.370915E-16
6651.24319922926  1.403506E-16
6653.03877949717  1.434302E-16
6654.83435976507  1.450338E-16
6656.62994003298  1.449887E-16
6658.42552030088  1.454777E-16
6660.22110056879  1.431858E-16
6662.0166808367  1.420135E-16
6663.8122611046  1.424207E-16
6665.60784137251  1.413722E-16
6667.40342164041  1.412961E-16
6669.19900190832  1.404456E-16
6670.99458217623  1.416353E-16
6672.79016244413  1.452224E-16
6674.58574271204  1.461563E-16
6676.38132297995  1.432168E-16
6678.17690324785  1.442238E-16
6679.97248351576  1.464445E-16
6681.76806378366  1.412686E-16
6683.56364405157  1.409051E-16
6685.35922431948  1.438757E-16
6687.15480458738  1.444955E-16
6688.95038485529  1.435203E-16
6690.7459651232  1.439010E-16
6692.5415453911  1.452893E-16
6694.33712565901  1.457320E-16
6696.13270592691  1.455728E-16
6697.92828619482  1.440403E-16
6699.72386646272  1.419459E-16
6701.51944673063  1.414251E-16
6703.31502699854  1.420200E-16
6705.11060726645  1.426466E-16
6706.90618753435  1.441833E-16
6708.70176780226  1.442711E-16
6710.49734807016  1.450156E-16
6712.29292833807  1.461199E-16
6714.08850860598  1.463507E-16
6715.88408887388  1.491465E-16
6717.67966914179  1.494637E-16
6719.4752494097  1.493790E-16
6721.2708296776  1.500108E-16
6723.06640994551  1.498869E-16
6724.86199021341  1.516899E-16
6726.65757048132  1.523228E-16
6728.45315074923  1.495192E-16
6730.24873101713  1.497986E-16
6732.04431128504  1.539976E-16
6733.83989155294  1.565388E-16
6735.63547182085  1.580331E-16
6737.43105208876  1.619453E-16
6739.22663235666  1.610534E-16
6741.02221262457  1.543833E-16
6742.81779289247  1.525871E-16
6744.61337316038  1.576830E-16
6746.40895342829  1.592486E-16
6748.20453369619  1.557030E-16
6750.0001139641  1.572509E-16
6751.79569423201  1.591918E-16
6753.59127449991  1.592418E-16
6755.38685476782  1.604144E-16
6757.18243503572  1.580860E-16
6758.97801530363  1.568321E-16
6760.77359557154  1.581374E-16
6762.56917583944  1.582829E-16
6764.36475610735  1.592993E-16
6766.16033637526  1.610882E-16
6767.95591664316  1.612254E-16
6769.75149691107  1.612059E-16
6771.54707717897  1.606201E-16
6773.34265744688  1.572450E-16
6775.13823771479  1.560404E-16
6776.93381798269  1.568665E-16
6778.7293982506  1.589981E-16
6780.5249785185  1.604321E-16
6782.32055878641  1.581696E-16
6784.11613905432  1.576957E-16
6785.91171932222  1.582298E-16
6787.70729959013  1.573416E-16
6789.50287985803  1.581388E-16
6791.29846012594  1.587881E-16
6793.09404039385  1.575255E-16
6794.88962066176  1.577837E-16
6796.68520092966  1.589370E-16
6798.48078119757  1.599468E-16
6800.27636146547  1.600121E-16
6802.07194173338  1.579785E-16
6803.86752200129  1.583193E-16
6805.66310226919  1.581345E-16
6807.4586825371  1.558699E-16
6809.254262805  1.526179E-16
6811.04984307291  1.516647E-16
6812.84542334082  1.542073E-16
6814.64100360872  1.554074E-16
6816.43658387663  1.568720E-16
6818.23216414453  1.591307E-16
6820.02774441244  1.540287E-16
6821.82332468035  1.530266E-16
6823.61890494825  1.530536E-16
6825.41448521616  1.516999E-16
6827.21006548407  1.505419E-16
6829.00564575197  1.513097E-16
6830.80122601988  1.492214E-16
6832.59680628778  1.477381E-16
6834.39238655569  1.483686E-16
6836.1879668236  1.464105E-16
6837.9835470915  1.455375E-16
6839.77912735941  1.486700E-16
6841.57470762731  1.479520E-16
6843.37028789522  1.420635E-16
6845.16586816313  1.405855E-16
6846.96144843103  1.438525E-16
6848.75702869894  1.440958E-16
6850.55260896685  1.423596E-16
6852.34818923475  1.429776E-16
6854.14376950266  1.443933E-16
6855.93934977056  1.409894E-16
6857.73493003847  1.384446E-16
6859.53051030638  1.401517E-16
6861.32609057428  1.404851E-16
6863.12167084219  1.372230E-16
6864.91725111009  1.391551E-16
6866.712831378  1.333470E-16
6868.50841164591  1.165106E-16
6870.30399191381  1.020454E-16
6872.09957218172  9.399351E-17
6873.89515244963  9.294213E-17
6875.69073271753  9.550582E-17
6877.48631298544  1.017232E-16
6879.28189325334  1.116820E-16
6881.07747352125  1.185678E-16
6882.87305378916  1.215268E-16
6884.66863405706  1.246046E-16
6886.46421432497  1.264325E-16
6888.25979459288  1.203464E-16
6890.05537486078  1.144501E-16
6891.85095512869  1.154623E-16
6893.64653539659  1.150341E-16
6895.4421156645  1.150754E-16
6897.23769593241  1.159863E-16
6899.03327620031  1.149492E-16
6900.82885646822  1.156105E-16
6902.62443673613  1.171795E-16
6904.42001700403  1.201204E-16
6906.21559727194  1.242884E-16
6908.01117753984  1.256023E-16
6909.80675780775  1.244180E-16
6911.60233807566  1.228791E-16
6913.39791834356  1.279921E-16
6915.19349861147  1.324008E-16
6916.98907887938  1.289985E-16
6918.78465914728  1.272233E-16
6920.58023941519  1.288449E-16
6922.37581968309  1.318073E-16
6924.171399951  1.350530E-16
6925.96698021891  1.352682E-16
6927.76256048681  1.313832E-16
6929.55814075472  1.274091E-16
6931.35372102262  1.270347E-16
6933.14930129053  1.281671E-16
6934.94488155844  1.284903E-16
6936.74046182634  1.293089E-16
6938.53604209425  1.334913E-16
6940.33162236216  1.352392E-16
6942.12720263006  1.333887E-16
6943.92278289797  1.367703E-16
6945.71836316587  1.393917E-16
6947.51394343378  1.385765E-16
6949.30952370169  1.403062E-16
6951.10510396959  1.431747E-16
6952.9006842375  1.443421E-16
6954.6962645054  1.433309E-16
6956.49184477331  1.441975E-16
6958.28742504122  1.453679E-16
6960.08300530912  1.450660E-16
6961.87858557703  1.468086E-16
6963.67416584494  1.504602E-16
6965.46974611284  1.523750E-16
6967.26532638075  1.554221E-16
6969.06090664865  1.584152E-16
6970.85648691656  1.591342E-16
6972.65206718447  1.595913E-16
6974.44764745237  1.597972E-16
6976.24322772028  1.680745E-16
6978.03880798819  1.814640E-16
6979.83438825609  1.849517E-16
6981.629968524  1.822574E-16
6983.4255487919  1.740220E-16
6985.22112905981  1.644151E-16
6987.01670932772  1.589527E-16
6988.81228959562  1.603742E-16
6990.60786986353  1.647494E-16
6992.40345013144  1.653808E-16
6994.19903039934  1.661819E-16
6995.99461066725  1.676586E-16
6997.79019093515  1.660158E-16
6999.58577120306  1.631076E-16
7001.38135147097  1.616752E-16
7003.17693173887  1.619127E-16
7004.97251200678  1.622774E-16
7006.76809227469  1.674919E-16
7008.56367254259  1.678211E-16
7010.3592528105  1.671092E-16
7012.1548330784  1.665422E-16
7013.95041334631  1.693591E-16
7015.74599361422  1.682758E-16
7017.54157388212  1.668153E-16
7019.33715415003  1.692197E-16
7021.13273441793  1.706440E-16
7022.92831468584  1.714809E-16
7024.72389495375  1.706377E-16
7026.51947522165  1.707336E-16
7028.31505548956  1.724297E-16
7030.11063575746  1.781209E-16
7031.90621602537  1.799806E-16
7033.70179629328  1.802584E-16
7035.49737656118  1.821930E-16
7037.29295682909  1.804229E-16
7039.088537097  1.754804E-16
7040.8841173649  1.756821E-16
7042.67969763281  1.786225E-16
7044.47527790071  1.805518E-16
7046.27085816862  1.833711E-16
7048.06643843653  1.873131E-16
7049.86201870443  1.890447E-16
7051.65759897234  1.881865E-16
7053.45317924025  1.858503E-16
7055.24875950815  1.886107E-16
7057.04433977606  1.920847E-16
7058.83992004396  1.899641E-16
7060.63550031187  1.887235E-16
7062.43108057978  1.881274E-16
7064.22666084768  1.870054E-16
7066.02224111559  1.818378E-16
7067.81782138349  1.842434E-16
7069.6134016514  1.879143E-16
7071.40898191931  1.895671E-16
7073.20456218721  1.935603E-16
7075.00014245512  1.942899E-16
7076.79572272303  1.940004E-16
7078.59130299093  1.883012E-16
7080.38688325884  1.856655E-16
7082.18246352675  1.882172E-16
7083.97804379465  1.876840E-16
7085.77362406256  1.861797E-16
7087.56920433046  1.856876E-16
7089.36478459837  1.863716E-16
7091.16036486627  1.875242E-16
7092.95594513418  1.885252E-16
7094.75152540209  1.869024E-16
7096.54710566999  1.865119E-16
7098.3426859379  1.877061E-16
7100.13826620581  1.899370E-16
7101.93384647371  1.916079E-16
7103.72942674162  1.907980E-16
7105.52500700952  1.894883E-16
7107.32058727743  1.883598E-16
7109.11616754534  1.853812E-16
7110.91174781324  1.831561E-16
7112.70732808115  1.853784E-16
7114.50290834906  1.859668E-16
7116.29848861696  1.879816E-16
7118.09406888487  1.927648E-16
7119.88964915278  1.919722E-16
7121.68522942068  1.892443E-16
7123.48080968859  1.895651E-16
7125.27638995649  1.915524E-16
7127.0719702244  1.910221E-16
7128.86755049231  1.896759E-16
7130.66313076021  1.918100E-16
7132.45871102812  1.904480E-16
7134.25429129602  1.877588E-16
7136.04987156393  1.901574E-16
7137.84545183184  1.883973E-16
7139.64103209974  1.840352E-16
7141.43661236765  1.837205E-16
7143.23219263556  1.859097E-16
7145.02777290346  1.866047E-16
7146.82335317137  1.848812E-16
7148.61893343927  1.830089E-16
7150.41451370718  1.857839E-16
7152.21009397509  1.858570E-16
7154.00567424299  1.832792E-16
7155.8012545109  1.862026E-16
7157.59683477881  1.795657E-16
7159.39241504671  1.585790E-16
7161.18799531462  1.483966E-16
7162.98357558252  1.643982E-16
7164.77915585043  1.767586E-16
7166.57473611834  1.775145E-16
7168.37031638624  1.720577E-16
7170.16589665415  1.600384E-16
7171.96147692205  1.557492E-16
7173.75705718996  1.553174E-16
7175.55263745787  1.490734E-16
7177.34821772577  1.463814E-16
7179.14379799368  1.476172E-16
7180.93937826158  1.528482E-16
7182.73495852949  1.566988E-16
7184.5305387974  1.526673E-16
7186.32611906531  1.460059E-16
7188.12169933321  1.437335E-16
7189.91727960112  1.416672E-16
7191.71285986902  1.417484E-16
7193.50844013693  1.435688E-16
7195.30402040484  1.431583E-16
7197.09960067274  1.456040E-16
7198.89518094065  1.479045E-16
7200.69076120855  1.404061E-16
7202.48634147646  1.364390E-16
7204.28192174437  1.402400E-16
7206.07750201227  1.421782E-16
7207.87308228018  1.472515E-16
7209.66866254808  1.536553E-16
7211.46424281599  1.587922E-16
7213.2598230839  1.667287E-16
7215.0554033518  1.694550E-16
7216.85098361971  1.666054E-16
7218.64656388762  1.675000E-16
7220.44214415552  1.722400E-16
7222.23772442343  1.744869E-16
7224.03330469133  1.712241E-16
7225.82888495924  1.649138E-16
7227.62446522715  1.634623E-16
7229.42004549505  1.628294E-16
7231.21562576296  1.624630E-16
7233.01120603086  1.559678E-16
7234.80678629877  1.452475E-16
7236.60236656668  1.440286E-16
7238.39794683458  1.457759E-16
7240.19352710249  1.427602E-16
7241.9891073704  1.463501E-16
7243.7846876383  1.496563E-16
7245.58026790621  1.474223E-16
7247.37584817411  1.447418E-16
7249.17142844202  1.481326E-16
7250.96700870993  1.570602E-16
7252.76258897783  1.605412E-16
7254.55816924574  1.596622E-16
7256.35374951365  1.605885E-16
7258.14932978155  1.592320E-16
7259.94491004946  1.582195E-16
7261.74049031736  1.626640E-16
7263.53607058527  1.785675E-16
7265.33165085318  3.236338E-16
7267.12723112108  7.317626E-16
7268.92281138899  1.148992E-15
7270.71839165689  1.279824E-15
7272.5139719248  1.113214E-15
7274.30955219271  7.059793E-16
7276.10513246061  3.136044E-16
7277.90071272852  1.548888E-16
7279.69629299643  1.374111E-16
7281.49187326433  1.425357E-16
7283.28745353224  1.519422E-16
7285.08303380014  1.589095E-16
7286.87861406805  1.565565E-16
7288.67419433596  1.588957E-16
7290.46977460386  1.684275E-16
7292.26535487177  1.752728E-16
7294.06093513968  1.763157E-16
7295.85651540758  1.745965E-16
7297.65209567549  1.661765E-16
7299.44767594339  1.510569E-16
7301.2432562113  1.405005E-16
7303.03883647921  1.402448E-16
7304.83441674711  1.382314E-16
7306.62999701502  1.371942E-16
7308.42557728293  1.373844E-16
7310.22115755083  1.377443E-16
7312.01673781874  1.392914E-16
7313.81231808664  1.418607E-16
7315.60789835455  1.433008E-16
7317.40347862246  1.439937E-16
7319.19905889036  1.489566E-16
7320.99463915827  1.500852E-16
7322.79021942617  1.435357E-16
7324.58579969408  1.461386E-16
7326.38137996199  1.535065E-16
7328.17696022989  1.498166E-16
7329.9725404978  1.476825E-16
7331.76812076571  1.462139E-16
7333.56370103361  1.485652E-16
7335.35928130152  1.511577E-16
7337.15486156942  1.495173E-16
7338.95044183733  1.504989E-16
7340.74602210524  1.527259E-16
7342.54160237314  1.530515E-16
7344.33718264105  1.506322E-16
7346.13276290895  1.437052E-16
7347.92834317686  1.442811E-16
7349.72392344477  1.507264E-16
7351.51950371267  1.521832E-16
7353.31508398058  1.495612E-16
7355.11066424849  1.483344E-16
7356.90624451639  1.534366E-16
7358.7018247843  1.493296E-16
7360.4974050522  1.402367E-16
7362.29298532011  1.438528E-16
7364.08856558802  1.480640E-16
7365.88414585592  1.485882E-16
7367.67972612383  1.469797E-16
7369.47530639174  1.453405E-16
7371.27088665964  1.449029E-16
7373.06646692755  1.443249E-16
7374.86204719545  1.423247E-16
7376.65762746336  1.430147E-16
7378.45320773127  1.450151E-16
7380.24878799917  1.477200E-16
7382.04436826708  1.511471E-16
7383.83994853499  1.512398E-16
7385.63552880289  1.461920E-16
7387.4311090708  1.421206E-16
7389.2266893387  1.425039E-16
7391.02226960661  1.431197E-16
7392.81784987452  1.459942E-16
7394.61343014242  1.528846E-16
7396.40901041033  1.592037E-16
7398.20459067824  1.630464E-16
7400.00017094614  1.639256E-16
7401.79575121405  1.603969E-16
7403.59133148195  1.535436E-16
7405.38691174986  1.470393E-16
7407.18249201777  1.434942E-16
7408.97807228567  1.417117E-16
7410.77365255358  1.418080E-16
7412.56923282148  1.471109E-16
7414.36481308939  1.470125E-16
7416.1603933573  1.420937E-16
7417.9559736252  1.434629E-16
7419.75155389311  1.450705E-16
7421.54713416101  1.444159E-16
7423.34271442892  1.422283E-16
7425.13829469683  1.409717E-16
7426.93387496473  1.434038E-16
7428.72945523264  1.435406E-16
7430.52503550055  1.412870E-16
7432.32061576845  1.411274E-16
7434.11619603636  1.470390E-16
7435.91177630426  1.674666E-16
7437.70735657217  1.980577E-16
7439.50293684008  2.238878E-16
7441.29851710798  2.366157E-16
7443.09409737589  2.184270E-16
7444.8896776438  1.778771E-16
7446.6852579117  1.505955E-16
7448.48083817961  1.428320E-16
7450.27641844751  1.471737E-16
7452.07199871542  1.641708E-16
7453.86757898333  1.878635E-16
7455.66315925123  2.054765E-16
7457.45873951914  2.082688E-16
7459.25431978705  1.959400E-16
7461.04990005495  1.706309E-16
7462.84548032286  1.516508E-16
7464.64106059076  1.431799E-16
7466.43664085867  1.385738E-16
7468.23222112658  1.370293E-16
7470.02780139448  1.375484E-16
7471.82338166239  1.389234E-16
7473.6189619303  1.400942E-16
7475.4145421982  1.395914E-16
7477.21012246611  1.361724E-16
7479.00570273401  1.350023E-16
7480.80128300192  1.379094E-16
7482.59686326982  1.366306E-16
7484.39244353773  1.372749E-16
7486.18802380564  1.390060E-16
7487.98360407355  1.375730E-16
7489.77918434145  1.335507E-16
7491.57476460936  1.309102E-16
7493.37034487726  1.317907E-16
7495.16592514517  1.361736E-16
7496.96150541308  1.399574E-16
7498.75708568098  1.385336E-16
7500.55266594889  1.347308E-16
7502.3482462168  1.322223E-16
7504.1438264847  1.305954E-16
7505.93940675261  1.303697E-16
7507.73498702051  1.322422E-16
7509.53056728842  1.326623E-16
7511.32614755633  1.287286E-16
7513.12172782423  1.298625E-16
7514.91730809214  1.317971E-16
7516.71288836004  1.304728E-16
7518.50846862795  1.285396E-16
7520.30404889586  9.902785E-17
7522.09962916376  6.924318E-17
7523.89520943167  9.971899E-17
7525.69078969957  1.296184E-16
7527.48636996748  1.304307E-16
7529.28195023539  1.308499E-16
7531.07753050329  1.335603E-16
7532.8731107712  1.316356E-16
7534.66869103911  1.266200E-16
7536.46427130701  1.255269E-16
7538.25985157492  1.276639E-16
7540.05543184282  1.293729E-16
7541.85101211073  1.292396E-16
7543.64659237864  1.293265E-16
7545.44217264654  1.284024E-16
7547.23775291445  1.262104E-16
7549.03333318236  1.263298E-16
7550.82891345026  1.288991E-16
7552.62449371817  1.285425E-16
7554.42007398607  1.257027E-16
7556.21565425398  1.288536E-16
7558.01123452189  1.303302E-16
7559.80681478979  1.273055E-16
7561.6023950577  1.287309E-16
7563.3979753256  1.306603E-16
7565.19355559351  1.276222E-16
7566.98913586142  1.287687E-16
7568.78471612933  1.325726E-16
7570.58029639723  1.325782E-16
7572.37587666513  1.306944E-16
7574.17145693304  1.286645E-16
7575.96703720095  1.300159E-16
7577.76261746886  1.312671E-16
7579.55819773676  1.322056E-16
7581.35377800467  1.320727E-16
7583.14935827257  1.303967E-16
7584.94493854048  1.268382E-16
7586.74051880839  1.254086E-16
7588.53609907629  1.248939E-16
7590.3316793442  1.256423E-16
7592.1272596121  1.250395E-16
7593.92283988001  1.146380E-16
7595.71842014792  9.466027E-17
7597.51400041582  7.304219E-17
7599.30958068373  5.258422E-17
7601.10516095164  3.889340E-17
7602.90074121954  3.100545E-17
7604.69632148745  2.756826E-17
7606.49190175535  2.439143E-17
7608.28748202326  2.314759E-17
7610.08306229117  2.503954E-17
7611.87864255907  2.938680E-17
7613.67422282698  3.669248E-17
7615.46980309488  4.642722E-17
7617.26538336279  6.213444E-17
7619.0609636307  7.909072E-17
7620.8565438986  8.567126E-17
7622.65212416651  8.307613E-17
7624.44770443442  7.325011E-17
7626.24328470232  6.217714E-17
7628.03886497023  5.790137E-17
7629.83444523813  5.475252E-17
7631.63002550604  5.218847E-17
7633.42560577395  5.500143E-17
7635.22118604185  5.749235E-17
7637.01676630976  5.921861E-17
7638.81234657766  6.153753E-17
7640.60792684557  6.286872E-17
7642.40350711348  6.561238E-17
7644.19908738138  6.788898E-17
7645.99466764929  7.086139E-17
7647.7902479172  7.417943E-17
7649.5858281851  7.882013E-17
7651.38140845301  8.331755E-17
7653.17698872091  8.417198E-17
7654.97256898882  8.665701E-17
7656.76814925673  9.038278E-17
7658.56372952463  9.447307E-17
7660.35930979254  9.557238E-17
7662.15489006044  9.902964E-17
7663.95047032835  9.983853E-17
7665.74605059626  9.960747E-17
7667.54163086416  1.037617E-16
7669.33721113207  1.087681E-16
7671.13279139998  1.085812E-16
7672.92837166788  1.095944E-16
7674.72395193579  1.129428E-16
7676.51953220369  1.144039E-16
7678.3151124716  1.132999E-16
7680.11069273951  1.123350E-16
7681.90627300741  1.140649E-16
7683.70185327532  1.138541E-16
7685.49743354323  1.143837E-16
7687.29301381113  1.151624E-16
7689.08859407904  1.116462E-16
7690.88417434694  1.115477E-16
7692.67975461485  1.180802E-16
7694.47533488276  1.212069E-16
7696.27091515066  1.185745E-16
7698.06649541857  1.169325E-16
7699.86207568648  1.183431E-16
7701.65765595438  1.175784E-16
7703.45323622229  1.163283E-16
7705.24881649019  1.211527E-16
7707.0443967581  1.251329E-16
7708.83997702601  1.236820E-16
7710.63555729391  1.237676E-16
7712.43113756182  1.240693E-16
7714.22671782972  1.248469E-16
7716.02229809763  1.270439E-16
7717.81787836554  1.225186E-16
7719.61345863344  1.193348E-16
7721.40903890135  1.215875E-16
7723.20461916926  1.224199E-16
7725.00019943716  1.239262E-16
7726.79577970507  1.259620E-16
7728.59135997297  1.247074E-16
7730.38694024088  1.232768E-16
7732.18252050879  1.252593E-16
7733.97810077669  1.254324E-16
7735.7736810446  1.216224E-16
7737.5692613125  1.193025E-16
7739.36484158041  1.206859E-16
7741.16042184832  1.199634E-16
7742.95600211622  1.226854E-16
7744.75158238413  1.247769E-16
7746.54716265204  1.259107E-16
7748.34274291994  1.225416E-16
7750.13832318785  1.155372E-16
7751.93390345575  1.144594E-16
7753.72948372366  1.217505E-16
7755.52506399157  1.251779E-16
7757.32064425947  1.227426E-16
7759.11622452738  1.239367E-16
7760.91180479529  1.277971E-16
7762.70738506319  1.246278E-16
7764.5029653311  1.220172E-16
7766.298545599  1.230200E-16
7768.09412586691  1.181453E-16
7769.88970613482  1.193161E-16
7771.68528640272  1.222245E-16
7773.48086667063  1.216082E-16
7775.27644693854  1.233120E-16
7777.07202720644  1.239630E-16
7778.86760747435  1.258817E-16
7780.66318774225  1.207126E-16
7782.45876801016  1.186736E-16
7784.25434827807  1.238802E-16
7786.04992854597  1.255203E-16
7787.84550881388  1.256913E-16
7789.64108908179  1.219920E-16
7791.43666934969  1.190868E-16
7793.2322496176  1.216122E-16
7795.0278298855  1.236056E-16
7796.82341015341  1.244511E-16
7798.61899042132  1.263594E-16
7800.41457068922  1.284103E-16
7802.21015095713  1.281748E-16
7804.00573122503  1.257799E-16
7805.80131149294  1.276714E-16
7807.59689176085  1.254021E-16
7809.39247202875  1.223800E-16
7811.18805229666  1.251298E-16
7812.98363256456  1.211336E-16
7814.77921283247  1.061541E-16
7816.57479310038  8.673775E-17
7818.37037336828  7.636813E-17
7820.16595363619  9.932374E-17
7821.9615339041  1.251449E-16
7823.757114172  1.351436E-16
7825.55269443991  1.435015E-16
7827.34827470781  1.410856E-16
7829.14385497572  1.329357E-16
7830.93943524363  1.270591E-16
7832.73501551153  1.218773E-16
7834.53059577944  1.204716E-16
7836.32617604735  1.206038E-16
7838.12175631525  1.210001E-16
7839.91733658316  1.220816E-16
7841.71291685106  1.210145E-16
7843.50849711897  1.210714E-16
7845.30407738688  1.229753E-16
7847.09965765478  1.213607E-16
7848.89523792269  1.187358E-16
7850.69081819059  1.182011E-16
7852.4863984585  1.216366E-16
7854.28197872641  1.207844E-16
7856.07755899431  1.143720E-16
7857.87313926222  1.193170E-16
7859.66871953013  1.217899E-16
7861.46429979803  1.168430E-16
7863.25988006594  1.142046E-16
7865.05546033385  1.169523E-16
7866.85104060175  1.210166E-16
7868.64662086966  1.095032E-16
7870.44220113756  8.395512E-17
7872.23778140547  1.024211E-16
7874.03336167337  1.238450E-16
7875.82894194128  1.232516E-16
7877.62452220919  1.212305E-16
7879.42010247709  1.185462E-16
7881.215682745  1.153184E-16
7883.01126301291  1.198944E-16
7884.80684328081  1.232498E-16
7886.60242354872  1.196844E-16
7888.39800381662  1.181621E-16
7890.19358408453  1.205364E-16
7891.98916435244  1.201059E-16
7893.78474462034  1.193546E-16
7895.58032488825  1.217578E-16
7897.37590515616  1.235693E-16
7899.17148542406  1.252223E-16
7900.96706569197  1.416535E-16
7902.76264595987  1.560930E-16
7904.55822622778  1.655462E-16
7906.35380649569  1.675134E-16
7908.14938676359  1.519775E-16
7909.9449670315  1.316905E-16
7911.74054729941  1.287033E-16
7913.53612756731  1.352785E-16
7915.33170783522  1.318887E-16
7917.12728810312  1.292452E-16
7918.92286837103  1.276619E-16
7920.71844863894  1.287609E-16
7922.51402890684  1.281808E-16
7924.30960917475  1.270031E-16
7926.10518944265  1.289588E-16
7927.90076971056  1.317262E-16
7929.69634997847  1.300829E-16
7931.49193024637  1.316475E-16
7933.28751051428  1.334073E-16
7935.08309078219  1.364606E-16
7936.87867105009  1.395973E-16
7938.674251318  1.383764E-16
7940.4698315859  1.401814E-16
7942.26541185381  1.409389E-16
7944.06099212172  1.382330E-16
7945.85657238962  1.359704E-16
7947.65215265753  1.361790E-16
7949.44773292544  1.348483E-16
7951.24331319334  1.343867E-16
7953.03889346125  1.354237E-16
7954.83447372915  1.360263E-16
7956.63005399706  1.378562E-16
7958.42563426497  1.387823E-16
7960.22121453287  1.363857E-16
7962.01679480078  1.390627E-16
7963.81237506868  1.466474E-16
7965.60795533659  1.440930E-16
7967.4035356045  1.389755E-16
7969.19911587241  1.371712E-16
7970.99469614031  1.349743E-16
7972.79027640822  1.376732E-16
7974.58585667612  1.402680E-16
7976.38143694403  1.405081E-16
7978.17701721193  1.385549E-16
7979.97259747984  1.370732E-16
7981.76817774775  1.440876E-16
7983.56375801565  1.470739E-16
7985.35933828356  1.426836E-16
7987.15491855147  1.381595E-16
7988.95049881937  1.368554E-16
7990.74607908728  1.389384E-16
7992.54165935518  1.442939E-16
7994.33723962309  1.479735E-16
7996.132819891  1.472753E-16
7997.9284001589  1.427518E-16
7999.72398042681  1.419428E-16
8001.51956069471  1.414123E-16
8003.31514096262  1.388098E-16
8005.11072123053  1.398199E-16
8006.90630149843  1.406721E-16
8008.70188176634  1.392994E-16
8010.49746203425  1.408819E-16
8012.29304230215  1.433037E-16
8014.08862257006  1.451761E-16
8015.88420283796  1.446573E-16
8017.67978310587  1.436035E-16
8019.47536337378  1.472678E-16
8021.27094364168  1.429318E-16
8023.06652390959  1.391414E-16
8024.8621041775  1.467284E-16
8026.6576844454  1.433942E-16
8028.45326471331  1.387659E-16
8030.24884498121  1.462577E-16
8032.04442524912  1.492656E-16
8033.84000551703  1.468040E-16
8035.63558578493  1.453931E-16
8037.43116605284  1.467748E-16
8039.22674632075  1.454231E-16
8041.02232658865  1.411821E-16
8042.81790685656  1.375863E-16
8044.61348712446  1.385556E-16
8046.40906739237  1.394900E-16
8048.20464766027  1.381973E-16
8050.00022792818  1.443940E-16
8051.79580819609  1.479988E-16
8053.59138846399  1.452078E-16
8055.3869687319  1.478204E-16
8057.18254899981  1.490389E-16
8058.97812926771  1.452288E-16
8060.77370953562  1.465254E-16
8062.56928980353  1.492088E-16
8064.36487007143  1.457275E-16
8066.16045033934  1.455769E-16
8067.95603060724  1.444783E-16
8069.75161087515  1.440846E-16
8071.54719114306  1.464759E-16
8073.34277141096  1.470933E-16
8075.13835167887  1.481965E-16
8076.93393194677  1.466370E-16
8078.72951221468  1.442360E-16
8080.52509248259  1.428145E-16
8082.32067275049  1.409172E-16
8084.1162530184  1.406288E-16
8085.91183328631  1.444383E-16
8087.70741355421  1.449995E-16
8089.50299382212  1.393359E-16
8091.29857409003  1.391136E-16
8093.09415435793  1.398161E-16
8094.88973462584  1.384561E-16
8096.68531489374  1.410566E-16
8098.48089516165  1.419690E-16
8100.27647542956  1.365998E-16
8102.07205569746  1.352183E-16
8103.86763596537  1.431355E-16
8105.66321623328  1.500373E-16
8107.45879650118  1.521944E-16
8109.25437676909  1.509477E-16
8111.04995703699  1.503087E-16
8112.8455373049  1.472170E-16
8114.64111757281  1.421067E-16
8116.43669784071  1.382503E-16
8118.23227810862  1.415334E-16
8120.02785837652  1.521191E-16
8121.82343864443  1.530004E-16
8123.61901891234  1.435570E-16
8125.41459918024  1.360135E-16
8127.21017944815  1.338845E-16
8129.00575971606  1.324425E-16
8130.80133998396  1.284213E-16
8132.59692025187  1.240167E-16
8134.39250051977  1.217237E-16
8136.18808078768  1.208063E-16
8137.98366105559  1.216912E-16
8139.77924132349  1.211616E-16
8141.5748215914  1.248515E-16
8143.3704018593  1.265072E-16
8145.16598212721  1.212246E-16
8146.96156239512  1.175718E-16
8148.75714266302  1.135924E-16
8150.55272293093  1.141545E-16
8152.34830319884  1.156797E-16
8154.14388346674  1.113529E-16
8155.93946373465  1.101476E-16
8157.73504400255  1.153538E-16
8159.53062427046  1.195556E-16
8161.32620453837  1.187610E-16
8163.12178480627  1.130389E-16
8164.91736507418  1.083509E-16
8166.71294534209  1.075722E-16
8168.50852560999  1.058834E-16
8170.3041058779  1.090733E-16
8172.0996861458  1.151870E-16
8173.89526641371  1.186839E-16
8175.69084668162  1.183730E-16
8177.48642694952  1.135132E-16
8179.28200721743  1.084960E-16
8181.07758748534  1.056454E-16
8182.87316775324  1.088569E-16
8184.66874802115  1.160298E-16
8186.46432828905  1.174855E-16
8188.25990855696  1.167655E-16
8190.05548882486  1.193634E-16
8191.85106909277  1.147978E-16
8193.64664936068  1.110373E-16
8195.44222962859  1.180524E-16
8197.23780989649  1.197377E-16
8199.0333901644  1.159004E-16
8200.8289704323  1.170258E-16
8202.62455070021  1.174254E-16
8204.42013096812  1.216218E-16
8206.21571123602  1.289932E-16
8208.01129150393  1.326989E-16
8209.80687177184  1.350350E-16
8211.60245203974  1.314040E-16
8213.39803230765  1.260004E-16
8215.19361257555  1.222249E-16
8216.98919284346  1.224193E-16
8218.78477311136  1.247839E-16
8220.58035337927  1.270123E-16
8222.37593364718  1.250694E-16
8224.17151391509  1.144653E-16
8225.96709418299  1.052025E-16
8227.7626744509  9.786950E-17
8229.5582547188  8.683307E-17
8231.35383498671  8.268308E-17
8233.14941525461  8.625315E-17
8234.94499552252  9.488857E-17
8236.74057579043  1.071460E-16
8238.53615605833  1.220371E-16
8240.33173632624  1.228002E-16
8242.12731659415  1.222448E-16
8243.92289686205  1.221366E-16
8245.71847712996  1.171009E-16
8247.51405739786  1.173885E-16
8249.30963766577  1.210057E-16
8251.10521793368  1.196119E-16
8252.90079820158  1.196792E-16
8254.69637846949  1.199161E-16
8256.4919587374  1.110965E-16
8258.2875390053  1.103509E-16
8260.08311927321  1.128524E-16
8261.87869954111  1.075062E-16
8263.67427980902  1.091645E-16
8265.46986007693  1.120214E-16
8267.26544034483  1.129259E-16
8269.06102061274  1.147429E-16
8270.85660088065  1.142572E-16
8272.65218114855  1.101843E-16
8274.44776141646  1.047846E-16
8276.24334168436  9.842794E-17
8278.03892195227  1.003154E-16
8279.83450222018  1.050669E-16
8281.63008248808  1.078532E-16
8283.42566275599  1.033879E-16
8285.22124302389  8.682838E-17
8287.0168232918  8.123580E-17
8288.81240355971  9.168919E-17
8290.60798382761  9.704654E-17
8292.40356409552  9.058598E-17
8294.19914436343  8.896191E-17
8295.99472463133  9.446972E-17
8297.79030489924  9.712529E-17
8299.58588516714  1.010722E-16
8301.38146543505  1.034294E-16
8303.17704570296  9.425779E-17
8304.97262597086  8.744633E-17
8306.76820623877  8.999819E-17
8308.56378650667  9.360520E-17
8310.35936677458  1.002036E-16
8312.15494704249  1.044454E-16
8313.95052731039  1.032607E-16
8315.7461075783  1.033123E-16
8317.54168784621  1.002994E-16
8319.33726811411  9.327376E-17
8321.13284838202  8.829944E-17
8322.92842864992  8.855677E-17
8324.72400891783  9.106969E-17
8326.51958918574  9.310785E-17
8328.31516945364  9.662821E-17
8330.11074972155  9.541118E-17
8331.90632998945  9.236305E-17
8333.70191025736  9.509973E-17
8335.49749052527  9.595182E-17
8337.29307079317  9.138922E-17
8339.08865106108  9.316936E-17
8340.88423132899  9.588158E-17
8342.67981159689  9.623197E-17
8344.4753918648  9.732191E-17
8346.2709721327  9.438918E-17
8348.06655240061  9.162167E-17
8349.86213266852  9.572253E-17
8351.65771293642  9.230121E-17
8353.45329320433  8.979294E-17
8355.24887347223  9.376127E-17
8357.04445374014  9.682794E-17
8358.84003400805  9.619797E-17
8360.63561427596  9.465346E-17
8362.43119454386  9.156524E-17
8364.22677481177  9.423129E-17
8366.02235507967  9.733156E-17
8367.81793534758  9.646126E-17
8369.61351561549  1.001442E-16
8371.40909588339  9.849407E-17
8373.2046761513  9.274283E-17
8375.0002564192  8.943872E-17
8376.79583668711  8.766133E-17
8378.59141695502  9.093406E-17
8380.38699722292  9.403702E-17
8382.18257749083  9.483218E-17
8383.97815775874  9.273894E-17
8385.77373802664  9.405279E-17
8387.56931829455  9.608809E-17
8389.36489856245  9.897088E-17
8391.16047883036  9.780067E-17
8392.95605909827  9.735486E-17
8394.75163936617  9.795208E-17
8396.54721963408  9.893898E-17
8398.34279990198  9.608328E-17
8400.13838016989  9.318440E-17
8401.9339604378  9.288080E-17
8403.7295407057  9.749665E-17
8405.52512097361  9.792888E-17
8407.32070124152  9.095258E-17
8409.11628150942  9.028522E-17
8410.91186177733  9.344843E-17
8412.70744204523  9.390016E-17
8414.50302231314  9.416414E-17
8416.29860258105  9.596536E-17
8418.09418284895  1.013630E-16
8419.88976311686  1.047637E-16
8421.68534338476  1.011575E-16
8423.48092365267  9.781800E-17
8425.27650392058  9.725407E-17
8427.07208418848  9.899469E-17
8428.86766445639  1.001481E-16
8430.6632447243  1.048361E-16
8432.4588249922  1.072319E-16
8434.25440526011  1.023491E-16
8436.04998552801  9.887436E-17
8437.84556579592  9.597611E-17
8439.64114606383  1.009951E-16
8441.43672633173  1.054485E-16
8443.23230659964  1.033879E-16
8445.02788686754  1.029396E-16
8446.82346713545  1.004171E-16
8448.61904740336  1.006345E-16
8450.41462767126  1.089524E-16
8452.21020793917  1.091476E-16
8454.00578820708  1.067644E-16
8455.80136847498  1.101378E-16
8457.59694874289  1.108607E-16
8459.3925290108  1.067075E-16
8461.1881092787  1.071006E-16
8462.98368954661  1.105206E-16
8464.77926981451  1.131614E-16
8466.57485008242  1.106238E-16
8468.37043035033  1.070626E-16
8470.16601061823  1.029807E-16
8471.96159088614  1.090663E-16
8473.75717115405  1.101396E-16
8475.55275142195  1.117772E-16
8477.34833168986  1.165386E-16
8479.14391195776  1.129987E-16
8480.93949222567  1.119664E-16
8482.73507249358  1.142471E-16
8484.53065276148  1.146644E-16
8486.32623302939  1.202507E-16
8488.12181329729  1.200182E-16
8489.9173935652  1.169909E-16
8491.71297383311  1.169760E-16
8493.50855410101  1.207704E-16
8495.30413436892  1.233989E-16
8497.09971463683  1.197876E-16
8498.89529490473  1.158354E-16
8500.69087517264  1.200361E-16
8502.48645544054  1.223236E-16
8504.28203570845  1.205131E-16
8506.07761597636  1.187124E-16
8507.87319624426  1.224164E-16
8509.66877651217  1.229167E-16
8511.46435678007  1.214938E-16
8513.25993704798  1.219747E-16
8515.05551731589  1.235966E-16
8516.85109758379  1.234324E-16
8518.6466778517  1.229146E-16
8520.44225811961  1.256656E-16
8522.23783838751  1.310060E-16
8524.03341865542  1.331356E-16
8525.82899892332  1.316308E-16
8527.62457919123  1.300107E-16
8529.42015945914  1.265261E-16
8531.21573972704  1.271314E-16
8533.01131999495  1.344755E-16
8534.80690026285  1.334284E-16
8536.60248053076  1.303909E-16
8538.39806079867  1.318566E-16
8540.19364106657  1.328112E-16
8541.98922133448  1.359010E-16
8543.78480160239  1.363763E-16
8545.58038187029  1.336642E-16
8547.3759621382  1.307699E-16
8549.1715424061  1.301637E-16
8550.96712267401  1.338046E-16
8552.76270294192  1.326253E-16
8554.55828320982  1.270642E-16
8556.35386347773  1.300292E-16
8558.14944374564  1.358979E-16
8559.94502401354  1.385424E-16
8561.74060428145  1.369048E-16
8563.53618454935  1.359017E-16
8565.33176481726  1.361333E-16
8567.12734508517  1.373176E-16
8568.92292535307  1.381898E-16
8570.71850562098  1.353032E-16
8572.51408588889  1.405523E-16
8574.30966615679  1.419175E-16
8576.1052464247  1.386072E-16
8577.9008266926  1.381831E-16
8579.69640696051  1.405304E-16
8581.49198722841  1.469344E-16
8583.28756749632  1.524991E-16
8585.08314776423  1.519093E-16
8586.87872803213  1.509182E-16
8588.67430830004  1.576385E-16
8590.46988856795  1.503776E-16
8592.26546883585  1.414157E-16
8594.06104910376  1.409111E-16
8595.85662937166  1.458256E-16
8597.65220963957  1.462322E-16
8599.44778990748  1.448770E-16
8601.24337017538  1.441508E-16
8603.03895044329  1.480033E-16
8604.8345307112  1.489151E-16
8606.6301109791  1.482169E-16
8608.42569124701  1.451843E-16
8610.22127151491  1.453908E-16
8612.01685178282  1.466567E-16
8613.81243205073  1.440607E-16
8615.60801231863  1.464401E-16
8617.40359258654  1.444120E-16
8619.19917285445  1.427613E-16
8620.99475312235  1.416608E-16
8622.79033339026  1.476203E-16
8624.58591365816  1.518324E-16
8626.38149392607  1.480604E-16
8628.17707419398  1.464549E-16
8629.97265446188  1.489264E-16
8631.76823472979  1.488385E-16
8633.5638149977  1.478524E-16
8635.3593952656  1.485436E-16
8637.15497553351  1.489088E-16
8638.95055580141  1.507707E-16
8640.74613606932  1.519537E-16
8642.54171633723  1.562509E-16
8644.33729660513  1.563046E-16
8646.13287687304  1.492979E-16
8647.92845714095  1.483690E-16
8649.72403740885  1.520772E-16
8651.51961767676  1.509633E-16
8653.31519794466  1.476859E-16
8655.11077821257  1.442904E-16
8656.90635848048  1.428389E-16
8658.70193874838  1.450803E-16
8660.49751901629  1.410263E-16
8662.2930992842  1.485494E-16
8664.0886795521  1.597457E-16
8665.88425982001  1.524004E-16
8667.67984008791  1.478548E-16
8669.47542035582  1.485318E-16
8671.27100062372  1.501941E-16
8673.06658089163  1.525447E-16
8674.86216115954  1.498890E-16
8676.65774142744  1.439402E-16
8678.45332169535  1.428512E-16
8680.24890196326  1.468057E-16
8682.04448223116  1.479474E-16
8683.84006249907  1.474756E-16
8685.63564276697  1.457954E-16
8687.43122303488  1.475315E-16
8689.22680330279  1.511604E-16
8691.02238357069  1.540619E-16
8692.8179638386  1.546801E-16
8694.61354410651  1.484927E-16
8696.40912437441  1.446106E-16
8698.20470464232  1.520900E-16
8700.00028491022  1.496529E-16
8701.79586517813  1.435039E-16
8703.59144544604  1.444022E-16
8705.38702571394  1.402328E-16
8707.18260598185  1.425900E-16
8708.97818624976  1.430572E-16
8710.77376651766  1.439392E-16
8712.56934678557  1.480251E-16
8714.36492705347  1.471535E-16
8716.16050732138  1.468629E-16
8717.95608758929  1.469063E-16
8719.75166785719  1.446612E-16
8721.5472481251  1.424973E-16
8723.342828393  1.428582E-16
8725.13840866091  1.426725E-16
8726.93398892882  1.426101E-16
8728.72956919672  1.422857E-16
8730.52514946463  1.431214E-16
8732.32072973254  1.420062E-16
8734.11631000044  1.422789E-16
8735.91189026835  1.458962E-16
8737.70747053625  1.470952E-16
8739.50305080416  1.410108E-16
8741.29863107207  1.382171E-16
8743.09421133997  1.396517E-16
8744.88979160788  1.405553E-16
8746.68537187578  1.402581E-16
8748.48095214369  1.375891E-16
8750.2765324116  1.365579E-16
8752.0721126795  1.384252E-16
8753.86769294741  1.366839E-16
8755.66327321532  1.340483E-16
8757.45885348322  1.342075E-16
8759.25443375113  1.330754E-16
8761.05001401903  1.339976E-16
8762.84559428694  1.370926E-16
8764.64117455485  1.344692E-16
8766.43675482275  1.343073E-16
8768.23233509066  1.380641E-16
8770.02791535857  1.349511E-16
8771.82349562647  1.385797E-16
8773.61907589438  1.356166E-16
8775.41465616228  1.241704E-16
8777.21023643019  1.211920E-16
8779.0058166981  1.212274E-16
8780.801396966  1.257192E-16
8782.59697723391  1.216713E-16
8784.39255750181  1.204130E-16
8786.18813776972  1.265918E-16
8787.98371803763  1.294458E-16
8789.77929830553  1.293968E-16
8791.57487857344  1.277085E-16
8793.37045884135  1.282879E-16
8795.16603910925  1.323995E-16
8796.96161937716  1.352842E-16
8798.75719964506  1.332723E-16
8800.55277991297  1.342530E-16
8802.34836018088  1.293758E-16
8804.14394044878  1.257685E-16
8805.93952071669  1.266902E-16
8807.7351009846  1.261666E-16
8809.5306812525  1.232162E-16
8811.32626152041  1.227098E-16
8813.12184178831  1.257391E-16
8814.91742205622  1.268486E-16
8816.71300232413  1.229789E-16
8818.50858259203  1.200774E-16
8820.30416285994  1.202540E-16
8822.09974312785  1.177480E-16
8823.89532339575  1.229774E-16
8825.69090366366  1.333935E-16
8827.48648393156  1.240818E-16
8829.28206419947  1.184514E-16
8831.07764446737  1.190221E-16
8832.87322473528  1.129313E-16
8834.66880500319  1.171915E-16
8836.46438527109  1.293788E-16
8838.259965539  1.276919E-16
8840.05554580691  1.202898E-16
8841.85112607481  1.173273E-16
8843.64670634272  1.163698E-16
8845.44228661063  1.177647E-16
8847.23786687853  1.233590E-16
8849.03344714644  1.283351E-16
8850.82902741434  1.246387E-16
8852.62460768225  1.184081E-16
8854.42018795016  1.170741E-16
8856.21576821806  1.145305E-16
8858.01134848597  1.137571E-16
8859.80692875387  1.141894E-16
8861.60250902178  1.114410E-16
8863.39808928969  1.126587E-16
8865.19366955759  1.094612E-16
8866.9892498255  1.087865E-16
8868.78483009341  1.107470E-16
8870.58041036131  1.005381E-16
8872.37599062922  9.959660E-17
8874.17157089712  1.065353E-16
8875.96715116503  1.123260E-16
8877.76273143294  1.143405E-16
8879.55831170084  1.140722E-16
8881.35389196875  1.104745E-16
8883.14947223666  1.035300E-16
8884.94505250456  1.014012E-16
8886.74063277247  1.030315E-16
8888.53621304037  1.040834E-16
8890.33179330828  1.001586E-16
8892.12737357619  9.881077E-17
8893.92295384409  1.074492E-16
8895.718534112  1.065554E-16
8897.51411437991  1.022316E-16
8899.30969464781  1.096839E-16
8901.10527491572  1.200119E-16
8902.90085518362  1.212085E-16
8904.69643545153  1.177774E-16
8906.49201571944  1.145858E-16
8908.28759598734  1.033144E-16
8910.08317625525  1.025464E-16
8911.87875652316  1.077561E-16
8913.67433679106  1.067776E-16
8915.46991705897  9.589502E-17
8917.26549732687  8.684675E-17
8919.06107759478  8.568499E-17
8920.85665786268  9.730548E-17
8922.65223813059  1.073486E-16
8924.4478183985  1.075575E-16
8926.2433986664  1.027459E-16
8928.03897893431  9.562844E-17
8929.83455920222  9.056556E-17
8931.63013947012  9.110811E-17
8933.42571973803  9.420336E-17
8935.22130000594  9.432945E-17
8937.01688027384  9.215894E-17
8938.81246054175  9.333009E-17
8940.60804080965  9.681149E-17
8942.40362107756  9.962382E-17
8944.19920134547  9.188907E-17
8945.99478161337  8.730691E-17
8947.79036188128  9.730341E-17
8949.58594214918  9.619824E-17
8951.38152241709  8.817321E-17
8953.177102685  8.522553E-17
8954.9726829529  8.961957E-17
8956.76826322081  9.737965E-17
8958.56384348872  9.468520E-17
8960.35942375662  8.373884E-17
8962.15500402453  8.420560E-17
8963.95058429243  8.663872E-17
8965.74616456034  8.023954E-17
8967.54174482825  7.777698E-17
8969.33732509615  7.539774E-17
8971.13290536406  7.035386E-17
8972.92848563196  7.100771E-17
8974.72406589987  7.425951E-17
8976.51964616778  7.474352E-17
8978.31522643568  7.741581E-17
8980.11080670359  7.755873E-17
8981.9063869715  8.239790E-17
8983.7019672394  8.465825E-17
8985.49754750731  8.143673E-17
8987.29312777521  7.305829E-17
8989.08870804312  6.210367E-17
8990.88428831103  5.107776E-17
8992.67986857893  4.692252E-17
8994.47544884684  6.074568E-17
8996.27102911474  7.711464E-17
8998.06660938265  7.974786E-17
8999.86218965056  7.948878E-17
9001.65776991846  7.853447E-17
9003.45335018637  7.538774E-17
9005.24893045428  6.693587E-17
9007.04451072218  6.457792E-17
9008.84009099009  7.120719E-17
9010.63567125799  7.684927E-17
9012.4312515259  7.740388E-17
9014.22683179381  7.333544E-17
9016.02241206171  7.033135E-17
9017.81799232962  7.078989E-17
9019.61357259752  7.338533E-17
9021.40915286543  7.250017E-17
9023.20473313334  7.476672E-17
9025.00031340125  7.111286E-17
9026.79589366915  6.437344E-17
9028.59147393706  6.416292E-17
9030.38705420496  6.851968E-17
9032.18263447287  7.261948E-17
9033.97821474078  7.808233E-17
9035.77379500868  8.368489E-17
9037.56937527659  8.442879E-17
9039.36495554449  8.501888E-17
9041.1605358124  7.989953E-17
9042.95611608031  7.294064E-17
9044.75169634821  7.165872E-17
9046.54727661612  7.359151E-17
9048.34285688403  7.874682E-17
9050.13843715193  8.011328E-17
9051.93401741984  7.702243E-17
9053.72959768774  7.867221E-17
9055.52517795565  8.288592E-17
9057.32075822356  8.295468E-17
9059.11633849146  7.881913E-17
9060.91191875937  7.302577E-17
9062.70749902727  6.989161E-17
9064.50307929518  6.991916E-17
9066.29865956309  6.827732E-17
9068.09423983099  6.665357E-17
9069.8898200989  6.417365E-17
9071.68540036681  6.052880E-17
9073.48098063471  5.892918E-17
9075.27656090262  5.809786E-17
9077.07214117052  6.192610E-17
9078.86772143843  6.602892E-17
9080.66330170634  6.429358E-17
9082.45888197424  6.207096E-17
9084.25446224215  6.259059E-17
9086.05004251005  6.134552E-17
9087.84562277796  6.075413E-17
9089.64120304587  6.076879E-17
9091.43678331377  6.260183E-17
9093.23236358168  6.347230E-17
9095.02794384959  6.743601E-17
9096.82352411749  6.727451E-17
9098.6191043854  6.107969E-17
9100.4146846533  5.804651E-17
9102.21026492121  5.980207E-17
9104.00584518912  5.855377E-17
9105.80142545702  5.599649E-17
9107.59700572493  5.467053E-17
9109.39258599283  5.392060E-17
9111.18816626074  5.879587E-17
9112.98374652865  6.384150E-17
9114.77932679655  6.672025E-17
9116.57490706446  6.105152E-17
9118.37048733237  5.452149E-17
9120.16606760027  5.681766E-17
9121.96164786818  5.982148E-17
9123.75722813609  6.199700E-17
9125.55280840399  6.221847E-17
9127.3483886719  5.854817E-17
9129.1439689398  5.412467E-17
9130.93954920771  4.981914E-17
9132.73512947562  4.718881E-17
9134.53070974352  4.421854E-17
9136.32629001143  4.578943E-17
9138.12187027934  4.942213E-17
9139.91745054724  5.375386E-17
9141.71303081515  5.875991E-17
9143.50861108305  6.178340E-17
9145.30419135096  6.221810E-17
9147.09977161887  6.058859E-17
9148.89535188677  5.736829E-17
9150.69093215468  5.492480E-17
9152.48651242258  5.315819E-17
9154.28209269049  5.038195E-17
9156.0776729584  4.765806E-17
9157.8732532263  4.811545E-17
9159.66883349421  5.105093E-17
9161.46441376212  5.524753E-17
9163.25999403002  5.861665E-17
9165.05557429793  5.915769E-17
9166.85115456583  5.546651E-17
9168.64673483374  5.299820E-17
9170.44231510165  5.688898E-17
9172.23789536955  5.708178E-17
9174.03347563746  5.109040E-17
9175.82905590536  4.529574E-17
9177.62463617327  4.544398E-17
9179.42021644118  5.073224E-17
9181.21579670908  5.175817E-17
9183.01137697699  5.358594E-17
9184.8069572449  5.566161E-17
9186.6025375128  5.518646E-17
9188.39811778071  5.903276E-17
9190.19369804861  6.578166E-17
9191.98927831652  6.686935E-17
9193.78485858443  6.608259E-17
9195.58043885233  6.404065E-17
9197.37601912024  6.321881E-17
9199.17159938814  6.247493E-17
9200.96717965605  6.270687E-17
9202.76275992396  6.647014E-17
9204.55834019186  6.791590E-17
9206.35392045977  6.636821E-17
9208.14950072768  6.343102E-17
9209.94508099558  6.390581E-17
9211.74066126349  6.516468E-17
9213.5362415314  6.219611E-17
9215.3318217993  6.233513E-17
9217.12740206721  6.144992E-17
9218.92298233511  6.149351E-17
9220.71856260302  6.027240E-17
9222.51414287092  6.431223E-17
9224.30972313883  6.934552E-17
9226.10530340674  6.828428E-17
9227.90088367464  6.468136E-17
9229.69646394255  6.394326E-17
9231.49204421046  6.459656E-17
9233.28762447836  6.348383E-17
9235.08320474627  6.648691E-17
9236.87878501417  6.748732E-17
9238.67436528208  6.558691E-17
9240.46994554999  6.431313E-17
9242.2655258179  6.336393E-17
9244.0611060858  6.140179E-17
9245.85668635371  6.098705E-17
9247.65226662161  6.274299E-17
9249.44784688952  6.249606E-17
9251.24342715743  6.419991E-17
9253.03900742533  6.556721E-17
9254.83458769324  6.442952E-17
9256.63016796115  6.780161E-17
9258.42574822905  7.156511E-17
9260.22132849696  6.837862E-17
9262.01690876486  6.487769E-17
9263.81248903277  6.691421E-17
9265.60806930068  6.914094E-17
9267.40364956858  7.028985E-17
9269.19922983649  7.195074E-17
9270.99481010439  6.967238E-17
9272.7903903723  6.655074E-17
9274.58597064021  6.554191E-17
9276.38155090811  6.148607E-17
9278.17713117602  5.759035E-17
9279.97271144393  5.549410E-17
9281.76829171183  5.180709E-17
9283.56387197974  5.082366E-17
9285.35945224764  5.222967E-17
9287.15503251555  5.132424E-17
9288.95061278346  4.973197E-17
9290.74619305136  5.091885E-17
9292.54177331927  5.059968E-17
9294.33735358717  4.648575E-17
9296.13293385508  4.550311E-17
9297.92851412299  4.316553E-17
9299.72409439089  4.254848E-17
9301.5196746588  4.267122E-17
9303.31525492671  4.064720E-17
9305.11083519461  4.175853E-17
9306.90641546252  4.613414E-17
9308.70199573042  4.065003E-17
9310.49757599833  3.501569E-17
9312.29315626624  2.382565E-17
9314.08873653414  2.531428E-17
9315.88431680205  2.712057E-17
9317.67989706995  2.181111E-17
9319.47547733786  1.901587E-17
9321.27105760577  2.388174E-17
9323.06663787367  2.845100E-17
9324.86221814158  2.872971E-17
9326.65779840949  2.606144E-17
9328.45337867739  2.993207E-17
9330.2489589453  3.213042E-17
9332.0445392132  2.933861E-17
9333.84011948111  2.554149E-17
9335.63569974902  2.176358E-17
9337.43128001692  2.329713E-17
9339.22686028483  2.566538E-17
9341.02244055274  2.162430E-17
9342.81802082064  1.427098E-17
9344.61360108855  9.382128E-18
9346.40918135645  1.185716E-17
9348.20476162436  2.280591E-17
9350.00034189227  3.558503E-17
9351.79592216017  3.913566E-17
9353.59150242808  3.419683E-17
9355.38708269599  2.607546E-17
9357.18266296389  2.092000E-17
9358.9782432318  2.160005E-17
9360.7738234997  2.845920E-17
9362.56940376761  3.335661E-17
9364.36498403551  3.112430E-17
9366.16056430342  2.794780E-17
9367.95614457133  2.822708E-17
9369.75172483924  2.603506E-17
9371.54730510714  2.275850E-17
9373.34288537505  2.521762E-17
9375.13846564295  2.725544E-17
9376.93404591086  2.448220E-17
9378.72962617876  2.654223E-17
9380.52520644667  3.296307E-17
9382.32078671458  3.063726E-17
9384.11636698248  2.710512E-17
9385.91194725039  3.158422E-17
9387.7075275183  3.582688E-17
9389.5031077862  3.867150E-17
9391.29868805411  4.651540E-17
9393.09426832201  5.465721E-17
9394.88984858992  5.957164E-17
9396.68542885783  5.958580E-17
9398.48100912573  5.343515E-17
9400.27658939364  5.063963E-17
9402.07216966155  4.565216E-17
9403.86774992945  3.877376E-17
9405.66333019736  4.264726E-17
9407.45891046526  4.644452E-17
9409.25449073317  4.071885E-17
9411.05007100108  3.844063E-17
9412.84565126898  4.142091E-17
9414.64123153689  4.523912E-17
9416.4368118048  5.189611E-17
9418.2323920727  5.385138E-17
9420.02797234061  4.658320E-17
9421.82355260851  4.522064E-17
9423.61913287642  4.762005E-17
9425.41471314433  4.303291E-17
9427.21029341223  3.211281E-17
9429.00587368014  2.574710E-17
9430.80145394805  2.756312E-17
9432.59703421595  3.494917E-17
9434.39261448386  4.540174E-17
9436.18819475176  4.862888E-17
9437.98377501967  4.234039E-17
9439.77935528758  3.552363E-17
9441.57493555548  2.699423E-17
9443.37051582339  1.211520E-17
9445.1660960913  1.609933E-17
9446.9616763592  3.388612E-17
9448.75725662711  4.384258E-17
9450.55283689501  4.790009E-17
9452.34841716292  4.822235E-17
9454.14399743082  4.368591E-17
9455.93957769873  4.096601E-17
9457.73515796664  3.444332E-17
9459.53073823454  3.115864E-17
9461.32631850245  3.287207E-17
9463.12189877036  3.545635E-17
9464.91747903826  3.830106E-17
9466.71305930617  4.070185E-17
9468.50863957407  3.941857E-17
9470.30421984198  3.970785E-17
9472.09980010989  4.218092E-17
9473.89538037779  3.783294E-17
9475.6909606457  3.343051E-17
9477.48654091361  3.230511E-17
9479.28212118151  2.676491E-17
9481.07770144942  2.188608E-17
9482.87328171732  2.454181E-17
9484.66886198523  3.168579E-17
9486.46444225314  4.145305E-17
9488.26002252104  4.883659E-17
9490.05560278895  5.169561E-17
9491.85118305686  5.317292E-17
9493.64676332476  4.742962E-17
9495.44234359267  3.709595E-17
9497.23792386057  2.840335E-17
9499.03350412848  2.482273E-17
9500.82908439639  2.281324E-17
9502.62466466429  2.560655E-17
9504.4202449322  3.788140E-17
9506.21582520011  4.828047E-17
9508.01140546801  5.249236E-17
9509.80698573592  5.429963E-17
9511.60256600382  5.607142E-17
9513.39814627173  4.993840E-17
9515.19372653964  4.262473E-17
9516.98930680754  4.001310E-17
9518.78488707545  3.304115E-17
9520.58046734335  2.674984E-17
9522.37604761126  2.750339E-17
9524.17162787917  2.842706E-17
9525.96720814707  2.970803E-17
9527.76278841498  3.158064E-17
9529.55836868289  3.279775E-17
9531.35394895079  3.729611E-17
9533.1495292187  4.388366E-17
9534.9451094866  4.736249E-17
9536.74068975451  4.591496E-17
9538.53627002242  4.605622E-17
9540.33185029032  4.338709E-17
9542.12743055823  4.053525E-17
9543.92301082613  3.789951E-17
9545.71859109404  3.883723E-17
9547.51417136195  4.130534E-17
9549.30975162985  4.102580E-17
9551.10533189776  4.124117E-17
9552.90091216567  3.926732E-17
9554.69649243357  3.688107E-17
9556.49207270148  3.317471E-17
9558.28765296938  3.255271E-17
9560.08323323729  3.587739E-17
9561.8788135052  4.129998E-17
9563.6743937731  4.229340E-17
9565.46997404101  3.503527E-17
9567.26555430891  2.956050E-17
9569.06113457682  3.385561E-17
9570.85671484473  4.241085E-17
9572.65229511263  4.574693E-17
9574.44787538054  4.765679E-17
9576.24345564845  5.218622E-17
9578.03903591635  5.164126E-17
9579.83461618426  4.280294E-17
9581.63019645216  3.585722E-17
9583.42577672007  3.608494E-17
9585.22135698798  4.010530E-17
9587.01693725588  4.069422E-17
9588.81251752379  3.425669E-17
9590.6080977917  2.735375E-17
9592.4036780596  2.477715E-17
9594.19925832751  2.926282E-17
9595.99483859541  3.516621E-17
9597.79041886332  3.693779E-17
9599.58599913123  4.006944E-17
9601.38157939913  4.156850E-17
9603.17715966704  4.122500E-17
9604.97273993495  4.143482E-17
9606.76832020285  4.001793E-17
9608.56390047076  3.901478E-17
9610.35948073866  3.933384E-17
9612.15506100657  4.240640E-17
9613.95064127447  4.452597E-17
9615.74622154238  4.624105E-17
9617.54180181029  4.387708E-17
9619.33738207819  4.358756E-17
9621.1329623461  4.078799E-17
9622.92854261401  3.523644E-17
9624.72412288191  3.334634E-17
9626.51970314982  3.794803E-17
9628.31528341773  3.808340E-17
9630.11086368563  4.689511E-17
9631.90644395354  5.371702E-17
9633.70202422144  5.268596E-17
9635.49760448935  4.525666E-17
9637.29318475726  3.796752E-17
9639.08876502516  3.513932E-17
9640.88434529307  3.609778E-17
9642.67992556098  3.801365E-17
9644.47550582888  3.812565E-17
9646.27108609679  3.748456E-17
9648.06666636469  3.895817E-17
9649.8622466326  4.402294E-17
9651.65782690051  4.547297E-17
9653.45340716841  4.448405E-17
9655.24898743632  4.444344E-17
9657.04456770422  4.423193E-17
9658.84014797213  4.003274E-17
9660.63572824004  3.637401E-17
9662.43130850794  3.352041E-17
9664.22688877585  3.401863E-17
9666.02246904376  3.590402E-17
9667.81804931166  3.816826E-17
9669.61362957957  3.992667E-17
9671.40920984747  3.887514E-17
9673.20479011538  3.962513E-17
9675.00037038329  4.827389E-17
9676.79595065119  5.111040E-17
9678.5915309191  4.214878E-17
9680.38711118701  3.766004E-17
9682.18269145491  4.007121E-17
9683.97827172282  4.189441E-17
9685.77385199072  4.654680E-17
9687.56943225863  5.053456E-17
9689.36501252654  5.372619E-17
9691.16059279444  5.520545E-17
9692.95617306235  5.322217E-17
9694.75175333026  4.952353E-17
9696.54733359816  5.123955E-17
9698.34291386607  5.431117E-17
9700.13849413397  5.101386E-17
9701.93407440188  4.637472E-17
9703.72965466978  4.501707E-17
9705.52523493769  4.803395E-17
9707.3208152056  4.924398E-17
9709.1163954735  4.589232E-17
9710.91197574141  4.204998E-17
9712.70755600932  4.255084E-17
9714.50313627722  4.536527E-17
9716.29871654513  4.283392E-17
9718.09429681304  3.872240E-17
9719.88987708094  3.906887E-17
9721.68545734885  3.908931E-17
9723.48103761675  3.369337E-17
9725.27661788466  3.643023E-17
9727.07219815257  3.914008E-17
9728.86777842047  3.766551E-17
9730.66335868838  3.923960E-17
9732.45893895628  4.030975E-17
9734.25451922419  3.921452E-17
9736.0500994921  3.993551E-17
9737.84567976  3.948017E-17
9739.64126002791  3.938257E-17
9741.43684029582  4.656869E-17
9743.23242056372  4.672986E-17
9745.02800083163  4.181098E-17
9746.82358109953  4.120569E-17
9748.61916136744  4.182585E-17
9750.41474163535  4.157176E-17
9752.21032190325  3.852483E-17
9754.00590217116  3.693796E-17
9755.80148243906  3.601836E-17
9757.59706270697  3.337405E-17
9759.39264297488  3.367306E-17
9761.18822324278  3.443281E-17
9762.98380351069  3.401457E-17
9764.7793837786  3.305039E-17
9766.5749640465  3.451995E-17
9768.37054431441  3.805445E-17
9770.16612458231  4.231474E-17
9771.96170485022  4.219135E-17
9773.75728511813  3.911380E-17
9775.55286538603  3.813162E-17
9777.34844565394  3.622427E-17
9779.14402592185  3.340675E-17
9780.93960618975  3.275353E-17
9782.73518645766  3.541526E-17
9784.53076672556  3.493913E-17
9786.32634699347  3.545739E-17
9788.12192726138  3.443474E-17
9789.91750752928  3.940701E-17
9791.71308779719  3.654067E-17
9793.50866806509  3.096944E-17
9795.304248333  3.675850E-17
9797.09982860091  3.790631E-17
9798.89540886881  3.072665E-17
9800.69098913672  2.937162E-17
9802.48656940463  3.124563E-17
9804.28214967253  3.347076E-17
9806.07772994044  3.679817E-17
9807.87331020835  3.980779E-17
9809.66889047625  3.866389E-17
9811.46447074416  3.478769E-17
9813.26005101206  3.815793E-17
9815.05563127997  4.142618E-17
9816.85121154788  4.023121E-17
9818.64679181578  4.010114E-17
9820.44237208369  4.123685E-17
9822.2379523516  4.238269E-17
9824.0335326195  3.857931E-17
9825.82911288741  3.255684E-17
9827.62469315531  3.253093E-17
9829.42027342322  3.523222E-17
9831.21585369113  3.737711E-17
9833.01143395903  3.691511E-17
9834.80701422694  3.137997E-17
9836.60259449485  3.022375E-17
9838.39817476275  3.386824E-17
9840.19375503066  3.290450E-17
9841.98933529856  3.075981E-17
9843.78491556647  3.254686E-17
9845.58049583438  3.412292E-17
9847.37607610228  3.411423E-17
9849.17165637019  3.349091E-17
9850.9672366381  3.423541E-17
9852.762816906  3.379320E-17
9854.55839717391  2.952324E-17
9856.35397744181  2.596650E-17
9858.14955770972  2.736359E-17
9859.94513797763  3.078790E-17
9861.74071824553  3.000339E-17
9863.53629851344  2.915901E-17
9865.33187878134  3.095110E-17
9867.12745904925  3.091837E-17
9868.92303931716  2.660989E-17
9870.71861958506  2.330162E-17
9872.51419985297  1.665512E-17
9874.30978012088  2.250070E-17
9876.10536038878  2.565685E-17
9877.90094065669  1.890073E-17
9879.69652092459  1.336335E-17
9881.4921011925  3.833443E-18
9883.28768146041  1.210484E-17
9885.08326172831  2.612800E-17
9886.87884199622  2.490594E-17
9888.67442226412  2.412226E-17
9890.47000253203  2.395957E-17
9892.26558279994  2.531554E-17
9894.06116306784  2.982135E-17
9895.85674333575  2.647645E-17
9897.65232360366  2.417742E-17
9899.44790387156  2.926097E-17
9901.24348413947  2.526288E-17
9903.03906440737  2.219039E-17
9904.83464467528  2.639193E-17
9906.63022494319  2.699072E-17
9908.42580521109  2.619177E-17
9910.221385479  2.822004E-17
9912.0169657469  2.379574E-17
9913.81254601481  2.240977E-17
9915.60812628272  3.132006E-17
9917.40370655062  3.534581E-17
9919.19928681853  2.612393E-17
9920.99486708644  2.087465E-17
9922.79044735434  2.429239E-17
9924.58602762225  2.214023E-17
9926.38160789016  1.779795E-17
9928.17718815806  1.993623E-17
9929.97276842597  2.105138E-17
9931.76834869387  1.973228E-17
9933.56392896178  2.164261E-17
9935.35950922969  2.348830E-17
9937.15508949759  1.858834E-17
9938.9506697655  1.743128E-17
9940.7462500334  2.119389E-17
9942.54183030131  2.222678E-17
9944.33741056922  1.444976E-17
9946.13299083712  1.799845E-17
9947.92857110503  2.243243E-17
9949.72415137294  2.209154E-17
9951.51973164084  2.505041E-17
9953.31531190875  2.483660E-17
9955.11089217665  2.022823E-17
9956.90647244456  1.474312E-17
9958.70205271247  1.782429E-17
9960.49763298037  2.107629E-17
9962.29321324828  2.237935E-17
9964.08879351618  2.688424E-17
9965.88437378409  2.578971E-17
9967.679954052  2.045868E-17
9969.4755343199  1.749388E-17
9971.27111458781  2.001148E-17
9973.06669485572  2.156707E-17
9974.86227512362  1.735129E-17
9976.65785539153  1.654128E-17
9978.45343565943  1.862576E-17
9980.24901592734  2.113922E-17
9982.04459619525  2.401906E-17
9983.84017646315  2.377513E-17
9985.63575673106  2.248607E-17
9987.43133699897  1.895582E-17
9989.22691726687  1.507778E-17
9991.02249753478  1.394709E-17
9992.81807780268  1.675677E-17
9994.61365807059  1.722295E-17
9996.4092383385  1.801249E-17
