3533.3400878906  1.933036E-15
3538.55363356065  2.055421E-15
3543.7671792307  2.049443E-15
3548.98072490075  2.051465E-15
3554.1942705708  1.969249E-15
3559.40781624084  1.908360E-15
3564.62136191089  1.901429E-15
3569.83490758094  1.881190E-15
3575.04845325099  1.857640E-15
3580.26199892103  1.764241E-15
3585.47554459108  1.741983E-15
3590.68909026113  1.720249E-15
3595.90263593118  1.562906E-15
3601.11618160123  1.431220E-15
3606.32972727127  1.592439E-15
3611.54327294132  1.665290E-15
3616.75681861137  1.603073E-15
3621.97036428142  1.496719E-15
3627.18390995147  1.487732E-15
3632.39745562151  1.486141E-15
3637.61100129156  1.547557E-15
3642.82454696161  1.579553E-15
3648.03809263166  1.506023E-15
3653.25163830171  1.517663E-15
3658.46518397175  1.548366E-15
3663.6787296418  1.504515E-15
3668.89227531185  1.486839E-15
3674.1058209819  1.437259E-15
3679.31936665194  1.445661E-15
3684.53291232199  1.431598E-15
3689.74645799204  1.381504E-15
3694.96000366209  1.399279E-15
3700.17354933214  1.378758E-15
3705.38709500219  1.348220E-15
3710.60064067223  1.349669E-15
3715.81418634228  1.339407E-15
3721.02773201233  1.298348E-15
3726.24127768238  1.283540E-15
3731.45482335242  1.306722E-15
3736.66836902247  1.310890E-15
3741.88191469252  1.282989E-15
3747.09546036257  1.303473E-15
3752.30900603262  1.328688E-15
3757.52255170266  1.344664E-15
3762.73609737271  1.389573E-15
3767.94964304276  1.392711E-15
3773.16318871281  1.374217E-15
3778.37673438286  1.406533E-15
3783.5902800529  1.403764E-15
3788.80382572295  1.385739E-15
3794.017371393  1.422859E-15
3799.23091706305  1.441511E-15
3804.44446273309  1.420029E-15
3809.65800840314  1.430016E-15
3814.87155407319  1.416689E-15
3820.08509974324  1.411306E-15
3825.29864541329  1.413300E-15
3830.51219108333  1.393139E-15
3835.72573675338  1.403905E-15
3840.93928242343  1.383144E-15
3846.15282809348  1.409354E-15
3851.36637376353  1.422912E-15
3856.57991943357  1.401097E-15
3861.79346510362  1.383851E-15
3867.00701077367  1.394379E-15
3872.22055644372  1.406801E-15
3877.43410211376  1.423620E-15
3882.64764778381  1.416822E-15
3887.86119345386  1.439057E-15
3893.07473912391  1.444569E-15
3898.28828479396  1.465512E-15
3903.501830464  1.469452E-15
3908.71537613405  1.465116E-15
3913.9289218041  1.453978E-15
3919.14246747415  1.451541E-15
3924.3560131442  1.468479E-15
3929.56955881424  1.441490E-15
3934.78310448429  1.429235E-15
3939.99665015434  1.426166E-15
3945.21019582439  1.439570E-15
3950.42374149444  1.427514E-15
3955.63728716448  1.386048E-15
3960.85083283453  1.366881E-15
3966.06437850458  1.386260E-15
3971.27792417463  1.349948E-15
3976.49146984468  1.347213E-15
3981.70501551472  1.345700E-15
3986.91856118477  1.327444E-15
3992.13210685482  1.298175E-15
3997.34565252487  1.289763E-15
4002.55919819491  1.283329E-15
4007.77274386496  1.279726E-15
4012.98628953501  1.275679E-15
4018.19983520506  1.308384E-15
4023.41338087511  1.308471E-15
4028.62692654515  1.311708E-15
4033.8404722152  1.275981E-15
4039.05401788525  1.300622E-15
4044.2675635553  1.299438E-15
4049.48110922535  1.309176E-15
4054.69465489539  1.309310E-15
4059.90820056544  1.328664E-15
4065.12174623549  1.327584E-15
4070.33529190554  1.320725E-15
4075.54883757559  1.320843E-15
4080.76238324563  1.331959E-15
4085.97592891568  1.310051E-15
4091.18947458573  1.293932E-15
4096.40302025578  1.273158E-15
4101.61656592583  1.284519E-15
4106.83011159587  1.290974E-15
4112.04365726592  1.304073E-15
4117.25720293597  1.366562E-15
4122.47074860602  1.525905E-15
4127.68429427606  1.698944E-15
4132.89783994611  1.673932E-15
4138.11138561616  1.461220E-15
4143.32493128621  1.304554E-15
4148.53847695626  1.256355E-15
4153.7520226263  1.249930E-15
4158.96556829635  1.228145E-15
4164.1791139664  1.214483E-15
4169.39265963645  1.186883E-15
4174.6062053065  1.150374E-15
4179.81975097654  1.131997E-15
4185.03329664659  1.136066E-15
4190.24684231664  1.108481E-15
4195.46038798669  1.109456E-15
4200.67393365673  1.107237E-15
4205.88747932678  1.101301E-15
4211.10102499683  1.109567E-15
4216.31457066688  1.086795E-15
4221.52811633693  1.063804E-15
4226.74166200698  1.067726E-15
4231.95520767702  1.045401E-15
4237.16875334707  1.042241E-15
4242.38229901712  1.030088E-15
4247.59584468717  1.057108E-15
4252.80939035721  1.070582E-15
4258.02293602726  1.075055E-15
4263.23648169731  1.071849E-15
4268.45002736736  1.100810E-15
4273.66357303741  1.125126E-15
4278.87711870745  1.186636E-15
4284.0906643775  1.246324E-15
4289.30421004755  1.241584E-15
4294.5177557176  1.177297E-15
4299.73130138765  1.155296E-15
4304.94484705769  1.166924E-15
4310.15839272774  1.203386E-15
4315.37193839779  1.169013E-15
4320.58548406784  1.130613E-15
4325.79902973789  1.105103E-15
4331.01257540793  1.092853E-15
4336.22612107798  1.094184E-15
4341.43966674803  1.077214E-15
4346.65321241808  1.067478E-15
4351.86675808813  1.048390E-15
4357.08030375817  1.039694E-15
4362.29384942822  1.031127E-15
4367.50739509827  1.035427E-15
4372.72094076832  1.041175E-15
4377.93448643837  1.017180E-15
4383.14803210841  1.016564E-15
4388.36157777846  1.039706E-15
4393.57512344851  1.054504E-15
4398.78866911856  1.063579E-15
4404.0022147886  1.041825E-15
4409.21576045865  1.006452E-15
4414.4293061287  1.008688E-15
4419.64285179875  9.975521E-16
4424.8563974688  1.000536E-15
4430.06994313884  1.018686E-15
4435.28348880889  1.023358E-15
4440.49703447894  1.028390E-15
4445.71058014899  1.038655E-15
4450.92412581903  1.046225E-15
4456.13767148908  1.052130E-15
4461.35121715913  1.071874E-15
4466.56476282918  1.066371E-15
4471.77830849923  1.067879E-15
4476.99185416928  1.075476E-15
4482.20539983932  1.069234E-15
4487.41894550937  1.083946E-15
4492.63249117942  1.095377E-15
4497.84603684947  1.094168E-15
4503.05958251951  1.093128E-15
4508.27312818956  1.090051E-15
4513.48667385961  1.071812E-15
4518.70021952966  1.052555E-15
4523.91376519971  1.049131E-15
4529.12731086976  1.034450E-15
4534.3408565398  1.053969E-15
4539.55440220985  1.064225E-15
4544.7679478799  1.089876E-15
4549.98149354995  1.068523E-15
4555.19503921999  1.009558E-15
4560.40858489004  9.878522E-16
4565.62213056009  9.885892E-16
4570.83567623014  9.860389E-16
4576.04922190019  9.757001E-16
4581.26276757023  9.666813E-16
4586.47631324028  9.526163E-16
4591.68985891033  9.493130E-16
4596.90340458038  9.380515E-16
4602.11695025042  9.085584E-16
4607.33049592047  8.902754E-16
4612.54404159052  8.725209E-16
4617.75758726057  8.543515E-16
4622.97113293062  8.389664E-16
4628.18467860066  8.243009E-16
4633.39822427071  8.188581E-16
4638.61176994076  8.099551E-16
4643.82531561081  8.078747E-16
4649.03886128085  8.081410E-16
4654.2524069509  8.073780E-16
4659.46595262095  8.124084E-16
4664.679498291  8.155366E-16
4669.89304396105  8.192142E-16
4675.1065896311  8.269679E-16
4680.32013530114  8.388637E-16
4685.53368097119  8.371577E-16
4690.74722664124  8.303572E-16
4695.96077231129  8.196952E-16
4701.17431798133  8.231155E-16
4706.38786365138  8.206702E-16
4711.60140932143  8.190603E-16
4716.81495499148  8.161890E-16
4722.02850066153  8.210910E-16
4727.24204633157  8.392118E-16
4732.45559200162  8.573293E-16
4737.66913767167  8.567859E-16
4742.88268334172  8.532464E-16
4748.09622901177  8.504002E-16
4753.30977468181  8.550525E-16
4758.52332035186  8.518360E-16
4763.73686602191  8.401015E-16
4768.95041169196  8.467327E-16
4774.163957362  8.581552E-16
4779.37750303205  8.554543E-16
4784.5910487021  8.615244E-16
4789.80459437215  8.693888E-16
4795.0181400422  8.848759E-16
4800.23168571224  9.278011E-16
4805.44523138229  9.827546E-16
4810.65877705234  9.906719E-16
4815.87232272239  9.387580E-16
4821.08586839244  8.858219E-16
4826.29941406249  8.748668E-16
4831.51295973253  8.867025E-16
4836.72650540258  8.776115E-16
4841.94005107263  8.486972E-16
4847.15359674268  8.374568E-16
4852.36714241272  8.250242E-16
4857.58068808277  8.218889E-16
4862.79423375282  8.260114E-16
4868.00777942287  8.266139E-16
4873.22132509292  8.187328E-16
4878.43487076296  8.202839E-16
4883.64841643301  8.201236E-16
4888.86196210306  8.164529E-16
4894.07550777311  8.060644E-16
4899.28905344316  7.939869E-16
4904.5025991132  7.857964E-16
4909.71614478325  7.718680E-16
4914.9296904533  7.690825E-16
4920.14323612335  7.642828E-16
4925.3567817934  7.566535E-16
4930.57032746344  7.447033E-16
4935.78387313349  7.259683E-16
4940.99741880354  7.045985E-16
4946.21096447359  6.923212E-16
4951.42451014363  6.878992E-16
4956.63805581368  6.856193E-16
4961.85160148373  6.744275E-16
4967.06514715378  6.735947E-16
4972.27869282383  6.814024E-16
4977.49223849387  6.854829E-16
4982.70578416392  6.940684E-16
4987.91932983397  7.012917E-16
4993.13287550402  7.105267E-16
4998.34642117407  7.172803E-16
5003.55996684411  7.191721E-16
5008.77351251416  7.242688E-16
5013.98705818421  7.309148E-16
5019.20060385426  7.358196E-16
5024.41414952431  7.414409E-16
5029.62769519435  7.467728E-16
5034.8412408644  7.593489E-16
5040.05478653445  7.718032E-16
5045.2683322045  7.838836E-16
5050.48187787454  7.894364E-16
5055.69542354459  7.971594E-16
5060.90896921464  8.057601E-16
5066.12251488469  8.140942E-16
5071.33606055474  8.157896E-16
5076.54960622478  8.173331E-16
5081.76315189483  8.215090E-16
5086.97669756488  8.226412E-16
5092.19024323493  8.316651E-16
5097.40378890498  8.349029E-16
5102.61733457502  8.333854E-16
5107.83088024507  8.295671E-16
5113.04442591512  8.237348E-16
5118.25797158517  8.194690E-16
5123.47151725522  8.122846E-16
5128.68506292526  8.027686E-16
5133.89860859531  7.956394E-16
5139.11215426536  7.970742E-16
5144.32569993541  7.967755E-16
5149.53924560546  7.905077E-16
5154.7527912755  7.882210E-16
5159.96633694555  7.838345E-16
5165.1798826156  7.759636E-16
5170.39342828565  7.719426E-16
5175.60697395569  7.652046E-16
5180.82051962574  7.624347E-16
5186.03406529579  7.580517E-16
5191.24761096584  7.502864E-16
5196.46115663589  7.447194E-16
5201.67470230593  7.393619E-16
5206.88824797598  7.353277E-16
5212.10179364603  7.316500E-16
5217.31533931608  7.249428E-16
5222.52888498613  7.196193E-16
5227.74243065617  7.091136E-16
5232.95597632622  7.025646E-16
5238.16952199627  6.966287E-16
5243.38306766632  6.919456E-16
5248.59661333637  6.912273E-16
5253.81015900641  6.889742E-16
5259.02370467646  6.890335E-16
5264.23725034651  6.873133E-16
5269.45079601656  6.842437E-16
5274.66434168661  6.828509E-16
5279.87788735665  6.846288E-16
5285.0914330267  6.827116E-16
5290.30497869675  6.798331E-16
5295.5185243668  6.773125E-16
5300.73207003685  6.788765E-16
5305.94561570689  6.777604E-16
5311.15916137694  6.750484E-16
5316.37270704699  6.744145E-16
5321.58625271704  6.712996E-16
5326.79979838708  6.668763E-16
5332.01334405713  6.645665E-16
5337.22688972718  6.646450E-16
5342.44043539723  6.640278E-16
5347.65398106728  6.638642E-16
5352.86752673732  6.603317E-16
5358.08107240737  6.568204E-16
5363.29461807742  6.618750E-16
5368.50816374747  6.784103E-16
5373.72170941752  7.209937E-16
5378.93525508756  7.992026E-16
5384.14880075761  8.692653E-16
5389.36234642766  8.616857E-16
5394.57589209771  7.746982E-16
5399.78943776776  6.969475E-16
5405.0029834378  6.675277E-16
5410.21652910785  6.605572E-16
5415.4300747779  6.585717E-16
5420.64362044795  6.583168E-16
5425.85716611799  6.561315E-16
5431.07071178804  6.504138E-16
5436.28425745809  6.463688E-16
5441.49780312814  6.427348E-16
5446.71134879819  6.400005E-16
5451.92489446823  6.331375E-16
5457.13844013828  6.190458E-16
5462.35198580833  6.177071E-16
5467.56553147838  6.210976E-16
5472.77907714843  6.237555E-16
5477.99262281847  6.528848E-16
5483.20616848852  7.574159E-16
5488.41971415857  8.969830E-16
5493.63325982862  1.008270E-15
5498.84680549866  9.516987E-16
5504.06035116871  7.631288E-16
5509.27389683876  6.458988E-16
5514.48744250881  6.092485E-16
5519.70098817886  6.029838E-16
5524.91453384891  6.204882E-16
5530.12807951895  6.976493E-16
5535.341625189  9.743941E-16
5540.55517085905  1.410183E-15
5545.76871652909  1.756481E-15
5550.98226219914  1.685970E-15
5556.19580786919  1.182026E-15
5561.40935353924  7.946380E-16
5566.62289920929  6.488382E-16
5571.83644487934  6.059348E-16
5577.04999054938  6.073659E-16
5582.26353621943  6.118394E-16
5587.47708188948  6.132982E-16
5592.69062755953  6.193788E-16
5597.90417322958  6.193781E-16
5603.11771889962  6.183896E-16
5608.33126456967  6.205931E-16
5613.54481023972  6.231765E-16
5618.75835590977  6.224298E-16
5623.97190157981  6.224486E-16
5629.18544724986  6.227059E-16
5634.39899291991  6.173469E-16
5639.61253858996  6.170244E-16
5644.82608426001  6.193659E-16
5650.03962993006  6.180401E-16
5655.2531756001  6.182730E-16
5660.46672127015  6.178497E-16
5665.6802669402  6.157037E-16
5670.89381261025  6.149414E-16
5676.10735828029  6.147717E-16
5681.32090395034  6.135657E-16
5686.53444962039  6.137827E-16
5691.74799529044  6.123729E-16
5696.96154096049  6.078916E-16
5702.17508663053  6.058699E-16
5707.38863230058  6.053543E-16
5712.60217797063  6.049028E-16
5717.81572364068  6.027761E-16
5723.02926931073  6.001367E-16
5728.24281498077  5.982917E-16
5733.45636065082  5.959321E-16
5738.66990632087  5.941480E-16
5743.88345199092  5.913865E-16
5749.09699766097  5.880395E-16
5754.31054333101  5.857633E-16
5759.52408900106  5.817222E-16
5764.73763467111  5.773365E-16
5769.95118034116  5.731274E-16
5775.1647260112  5.671314E-16
5780.37827168125  5.659436E-16
5785.5918173513  5.621830E-16
5790.80536302135  5.551722E-16
5796.0189086914  5.520815E-16
5801.23245436144  5.503111E-16
5806.44600003149  5.464782E-16
5811.65954570154  5.423942E-16
5816.87309137159  5.407558E-16
5822.08663704164  5.393462E-16
5827.30018271168  5.359593E-16
5832.51372838173  5.329435E-16
5837.72727405178  5.300142E-16
5842.94081972183  5.291650E-16
5848.15436539187  5.285031E-16
5853.36791106192  5.245844E-16
5858.58145673197  5.198605E-16
5863.79500240202  5.182223E-16
5869.00854807207  5.147103E-16
5874.22209374211  5.115435E-16
5879.43563941216  5.090830E-16
5884.64918508221  5.036719E-16
5889.86273075226  5.028974E-16
5895.07627642231  4.987093E-16
5900.28982209235  4.952882E-16
5905.5033677624  4.965094E-16
5910.71691343245  4.951121E-16
5915.9304591025  4.945545E-16
5921.14400477255  4.904348E-16
5926.35755044259  4.879120E-16
5931.57109611264  4.879151E-16
5936.78464178269  4.879658E-16
5941.99818745274  4.862914E-16
5947.21173312278  4.823368E-16
5952.42527879283  4.804574E-16
5957.63882446288  4.795277E-16
5962.85237013293  4.795086E-16
5968.06591580298  4.779207E-16
5973.27946147303  4.739108E-16
5978.49300714307  4.710341E-16
5983.70655281312  4.689166E-16
5988.92009848317  4.658737E-16
5994.13364415322  4.631627E-16
5999.34718982326  4.620184E-16
6004.56073549331  4.587246E-16
6009.77428116336  4.512452E-16
6014.98782683341  4.483700E-16
6020.20137250346  4.471407E-16
6025.4149181735  4.360052E-16
6030.62846384355  4.327896E-16
6035.8420095136  4.393449E-16
6041.05555518365  4.404609E-16
6046.26910085369  4.399917E-16
6051.48264652374  4.364536E-16
6056.69619219379  4.326256E-16
6061.90973786384  4.300240E-16
6067.12328353389  4.269661E-16
6072.33682920394  4.256917E-16
6077.55037487398  4.248149E-16
6082.76392054403  4.245421E-16
6087.97746621408  4.231762E-16
6093.19101188413  4.203253E-16
6098.40455755417  4.181725E-16
6103.61810322422  4.166605E-16
6108.83164889427  4.158874E-16
6114.04519456432  4.163869E-16
6119.25874023437  4.142718E-16
6124.47228590442  4.113261E-16
6129.68583157446  4.123754E-16
6134.89937724451  4.155446E-16
6140.11292291456  4.183231E-16
6145.32646858461  4.175419E-16
6150.54001425465  4.182110E-16
6155.7535599247  4.180375E-16
6160.96710559475  4.157127E-16
6166.1806512648  4.136418E-16
6171.39419693485  4.121282E-16
6176.60774260489  4.096634E-16
6181.82128827494  4.086374E-16
6187.03483394499  4.086926E-16
6192.24837961504  4.074558E-16
6197.46192528508  4.063755E-16
6202.67547095513  4.055302E-16
6207.88901662518  4.058200E-16
6213.10256229523  4.055542E-16
6218.31610796528  4.047424E-16
6223.52965363532  4.025219E-16
6228.74319930537  4.020026E-16
6233.95674497542  4.019488E-16
6239.17029064547  4.005077E-16
6244.38383631552  3.992991E-16
6249.59738198556  3.954545E-16
6254.81092765561  3.936338E-16
6260.02447332566  3.917641E-16
6265.23801899571  3.913422E-16
6270.45156466575  3.886311E-16
6275.6651103358  3.812085E-16
6280.87865600585  3.782233E-16
6286.0922016759  3.786317E-16
6291.30574734595  3.820711E-16
6296.51929301599  3.827595E-16
6301.73283868604  3.838675E-16
6306.94638435609  3.849401E-16
6312.15993002614  3.859696E-16
6317.37347569619  3.859471E-16
6322.58702136624  3.856917E-16
6327.80056703628  3.847978E-16
6333.01411270633  3.842792E-16
6338.22765837638  3.851134E-16
6343.44120404643  3.870622E-16
6348.65474971647  3.867314E-16
6353.86829538652  3.831280E-16
6359.08184105657  3.841528E-16
6364.29538672662  3.859640E-16
6369.50893239667  3.858876E-16
6374.72247806671  3.836296E-16
6379.93602373676  3.820198E-16
6385.14956940681  3.820976E-16
6390.36311507686  3.817847E-16
6395.5766607469  3.804576E-16
6400.79020641695  3.810817E-16
6406.003752087  3.810623E-16
6411.21729775705  3.787418E-16
6416.4308434271  3.783188E-16
6421.64438909714  3.778705E-16
6426.85793476719  3.777735E-16
6432.07148043724  3.770847E-16
6437.28502610729  3.761784E-16
6442.49857177734  3.748754E-16
6447.71211744738  3.731532E-16
6452.92566311743  3.715744E-16
6458.13920878748  3.707169E-16
6463.35275445753  3.690802E-16
6468.56630012757  3.672759E-16
6473.77984579763  3.651239E-16
6478.99339146767  3.632957E-16
6484.20693713772  3.613760E-16
6489.42048280777  3.595542E-16
6494.63402847782  3.619177E-16
6499.84757414786  3.698808E-16
6505.06111981791  3.786627E-16
6510.27466548796  3.815991E-16
6515.48821115801  3.724790E-16
6520.70175682806  3.577244E-16
6525.9153024981  3.521599E-16
6531.12884816815  3.499005E-16
6536.3423938382  3.470349E-16
6541.55593950825  3.457766E-16
6546.7694851783  3.442187E-16
6551.98303084834  3.431743E-16
6557.19657651839  3.416138E-16
6562.41012218844  3.408542E-16
6567.62366785849  3.401630E-16
6572.83721352853  3.388621E-16
6578.05075919858  3.379871E-16
6583.26430486863  3.381145E-16
6588.47785053868  3.382660E-16
6593.69139620873  3.390639E-16
6598.90494187877  3.383625E-16
6604.11848754882  3.385637E-16
6609.33203321887  3.362154E-16
6614.54557888892  3.362702E-16
6619.75912455897  3.353230E-16
6624.97267022901  3.350215E-16
6630.18621589906  3.354155E-16
6635.39976156911  3.339997E-16
6640.61330723916  3.344110E-16
6645.82685290921  3.338777E-16
6651.04039857925  3.337470E-16
6656.2539442493  3.331206E-16
6661.46748991935  3.314680E-16
6666.6810355894  3.314174E-16
6671.89458125944  3.290379E-16
6677.10812692949  3.274411E-16
6682.32167259954  3.290110E-16
6687.53521826959  3.286066E-16
6692.74876393964  3.253888E-16
6697.96230960968  3.237479E-16
6703.17585527973  3.240692E-16
6708.38940094978  3.221381E-16
6713.60294661983  3.199818E-16
6718.81649228988  3.185213E-16
6724.03003795992  3.159617E-16
6729.24358362997  3.131991E-16
6734.45712930002  3.120972E-16
6739.67067497007  3.101430E-16
6744.88422064012  3.081093E-16
6750.09776631016  3.047684E-16
6755.31131198021  3.012456E-16
6760.52485765026  2.997605E-16
6765.73840332031  2.983411E-16
6770.95194899035  2.966220E-16
6776.1654946604  2.954085E-16
6781.37904033045  2.943849E-16
6786.5925860005  2.936835E-16
6791.80613167055  2.937870E-16
6797.01967734059  2.948410E-16
6802.23322301064  2.935855E-16
6807.44676868069  2.921533E-16
6812.66031435074  2.924889E-16
6817.87386002079  2.909978E-16
6823.08740569083  2.901969E-16
6828.30095136088  2.901704E-16
6833.51449703093  2.901194E-16
6838.72804270098  2.901013E-16
6843.94158837102  2.887334E-16
6849.15513404107  2.887733E-16
6854.36867971112  2.893760E-16
6859.58222538117  2.865413E-16
6864.79577105122  2.791182E-16
6870.00931672126  2.726763E-16
6875.22286239131  2.746969E-16
6880.43640806136  2.877641E-16
6885.64995373141  2.961106E-16
6890.86349940146  2.950247E-16
6896.07704507151  2.929193E-16
6901.29059074155  2.936485E-16
6906.5041364116  2.927712E-16
6911.71768208165  2.908030E-16
6916.9312277517  2.889294E-16
6922.14477342174  2.872635E-16
6927.35831909179  2.842583E-16
6932.57186476184  2.819490E-16
6937.78541043189  2.801824E-16
6942.99895610194  2.793196E-16
6948.21250177198  2.787299E-16
6953.42604744203  2.774651E-16
6958.63959311208  2.756338E-16
6963.85313878213  2.753321E-16
6969.06668445218  2.784679E-16
6974.28023012222  2.793329E-16
6979.49377579227  2.802986E-16
6984.70732146232  2.756947E-16
6989.92086713237  2.669251E-16
6995.13441280242  2.610863E-16
7000.34795847246  2.566888E-16
7005.56150414251  2.542761E-16
7010.77504981256  2.528458E-16
7015.98859548261  2.530905E-16
7021.20214115265  2.548775E-16
7026.4156868227  2.562234E-16
7031.62923249275  2.581727E-16
7036.8427781628  2.623676E-16
7042.05632383285  2.669647E-16
7047.26986950289  2.715290E-16
7052.48341517294  2.754803E-16
7057.69696084299  2.769030E-16
7062.91050651304  2.779413E-16
7068.12405218309  2.804292E-16
7073.33759785313  2.833965E-16
7078.55114352318  2.854396E-16
7083.76468919323  2.864041E-16
7088.97823486328  2.879782E-16
7094.19178053332  2.912133E-16
7099.40532620337  2.941877E-16
7104.61887187342  2.951593E-16
7109.83241754347  2.969608E-16
7115.04596321352  2.980554E-16
7120.25950888356  3.012083E-16
7125.47305455361  3.020233E-16
7130.68660022366  3.010306E-16
7135.90014589371  3.014459E-16
7141.11369156376  3.004135E-16
7146.3272372338  3.006758E-16
7151.54078290385  2.983402E-16
7156.7543285739  2.987812E-16
7161.96787424395  2.977477E-16
7167.181419914  2.982392E-16
7172.39496558404  2.940783E-16
7177.60851125409  2.913773E-16
7182.82205692414  2.911649E-16
7188.03560259419  2.930548E-16
7193.24914826423  2.956210E-16
7198.46269393428  2.966702E-16
7203.67623960433  2.992045E-16
7208.88978527438  3.013208E-16
7214.10333094443  3.023860E-16
7219.31687661447  2.992700E-16
7224.53042228452  2.962852E-16
7229.74396795457  2.938703E-16
7234.95751362462  2.925557E-16
7240.17105929467  2.942488E-16
7245.38460496471  3.017410E-16
7250.59815063476  3.295080E-16
7255.81169630481  4.174207E-16
7261.02524197486  6.151864E-16
7266.23878764491  8.441915E-16
7271.45233331495  9.462016E-16
7276.665878985  7.716261E-16
7281.87942465505  5.011237E-16
7287.0929703251  3.684568E-16
7292.30651599515  3.235195E-16
7297.52006166519  3.139511E-16
7302.73360733524  3.054652E-16
7307.94715300529  2.968661E-16
7313.16069867534  2.948913E-16
7318.37424434538  2.943337E-16
7323.58779001543  2.948397E-16
7328.80133568548  2.922223E-16
7334.01488135553  2.906074E-16
7339.22842702558  2.905380E-16
7344.44197269563  2.910040E-16
7349.65551836567  2.903570E-16
7354.86906403572  2.894019E-16
7360.08260970577  2.878431E-16
7365.29615537582  2.867160E-16
7370.50970104586  2.843090E-16
7375.72324671591  2.850655E-16
7380.93679238596  2.857582E-16
7386.15033805601  2.867823E-16
7391.36388372606  2.902383E-16
7396.5774293961  2.930947E-16
7401.79097506615  2.929141E-16
7407.0045207362  2.883699E-16
7412.21806640625  2.827915E-16
7417.43161207629  2.813780E-16
7422.64515774634  2.825811E-16
7427.85870341639  2.900960E-16
7433.07224908644  3.057504E-16
7438.28579475649  3.210100E-16
7443.49934042653  3.271556E-16
7448.71288609658  3.187390E-16
7453.92643176663  3.121653E-16
7459.13997743668  3.093878E-16
7464.35352310673  2.955244E-16
7469.56706877678  2.800298E-16
7474.78061444682  2.732695E-16
7479.99416011687  2.705340E-16
7485.20770578692  2.699357E-16
7490.42125145697  2.684791E-16
7495.63479712701  2.673248E-16
7500.84834279706  2.670670E-16
7506.06188846711  2.646995E-16
7511.27543413716  2.627949E-16
7516.48897980721  2.619260E-16
7521.70252547725  2.623506E-16
7526.9160711473  2.636169E-16
7532.12961681735  2.636887E-16
7537.3431624874  2.611415E-16
7542.55670815744  2.587322E-16
7547.77025382749  2.579773E-16
7552.98379949754  2.579308E-16
7558.19734516759  2.574521E-16
7563.41089083764  2.561177E-16
7568.62443650768  2.546273E-16
7573.83798217773  2.524034E-16
7579.05152784778  2.510293E-16
7584.26507351783  2.456290E-16
7589.47861918788  2.323642E-16
7594.69216485792  2.108057E-16
7599.90571052797  1.827236E-16
7605.11925619802  1.680818E-16
7610.33280186807  2.011722E-16
7615.54634753811  2.525081E-16
7620.75989320817  2.773571E-16
7625.97343887821  2.674305E-16
7631.18698454826  2.473476E-16
7636.40053021831  2.433644E-16
7641.61407588835  2.490957E-16
7646.8276215584  2.583392E-16
7652.04116722845  2.609585E-16
7657.2547128985  2.598339E-16
7662.46825856855  2.563351E-16
7667.6818042386  2.512548E-16
7672.89534990864  2.464259E-16
7678.10889557869  2.419610E-16
7683.32244124874  2.374621E-16
7688.53598691879  2.331792E-16
7693.74953258883  2.300146E-16
7698.96307825888  2.268621E-16
7704.17662392893  2.260299E-16
7709.39016959898  2.261955E-16
7714.60371526903  2.254029E-16
7719.81726093907  2.256472E-16
7725.03080660912  2.242719E-16
7730.24435227917  2.251234E-16
7735.45789794922  2.262274E-16
7740.67144361927  2.265696E-16
7745.88498928931  2.284030E-16
7751.09853495936  2.290881E-16
7756.31208062941  2.293722E-16
7761.52562629946  2.301003E-16
7766.73917196951  2.322363E-16
7771.95271763955  2.327653E-16
7777.1662633096  2.315703E-16
7782.37980897965  2.322692E-16
7787.5933546497  2.359596E-16
7792.80690031974  2.360987E-16
7798.02044598979  2.364499E-16
7803.23399165984  2.371027E-16
7808.44753732989  2.381019E-16
7813.66108299994  2.399836E-16
7818.87462866999  2.441672E-16
7824.08817434003  2.469261E-16
7829.30172001008  2.481364E-16
7834.51526568013  2.449100E-16
7839.72881135018  2.410036E-16
7844.94235702022  2.408431E-16
7850.15590269027  2.404847E-16
7855.36944836032  2.396160E-16
7860.58299403037  2.400961E-16
7865.79653970042  2.395143E-16
7871.01008537046  2.401749E-16
7876.22363104051  2.405144E-16
7881.43717671056  2.402563E-16
7886.65072238061  2.404133E-16
7891.86426805066  2.437309E-16
7897.0778137207  2.504951E-16
7902.29135939075  2.583448E-16
7907.5049050608  2.632269E-16
7912.71845073085  2.554720E-16
7917.93199640089  2.468229E-16
7923.14554207094  2.433142E-16
7928.35908774099  2.397336E-16
7933.57263341104  2.392434E-16
7938.78617908109  2.389009E-16
7943.99972475113  2.362843E-16
7949.21327042118  2.368186E-16
7954.42681609123  2.348312E-16
7959.64036176128  2.346425E-16
7964.85390743132  2.333715E-16
7970.06745310137  2.340382E-16
7975.28099877142  2.328477E-16
7980.49454444147  2.309401E-16
7985.70809011152  2.321504E-16
7990.92163578156  2.320442E-16
7996.13518145161  2.309820E-16
8001.34872712166  2.298492E-16
8006.56227279171  2.288839E-16
8011.77581846176  2.287383E-16
8016.98936413181  2.289245E-16
8022.20290980185  2.266810E-16
8027.4164554719  2.256062E-16
8032.63000114195  2.253295E-16
8037.843546812  2.241043E-16
8043.05709248204  2.232632E-16
8048.27063815209  2.226873E-16
8053.48418382214  2.235032E-16
8058.69772949219  2.240636E-16
8063.91127516224  2.229254E-16
8069.12482083228  2.219065E-16
8074.33836650233  2.207361E-16
8079.55191217238  2.191550E-16
8084.76545784243  2.190064E-16
8089.97900351248  2.199827E-16
8095.19254918252  2.191569E-16
8100.40609485257  2.186385E-16
8105.61964052262  2.208851E-16
8110.83318619267  2.225707E-16
8116.04673186271  2.217737E-16
8121.26027753276  2.171273E-16
8126.47382320281  2.114970E-16
8131.68736887286  2.055314E-16
8136.90091454291  2.022726E-16
8142.11446021296  1.990110E-16
8147.328005883  1.954630E-16
8152.54155155305  1.932941E-16
8157.7550972231  1.906160E-16
8162.96864289314  1.885323E-16
8168.18218856319  1.871036E-16
8173.39573423324  1.883384E-16
8178.60927990329  1.871551E-16
8183.82282557334  1.858368E-16
8189.03637124339  1.856270E-16
8194.24991691343  1.862796E-16
8199.46346258348  1.873064E-16
8204.67700825353  1.877056E-16
8209.89055392358  1.885100E-16
8215.10409959363  1.864572E-16
8220.31764526367  1.801861E-16
8225.53119093372  1.735274E-16
8230.74473660377  1.692300E-16
8235.95828227382  1.687231E-16
8241.17182794386  1.718245E-16
8246.38537361391  1.733544E-16
8251.59891928396  1.722469E-16
8256.81246495401  1.714181E-16
8262.02601062406  1.691746E-16
8267.2395562941  1.671373E-16
8272.45310196415  1.646542E-16
8277.6666476342  1.609817E-16
8282.88019330425  1.607809E-16
8288.0937389743  1.602504E-16
8293.30728464434  1.616452E-16
8298.52083031439  1.604860E-16
8303.73437598444  1.614793E-16
8308.94792165449  1.612257E-16
8314.16146732454  1.603403E-16
8319.37501299458  1.614015E-16
8324.58855866463  1.630299E-16
8329.80210433468  1.635945E-16
8335.01565000473  1.660597E-16
8340.22919567478  1.686423E-16
8345.44274134482  1.698467E-16
8350.65628701487  1.729777E-16
8355.86983268492  1.702588E-16
8361.08337835497  1.706817E-16
8366.29692402501  1.715288E-16
8371.51046969506  1.732422E-16
8376.72401536511  1.745386E-16
8381.93756103516  1.753893E-16
8387.15110670521  1.752480E-16
8392.36465237525  1.751000E-16
8397.5781980453  1.761809E-16
8402.79174371535  1.770852E-16
8408.0052893854  1.762743E-16
8413.21883505544  1.762904E-16
8418.43238072549  1.796054E-16
8423.64592639554  1.815697E-16
8428.85947206559  1.823488E-16
8434.07301773564  1.826994E-16
8439.28656340568  1.791605E-16
8444.50010907573  1.783254E-16
8449.71365474578  1.808660E-16
8454.92720041583  1.828362E-16
8460.14074608588  1.862489E-16
8465.35429175592  1.849254E-16
8470.56783742597  1.839630E-16
8475.78138309602  1.830892E-16
8480.99492876607  1.832587E-16
8486.20847443612  1.853674E-16
8491.42202010616  1.846847E-16
8496.63556577621  1.858784E-16
8501.84911144626  1.847927E-16
8507.06265711631  1.848332E-16
8512.27620278636  1.860977E-16
8517.4897484564  1.844827E-16
8522.70329412645  1.849214E-16
8527.9168397965  1.859067E-16
8533.13038546655  1.869562E-16
8538.3439311366  1.874260E-16
8543.55747680664  1.881392E-16
8548.77102247669  1.872177E-16
8553.98456814674  1.883801E-16
8559.19811381679  1.877511E-16
8564.41165948683  1.862018E-16
8569.62520515688  1.869295E-16
8574.83875082693  1.887610E-16
8580.05229649698  1.910583E-16
8585.26584216703  1.924857E-16
8590.47938783707  1.924664E-16
8595.69293350712  1.907859E-16
8600.90647917717  1.872439E-16
8606.12002484722  1.857405E-16
8611.33357051727  1.866447E-16
8616.54711618731  1.866441E-16
8621.76066185736  1.861865E-16
8626.97420752741  1.852648E-16
8632.18775319746  1.841696E-16
8637.40129886751  1.834501E-16
8642.61484453755  1.833069E-16
8647.8283902076  1.848127E-16
8653.04193587765  1.867313E-16
8658.2554815477  1.862090E-16
8663.46902721775  1.855260E-16
8668.68257288779  1.851908E-16
8673.89611855784  1.833012E-16
8679.10966422789  1.839311E-16
8684.32320989794  1.836782E-16
8689.53675556798  1.840497E-16
8694.75030123803  1.827744E-16
8699.96384690808  1.825007E-16
8705.17739257813  1.823044E-16
8710.39093824818  1.820851E-16
8715.60448391822  1.807964E-16
8720.81802958827  1.815695E-16
8726.03157525832  1.810946E-16
8731.24512092837  1.803342E-16
8736.45866659841  1.795209E-16
8741.67221226847  1.780165E-16
8746.88575793851  1.769163E-16
8752.09930360856  1.754502E-16
8757.31284927861  1.756836E-16
8762.52639494865  1.760972E-16
8767.7399406187  1.769378E-16
8772.95348628875  1.769344E-16
8778.1670319588  1.755068E-16
8783.38057762885  1.752615E-16
8788.5941232989  1.736220E-16
8793.80766896894  1.737287E-16
8799.02121463899  1.739188E-16
8804.23476030904  1.724607E-16
8809.44830597909  1.710216E-16
8814.66185164913  1.699244E-16
8819.87539731918  1.758789E-16
8825.08894298923  1.741031E-16
8830.30248865928  1.740406E-16
8835.51603432933  1.744297E-16
8840.72957999937  1.711243E-16
8845.94312566942  1.699133E-16
8851.15667133947  1.700373E-16
8856.37021700952  1.722076E-16
8861.58376267957  1.734987E-16
8866.79730834961  1.713052E-16
8872.01085401966  1.694977E-16
8877.22439968971  1.752174E-16
8882.43794535976  1.734060E-16
8887.6514910298  1.737140E-16
8892.86503669985  1.740090E-16
8898.0785823699  1.707398E-16
8903.29212803995  1.671735E-16
8908.50567371  1.683505E-16
8913.71921938004  1.703208E-16
8918.93276505009  1.694521E-16
8924.14631072014  1.690115E-16
8929.35985639019  1.645885E-16
8934.57340206023  1.639253E-16
8939.78694773028  1.662674E-16
8945.00049340033  1.629496E-16
8950.21403907038  1.620304E-16
8955.42758474043  1.600136E-16
8960.64113041047  1.574148E-16
8965.85467608052  1.562921E-16
8971.06822175057  1.527685E-16
8976.28176742062  1.546905E-16
8981.49531309067  1.542693E-16
8986.70885876072  1.493177E-16
8991.92240443076  1.478045E-16
8997.13595010081  1.495094E-16
9002.34949577086  1.502835E-16
9007.56304144091  1.495694E-16
9012.77658711095  1.484167E-16
9017.990132781  1.503221E-16
9023.20367845105  1.528277E-16
9028.4172241211  1.548095E-16
9033.63076979115  1.566870E-16
9038.84431546119  1.579086E-16
9044.05786113124  1.607203E-16
9049.27140680129  1.599253E-16
9054.48495247134  1.589074E-16
9059.69849814139  1.564798E-16
9064.91204381143  1.553174E-16
9070.12558948148  1.517482E-16
9075.33913515153  1.482513E-16
9080.55268082158  1.483423E-16
9085.76622649163  1.499152E-16
9090.97977216167  1.502843E-16
9096.19331783172  1.500647E-16
9101.40686350177  1.505685E-16
9106.62040917182  1.516305E-16
9111.83395484187  1.520079E-16
9117.04750051191  1.516350E-16
9122.26104618196  1.518206E-16
9127.47459185201  1.507905E-16
9132.68813752206  1.481724E-16
9137.9016831921  1.460487E-16
9143.11522886215  1.471849E-16
9148.3287745322  1.500960E-16
9153.54232020225  1.496624E-16
9158.7558658723  1.487238E-16
9163.96941154235  1.489152E-16
9169.18295721239  1.498770E-16
9174.39650288244  1.484775E-16
9179.61004855249  1.485874E-16
9184.82359422253  1.502230E-16
9190.03713989259  1.524693E-16
9195.25068556263  1.540411E-16
9200.46423123268  1.562704E-16
9205.67777690273  1.563853E-16
9210.89132257278  1.545483E-16
9216.10486824282  1.537284E-16
9221.31841391287  1.541356E-16
9226.53195958292  1.554845E-16
9231.74550525297  1.560655E-16
9236.95905092302  1.543959E-16
9242.17259659306  1.536408E-16
9247.38614226311  1.546812E-16
9252.59968793316  1.547018E-16
9257.81323360321  1.552844E-16
9263.02677927325  1.560678E-16
9268.2403249433  1.542513E-16
9273.45387061335  1.510942E-16
9278.6674162834  1.477715E-16
9283.88096195345  1.468144E-16
9289.09450762349  1.467317E-16
9294.30805329354  1.444899E-16
9299.52159896359  1.449586E-16
9304.73514463364  1.449933E-16
9309.94869030369  1.438859E-16
9315.16223597373  1.435964E-16
9320.37578164378  1.429280E-16
9325.58932731383  1.347337E-16
9330.80287298388  1.402741E-16
9336.01641865392  1.348839E-16
9341.22996432397  1.445022E-16
9346.44350999402  1.479442E-16
9351.65705566407  1.512663E-16
9356.87060133412  1.495862E-16
9362.08414700417  1.362631E-16
9367.29769267421  1.459382E-16
9372.51123834426  1.438670E-16
9377.72478401431  1.436528E-16
9382.93832968435  1.471670E-16
9388.1518753544  1.460763E-16
9393.36542102445  1.497892E-16
9398.5789666945  1.549131E-16
9403.79251236455  1.544993E-16
9409.0060580346  1.519361E-16
9414.21960370464  1.475778E-16
9419.43314937469  1.450856E-16
9424.64669504474  1.414812E-16
9429.86024071479  1.421136E-16
9435.07378638484  1.451042E-16
9440.28733205488  1.434512E-16
9445.50087772493  1.473583E-16
9450.71442339498  1.521779E-16
9455.92796906503  1.500375E-16
9461.14151473508  1.452986E-16
9466.35506040512  1.475282E-16
9471.56860607517  1.460436E-16
9476.78215174522  1.437384E-16
9481.99569741527  1.413685E-16
9487.20924308531  1.410563E-16
9492.42278875536  1.406087E-16
9497.63633442541  1.432430E-16
9502.84988009546  1.450518E-16
9508.06342576551  1.532573E-16
9513.27697143556  1.518732E-16
9518.4905171056  1.366105E-16
9523.70406277565  1.407156E-16
9528.9176084457  1.385528E-16
9534.13115411574  1.409843E-16
9539.34469978579  1.436326E-16
9544.55824545584  1.496719E-16
9549.77179112589  1.408218E-16
9554.98533679594  1.364284E-16
9560.19888246599  1.388344E-16
9565.41242813603  1.436848E-16
9570.62597380608  1.504829E-16
9575.83951947613  1.462809E-16
9581.05306514618  1.406223E-16
9586.26661081622  1.366831E-16
9591.48015648627  1.346732E-16
9596.69370215632  1.429028E-16
9601.90724782637  1.510950E-16
9607.12079349642  1.505067E-16
9612.33433916646  1.503607E-16
9617.54788483651  1.508564E-16
9622.76143050656  1.461079E-16
9627.97497617661  1.417700E-16
9633.18852184666  1.367511E-16
9638.4020675167  1.377753E-16
9643.61561318675  1.331547E-16
9648.8291588568  1.315680E-16
9654.04270452685  1.318483E-16
9659.2562501969  1.333502E-16
9664.46979586694  1.313754E-16
9669.68334153699  1.283112E-16
9674.89688720704  1.261656E-16
9680.11043287709  1.224401E-16
9685.32397854714  1.264364E-16
9690.53752421718  1.316205E-16
9695.75106988723  1.246064E-16
9700.96461555728  1.254807E-16
9706.17816122733  1.244139E-16
9711.39170689737  1.288583E-16
9716.60525256742  1.220079E-16
9721.81879823747  1.224080E-16
9727.03234390752  1.232231E-16
9732.24588957757  1.133002E-16
9737.45943524761  1.122274E-16
9742.67298091766  1.142524E-16
9747.88652658771  1.119810E-16
9753.10007225776  1.092888E-16
9758.3136179278  1.073648E-16
9763.52716359785  1.086735E-16
9768.7407092679  1.086602E-16
9773.95425493795  1.024086E-16
9779.167800608  1.013332E-16
9784.38134627804  1.062496E-16
9789.59489194809  1.032133E-16
9794.80843761814  1.042518E-16
9800.02198328819  1.059116E-16
9805.23552895824  1.067478E-16
9810.44907462828  1.012904E-16
9815.66262029833  1.041624E-16
9820.87616596838  1.062222E-16
9826.08971163843  1.014175E-16
9831.30325730848  9.830037E-17
9836.51680297852  9.725546E-17
9841.73034864857  1.010624E-16
9846.94389431862  1.009161E-16
9852.15743998867  9.922931E-17
9857.37098565872  9.153346E-17
9862.58453132876  1.000963E-16
9867.79807699881  9.531290E-17
9873.01162266886  1.030760E-16
9878.22516833891  1.017387E-16
9883.43871400896  9.225803E-17
9888.652259679  9.066612E-17
9893.86580534905  9.469292E-17
9899.0793510191  8.667144E-17
9904.29289668915  8.902889E-17
9909.50644235919  1.015385E-16
9914.71998802924  9.559116E-17
9919.93353369929  9.326685E-17
9925.14707936934  8.774596E-17
9930.36062503939  7.770939E-17
9935.57417070944  9.531126E-17
9940.78771637948  1.010942E-16
9946.00126204953  9.352757E-17
9951.21480771958  1.009498E-16
9956.42835338963  8.973924E-17
9961.64189905968  8.569770E-17
9966.85544472972  9.244592E-17
9972.06899039977  8.340289E-17
9977.28253606982  8.458283E-17
9982.49608173987  8.528128E-17
9987.70962740991  8.577380E-17
9992.92317307996  9.004832E-17
9998.13671875001  7.556704E-17
