5400.  5.084874E-17
5401.79827969178  5.397371E-17
5403.59655938356  5.737094E-17
5405.39483907533  5.534167E-17
5407.19311876711  5.431233E-17
5408.99139845889  5.538690E-17
5410.78967815067  5.710372E-17
5412.58795784244  6.264701E-17
5414.38623753422  6.017814E-17
5416.184517226  5.732951E-17
5417.98279691778  6.424697E-17
5419.78107660955  6.382070E-17
5421.57935630133  6.022817E-17
5423.37763599311  6.729904E-17
5425.17591568488  6.777107E-17
5426.97419537666  6.129058E-17
5428.77247506844  6.679159E-17
5430.57075476022  6.881215E-17
5432.36903445199  6.689588E-17
5434.16731414377  7.214955E-17
5435.96559383555  6.947509E-17
5437.76387352733  6.384518E-17
5439.56215321911  6.320155E-17
5441.36043291088  6.483592E-17
5443.15871260266  6.620850E-17
5444.95699229444  6.877553E-17
5446.75527198621  7.433214E-17
5448.55355167799  8.144976E-17
5450.35183136977  8.371750E-17
5452.15011106155  7.998797E-17
5453.94839075333  7.973833E-17
5455.7466704451  8.373803E-17
5457.54495013688  8.151472E-17
5459.34322982866  7.185538E-17
5461.14150952044  7.018248E-17
5462.93978921221  7.098163E-17
5464.73806890399  7.750657E-17
5466.53634859577  7.860376E-17
5468.33462828755  7.855538E-17
5470.13290797932  7.670127E-17
5471.9311876711  7.126556E-17
5473.72946736288  7.385088E-17
5475.52774705465  7.671924E-17
5477.32602674643  7.964684E-17
5479.12430643821  8.376780E-17
5480.92258612999  8.182567E-17
5482.72086582177  8.585155E-17
5484.51914551354  8.524931E-17
5486.31742520532  1.248232E-16
5488.1157048971  3.740315E-16
5489.91398458888  8.319628E-16
5491.71226428065  1.186209E-15
5493.51054397243  1.378382E-15
5495.30882366421  1.161643E-15
5497.10710335599  1.083031E-15
5498.90538304776  7.531418E-16
5500.70366273954  2.668210E-16
5502.50194243132  8.364329E-17
5504.3002221231  8.148706E-17
5506.09850181487  8.177795E-17
5507.89678150665  8.065456E-17
5509.69506119843  7.550529E-17
5511.49334089021  7.418801E-17
5513.29162058198  8.114916E-17
5515.08990027376  7.702472E-17
5516.88817996554  7.947637E-17
5518.68645965732  8.613354E-17
5520.48473934909  8.339405E-17
5522.28301904087  8.349114E-17
5524.08129873265  8.868375E-17
5525.87957842442  8.752232E-17
5527.6778581162  8.723143E-17
5529.47613780798  8.594385E-17
5531.27441749976  8.801560E-17
5533.07269719154  8.677901E-17
5534.87097688331  9.208022E-17
5536.66925657509  9.879171E-17
5538.46753626687  1.734683E-16
5540.26581595865  7.235631E-16
5542.06409565042  1.870009E-15
5543.8623753422  3.118046E-15
5545.66065503398  3.694258E-15
5547.45893472576  3.624894E-15
5549.25721441753  3.226397E-15
5551.05549410931  2.365779E-15
5552.85377380109  9.970588E-16
5554.65205349287  1.706403E-16
5556.45033318464  9.731796E-17
5558.24861287642  9.452010E-17
5560.0468925682  9.210599E-17
5561.84517225998  8.447471E-17
5563.64345195175  7.861858E-17
5565.44173164353  7.313882E-17
5567.24001133531  7.188188E-17
5569.03829102709  7.391687E-17
5570.83657071886  7.208512E-17
5572.63485041064  7.548718E-17
5574.43313010242  7.349527E-17
5576.2314097942  7.493251E-17
5578.02968948597  5.872131E-17
5579.82796917775  5.909227E-17
5581.62624886953  7.043862E-17
5583.42452856131  7.738865E-17
5585.22280825308  6.736297E-17
5587.02108794486  6.596288E-17
5588.81936763664  6.592748E-17
5590.61764732842  6.864970E-17
5592.41592702019  6.976376E-17
5594.21420671197  6.595808E-17
5596.01248640375  6.625315E-17
5597.81076609553  6.711674E-17
5599.6090457873  6.885325E-17
5601.40732547908  6.805641E-17
5603.20560517086  6.568858E-17
5605.00388486264  6.626287E-17
5606.80216455441  7.069099E-17
5608.60044424619  6.824404E-17
5610.39872393797  5.944379E-17
5612.19700362975  5.897884E-17
5613.99528332152  6.737074E-17
5615.7935630133  7.059801E-17
5617.59184270508  6.593986E-17
5619.39012239686  6.510287E-17
5621.18840208863  6.943226E-17
5622.98668178041  7.034811E-17
5624.78496147219  6.518731E-17
5626.58324116397  6.367657E-17
5628.38152085574  7.095115E-17
5630.17980054752  7.068776E-17
5631.9780802393  6.763668E-17
5633.77635993107  6.463783E-17
5635.57463962285  6.468439E-17
5637.37291931463  6.808344E-17
5639.17119900641  6.908104E-17
5640.96947869819  6.807612E-17
5642.76775838996  6.756404E-17
5644.56603808174  6.568737E-17
5646.36431777352  6.085867E-17
5648.1625974653  6.673879E-17
5649.96087715707  7.049677E-17
5651.75915684885  6.656706E-17
5653.55743654063  6.381384E-17
5655.35571623241  6.691861E-17
5657.15399592418  7.028437E-17
5658.95227561596  7.074133E-17
5660.75055530774  6.817867E-17
5662.54883499952  6.870168E-17
5664.34711469129  6.950652E-17
5666.14539438307  6.736157E-17
5667.94367407485  6.583907E-17
5669.74195376663  6.396599E-17
5671.5402334584  6.206654E-17
5673.33851315018  6.682099E-17
5675.13679284196  7.189867E-17
5676.93507253374  6.918360E-17
5678.73335222551  6.726649E-17
5680.53163191729  6.900313E-17
5682.32991160907  7.228672E-17
5684.12819130085  7.112393E-17
5685.92647099262  6.792075E-17
5687.7247506844  7.443883E-17
5689.52303037618  7.616723E-17
5691.32131006796  7.193132E-17
5693.11958975973  7.241683E-17
5694.91786945151  7.170720E-17
5696.71614914329  7.017031E-17
5698.51442883507  6.883372E-17
5700.31270852684  6.905065E-17
5702.11098821862  7.068131E-17
5703.9092679104  7.339683E-17
5705.70754760218  7.297244E-17
5707.50582729395  7.200523E-17
5709.30410698573  7.255864E-17
5711.10238667751  7.442118E-17
5712.90066636929  8.097857E-17
5714.69894606106  8.214304E-17
5716.49722575284  7.819954E-17
5718.29550544462  7.260148E-17
5720.09378513639  7.652490E-17
5721.89206482817  7.846867E-17
5723.69034451995  7.410764E-17
5725.48862421173  7.247443E-17
5727.28690390351  7.529666E-17
5729.08518359528  7.760699E-17
5730.88346328706  7.448819E-17
5732.68174297884  7.109134E-17
5734.48002267062  7.296702E-17
5736.27830236239  7.254102E-17
5738.07658205417  7.056684E-17
5739.87486174595  7.131872E-17
5741.67314143773  7.165746E-17
5743.4714211295  7.464949E-17
5745.26970082128  7.681549E-17
5747.06798051306  7.412676E-17
5748.86626020484  7.097010E-17
5750.66453989661  7.269247E-17
5752.46281958839  7.711246E-17
5754.26109928017  7.867589E-17
5756.05937897195  7.697172E-17
5757.85765866372  7.846218E-17
5759.6559383555  8.221617E-17
5761.45421804728  7.609545E-17
5763.25249773906  7.409714E-17
5765.05077743083  7.893568E-17
5766.84905712261  7.695414E-17
5768.64733681439  7.568907E-17
5770.44561650617  7.440687E-17
5772.24389619794  7.440018E-17
5774.04217588972  7.469681E-17
5775.8404555815  7.531124E-17
5777.63873527328  7.613012E-17
5779.43701496505  7.355383E-17
5781.23529465683  7.476431E-17
5783.03357434861  7.685794E-17
5784.83185404039  7.564829E-17
5786.63013373216  7.375463E-17
5788.42841342394  7.582515E-17
5790.22669311572  7.958397E-17
5792.02497280749  7.824243E-17
5793.82325249927  7.869978E-17
5795.62153219105  7.891896E-17
5797.41981188283  7.467750E-17
5799.21809157461  7.645380E-17
5801.01637126638  7.916956E-17
5802.81465095816  7.692696E-17
5804.61293064994  7.501454E-17
5806.41121034172  7.825868E-17
5808.20949003349  7.742438E-17
5810.00776972527  7.296399E-17
5811.80604941705  7.481485E-17
5813.60432910883  7.686193E-17
5815.4026088006  7.439318E-17
5817.20088849238  7.531838E-17
5818.99916818416  7.585639E-17
5820.79744787594  7.124016E-17
5822.59572756771  7.460553E-17
5824.39400725949  8.083320E-17
5826.19228695127  7.972847E-17
5827.99056664305  8.139568E-17
5829.78884633482  7.811312E-17
5831.5871260266  7.889364E-17
5833.38540571838  8.285768E-17
5835.18368541016  8.747142E-17
5836.98196510193  8.386935E-17
5838.78024479371  8.308139E-17
5840.57852448549  8.284170E-17
5842.37680417727  7.831818E-17
5844.17508386904  7.808355E-17
5845.97336356082  7.784015E-17
5847.7716432526  7.658057E-17
5849.56992294438  8.254354E-17
5851.36820263615  8.091460E-17
5853.16648232793  7.534037E-17
5854.96476201971  7.563272E-17
5856.76304171149  7.683336E-17
5858.56132140326  7.790625E-17
5860.35960109504  7.288582E-17
5862.15788078682  7.334813E-17
5863.9561604786  7.678610E-17
5865.75444017037  7.401986E-17
5867.55271986215  7.587934E-17
5869.35099955393  7.467945E-17
5871.14927924571  7.642720E-17
5872.94755893748  7.611906E-17
5874.74583862926  7.209702E-17
5876.54411832104  7.492398E-17
5878.34239801282  7.789388E-17
5880.14067770459  7.429968E-17
5881.93895739637  7.807921E-17
5883.73723708815  7.379035E-17
5885.53551677993  7.301977E-17
5887.3337964717  7.244889E-17
5889.13207616348  7.053229E-17
5890.93035585526  7.463283E-17
5892.72863554703  7.458099E-17
5894.52691523881  7.316768E-17
5896.32519493059  7.087447E-17
5898.12347462237  7.127196E-17
5899.92175431415  6.663179E-17
5901.72003400592  7.394621E-17
5903.5183136977  7.744232E-17
5905.31659338948  7.503787E-17
5907.11487308126  7.105114E-17
5908.91315277303  7.241923E-17
5910.71143246481  7.333137E-17
5912.50971215659  6.905794E-17
5914.30799184837  7.106344E-17
5916.10627154014  7.269545E-17
5917.90455123192  7.002406E-17
5919.7028309237  7.515349E-17
5921.50111061548  7.474804E-17
5923.29939030725  6.983195E-17
5925.09766999903  7.350998E-17
5926.89594969081  7.318768E-17
5928.69422938259  7.367734E-17
5930.49250907436  7.380149E-17
5932.29078876614  7.407981E-17
5934.08906845792  7.279496E-17
5935.8873481497  7.043753E-17
5937.68562784147  7.177759E-17
5939.48390753325  7.343848E-17
5941.28218722503  7.344845E-17
5943.08046691681  6.872224E-17
5944.87874660858  6.952650E-17
5946.67702630036  7.321151E-17
5948.47530599214  7.139854E-17
5950.27358568392  6.925609E-17
5952.07186537569  7.131063E-17
5953.87014506747  7.115348E-17
5955.66842475925  6.573177E-17
5957.46670445103  6.672180E-17
5959.2649841428  6.945076E-17
5961.06326383458  6.849349E-17
5962.86154352636  6.662357E-17
5964.65982321814  6.843304E-17
5966.45810290991  6.843045E-17
5968.25638260169  6.935843E-17
5970.05466229347  6.721227E-17
5971.85294198525  6.840671E-17
5973.65122167702  7.046554E-17
5975.4495013688  7.008411E-17
5977.24778106058  6.826307E-17
5979.04606075235  6.886744E-17
5980.84434044413  6.929770E-17
5982.64262013591  6.749251E-17
5984.44089982769  6.644888E-17
5986.23917951947  6.382366E-17
5988.03745921124  6.617790E-17
5989.83573890302  6.927427E-17
5991.6340185948  6.879165E-17
5993.43229828658  6.714986E-17
5995.23057797835  6.366364E-17
5997.02885767013  6.575283E-17
5998.82713736191  6.925814E-17
6000.62541705369  6.887062E-17
6002.42369674546  6.654119E-17
6004.22197643724  6.590468E-17
6006.02025612902  7.141325E-17
6007.8185358208  7.087207E-17
6009.61681551257  6.619240E-17
6011.41509520435  6.456070E-17
6013.21337489613  6.525543E-17
6015.01165458791  6.401123E-17
6016.80993427968  6.629178E-17
6018.60821397146  6.566461E-17
6020.40649366324  6.636046E-17
6022.20477335502  6.844824E-17
6024.00305304679  6.465767E-17
6025.80133273857  6.586874E-17
6027.59961243035  6.586923E-17
6029.39789212213  6.487813E-17
6031.1961718139  6.380527E-17
6032.99445150568  6.233574E-17
6034.79273119746  6.254109E-17
6036.59101088924  6.508331E-17
6038.38929058102  6.667609E-17
6040.18757027279  6.441578E-17
6041.98584996457  6.152928E-17
6043.78412965635  5.926550E-17
6045.58240934812  6.146380E-17
6047.3806890399  6.457040E-17
6049.17896873168  6.283022E-17
6050.97724842346  6.242301E-17
6052.77552811523  6.359357E-17
6054.57380780701  6.571237E-17
6056.37208749879  6.735572E-17
6058.17036719057  6.529474E-17
6059.96864688234  6.250562E-17
6061.76692657412  6.424021E-17
6063.5652062659  6.295866E-17
6065.36348595768  6.158933E-17
6067.16176564945  5.930027E-17
6068.96004534123  6.172072E-17
6070.75832503301  6.300808E-17
6072.55660472479  6.135954E-17
6074.35488441656  6.106566E-17
6076.15316410834  6.147363E-17
6077.95144380012  6.248297E-17
6079.7497234919  6.304216E-17
6081.54800318367  6.324998E-17
6083.34628287545  6.295801E-17
6085.14456256723  6.257725E-17
6086.94284225901  6.004993E-17
6088.74112195078  5.863476E-17
6090.53940164256  6.043979E-17
6092.33768133434  6.322720E-17
6094.13596102612  6.475509E-17
6095.93424071789  6.547178E-17
6097.73252040967  6.441425E-17
6099.53080010145  6.815998E-17
6101.32907979323  6.612116E-17
6103.127359485  6.460500E-17
6104.92563917678  6.657740E-17
6106.72391886856  6.744483E-17
6108.52219856034  6.591031E-17
6110.32047825211  6.789093E-17
6112.11875794389  7.085673E-17
6113.91703763567  6.669773E-17
6115.71531732745  6.202484E-17
6117.51359701922  6.321180E-17
6119.311876711  6.559641E-17
6121.11015640278  6.481871E-17
6122.90843609456  6.524269E-17
6124.70671578633  6.829410E-17
6126.50499547811  6.578816E-17
6128.30327516989  6.039356E-17
6130.10155486167  6.422617E-17
6131.89983455344  6.362197E-17
6133.69811424522  6.278887E-17
6135.496393937  6.552959E-17
6137.29467362878  6.554577E-17
6139.09295332055  6.402991E-17
6140.89123301233  6.035404E-17
6142.68951270411  5.929069E-17
6144.48779239589  6.258605E-17
6146.28607208766  6.379180E-17
6148.08435177944  6.499215E-17
6149.88263147122  6.287659E-17
6151.680911163  5.908071E-17
6153.47919085477  6.000318E-17
6155.27747054655  6.141377E-17
6157.07575023833  6.091013E-17
6158.87402993011  6.352688E-17
6160.67230962188  6.057542E-17
6162.47058931366  5.968029E-17
6164.26886900544  6.028283E-17
6166.06714869722  6.049221E-17
6167.86542838899  5.940421E-17
6169.66370808077  5.951417E-17
6171.46198777255  5.880919E-17
6173.26026746433  5.691013E-17
6175.0585471561  5.798884E-17
6176.85682684788  5.819631E-17
6178.65510653966  5.631000E-17
6180.45338623144  5.770953E-17
6182.25166592321  5.978121E-17
6184.04994561499  5.851973E-17
6185.84822530677  5.727489E-17
6187.64650499855  5.772708E-17
6189.44478469032  5.653627E-17
6191.2430643821  5.746429E-17
6193.04134407388  5.739608E-17
6194.83962376566  5.728081E-17
6196.63790345743  5.670747E-17
6198.43618314921  5.860651E-17
6200.23446284099  5.941308E-17
6202.03274253277  5.671225E-17
6203.83102222454  5.559302E-17
6205.62930191632  5.605579E-17
6207.4275816081  5.636165E-17
6209.22586129988  5.291454E-17
6211.02414099165  5.460858E-17
6212.82242068343  5.808916E-17
6214.62070037521  5.782695E-17
6216.41898006699  5.528964E-17
6218.21725975876  5.414026E-17
6220.01553945054  5.260725E-17
6221.81381914232  5.324872E-17
6223.6120988341  5.360789E-17
6225.41037852587  5.382935E-17
6227.20865821765  5.131666E-17
6229.00693790943  5.074808E-17
6230.80521760121  5.311394E-17
6232.60349729298  5.110544E-17
6234.40177698476  5.367881E-17
6236.20005667654  5.559789E-17
6237.99833636832  5.385350E-17
6239.79661606009  5.163902E-17
6241.59489575187  5.107688E-17
6243.39317544365  5.458435E-17
6245.19145513542  5.287463E-17
6246.9897348272  5.401978E-17
6248.78801451898  5.445743E-17
6250.58629421076  5.371276E-17
6252.38457390254  5.299352E-17
6254.18285359431  5.433783E-17
6255.98113328609  5.505792E-17
6257.77941297787  5.318330E-17
6259.57769266965  5.210794E-17
6261.37597236142  5.164824E-17
6263.1742520532  5.182475E-17
6264.97253174498  5.195965E-17
6266.77081143676  5.113706E-17
6268.56909112853  4.914596E-17
6270.36737082031  5.004685E-17
6272.16565051209  5.066504E-17
6273.96393020387  4.758681E-17
6275.76220989564  4.843971E-17
6277.56048958742  5.125082E-17
6279.3587692792  4.768987E-17
6281.15704897098  5.032816E-17
6282.95532866275  4.998175E-17
6284.75360835453  4.992563E-17
6286.55188804631  5.283594E-17
6288.35016773809  5.062945E-17
6290.14844742986  4.607106E-17
6291.94672712164  4.521132E-17
6293.74500681342  4.919019E-17
6295.5432865052  4.678523E-17
6297.34156619698  4.604126E-17
6299.13984588875  4.733472E-17
6300.93812558053  4.574632E-17
6302.73640527231  4.502432E-17
6304.53468496408  4.998430E-17
6306.33296465586  4.999991E-17
6308.13124434764  4.485285E-17
6309.92952403942  4.420010E-17
6311.7278037312  4.689999E-17
6313.52608342297  4.686175E-17
6315.32436311475  4.567087E-17
6317.12264280653  4.543595E-17
6318.9209224983  4.280316E-17
6320.71920219008  4.289492E-17
6322.51748188186  4.388201E-17
6324.31576157364  4.398476E-17
6326.11404126541  4.411317E-17
6327.91232095719  4.419145E-17
6329.71060064897  4.304512E-17
6331.50888034075  4.199375E-17
6333.30716003252  4.236543E-17
6335.1054397243  4.088508E-17
6336.90371941608  3.959240E-17
6338.70199910786  4.197862E-17
6340.50027879963  4.411379E-17
6342.29855849141  4.521053E-17
6344.09683818319  4.313192E-17
6345.89511787497  4.392760E-17
6347.69339756674  4.246026E-17
6349.49167725852  4.414422E-17
6351.2899569503  4.675128E-17
6353.08823664208  4.629592E-17
6354.88651633385  4.209034E-17
6356.68479602563  4.156656E-17
6358.48307571741  4.433809E-17
6360.28135540919  4.324436E-17
6362.07963510097  3.784375E-17
6363.87791479274  3.974742E-17
6365.67619448452  4.327009E-17
6367.4744741763  4.452685E-17
6369.27275386807  4.318781E-17
6371.07103355985  4.409819E-17
6372.86931325163  4.488748E-17
6374.66759294341  4.465750E-17
6376.46587263518  4.257004E-17
6378.26415232696  3.945079E-17
6380.06243201874  3.705959E-17
6381.86071171052  4.330824E-17
6383.65899140229  4.459002E-17
6385.45727109407  4.118665E-17
6387.25555078585  4.274312E-17
6389.05383047763  4.318924E-17
6390.8521101694  4.494815E-17
6392.65038986118  4.473121E-17
6394.44866955296  3.961128E-17
6396.24694924474  3.893259E-17
6398.04522893652  4.001222E-17
6399.84350862829  4.394843E-17
6401.64178832007  4.431925E-17
6403.44006801185  4.312587E-17
6405.23834770362  4.260183E-17
6407.0366273954  4.130280E-17
6408.83490708718  4.120303E-17
6410.63318677896  4.498567E-17
6412.43146647073  4.357446E-17
6414.22974616251  4.315616E-17
6416.02802585429  4.276323E-17
6417.82630554607  4.144294E-17
6419.62458523784  4.228339E-17
6421.42286492962  4.154796E-17
6423.2211446214  3.955483E-17
6425.01942431318  4.160058E-17
6426.81770400496  4.394763E-17
6428.61598369673  4.034654E-17
6430.41426338851  4.169921E-17
6432.21254308029  4.349321E-17
6434.01082277206  4.220909E-17
6435.80910246384  4.273702E-17
6437.60738215562  4.193542E-17
6439.4056618474  4.149084E-17
6441.20394153917  4.343870E-17
6443.00222123095  4.527132E-17
6444.80050092273  4.415589E-17
6446.59878061451  4.376379E-17
6448.39706030628  4.339171E-17
6450.19533999806  4.437756E-17
6451.99361968984  4.246967E-17
6453.79189938162  4.293474E-17
6455.59017907339  4.356404E-17
6457.38845876517  4.095525E-17
6459.18673845695  4.436421E-17
6460.98501814873  4.527547E-17
6462.7832978405  3.944945E-17
6464.58157753228  4.429887E-17
6466.37985722406  5.088961E-17
6468.17813691584  4.934960E-17
6469.97641660761  4.674024E-17
6471.77469629939  4.596714E-17
6473.57297599117  4.401528E-17
6475.37125568295  4.244402E-17
6477.16953537472  4.726391E-17
6478.9678150665  4.994138E-17
6480.76609475828  4.844523E-17
6482.56437445006  4.739798E-17
6484.36265414184  4.498203E-17
6486.16093383361  4.447449E-17
6487.95921352539  4.465575E-17
6489.75749321717  4.649522E-17
6491.55577290894  4.753933E-17
6493.35405260072  4.576663E-17
6495.1523322925  4.789651E-17
6496.95061198428  5.278156E-17
6498.74889167605  6.302305E-17
6500.54717136783  9.240560E-17
6502.34545105961  1.182628E-16
6504.14373075139  1.297484E-16
6505.94201044316  1.207259E-16
6507.74029013494  1.028232E-16
6509.53856982672  9.424315E-17
6511.3368495185  6.722358E-17
6513.13512921027  5.109140E-17
6514.93340890205  4.841880E-17
6516.73168859383  4.943977E-17
6518.52996828561  4.928598E-17
6520.32824797738  4.799385E-17
6522.12652766916  4.692982E-17
6523.92480736094  4.809441E-17
6525.72308705272  4.804387E-17
6527.52136674449  4.673879E-17
6529.31964643627  5.051419E-17
6531.11792612805  5.188327E-17
6532.91620581983  4.657254E-17
6534.71448551161  4.499577E-17
6536.51276520338  4.934154E-17
6538.31104489516  4.845542E-17
6540.10932458694  4.754410E-17
6541.90760427871  4.884865E-17
6543.70588397049  4.849250E-17
6545.50416366227  4.705002E-17
6547.30244335405  4.885832E-17
6549.10072304582  4.660371E-17
6550.8990027376  4.408828E-17
6552.69728242938  4.504666E-17
6554.49556212116  4.458592E-17
6556.29384181293  4.484019E-17
6558.09212150471  4.530013E-17
6559.89040119649  4.523882E-17
6561.68868088827  4.598620E-17
6563.48696058005  4.660838E-17
6565.28524027182  4.563631E-17
6567.0835199636  4.458895E-17
6568.88179965538  4.608164E-17
6570.68007934715  4.518243E-17
6572.47835903893  4.500546E-17
6574.27663873071  4.504620E-17
6576.07491842249  4.829841E-17
6577.87319811426  4.632195E-17
6579.67147780604  4.910093E-17
6581.46975749782  4.848717E-17
6583.2680371896  4.707873E-17
6585.06631688137  4.689117E-17
6586.86459657315  4.712245E-17
6588.66287626493  4.717507E-17
6590.46115595671  4.662743E-17
6592.25943564849  4.734097E-17
6594.05771534026  4.740898E-17
6595.85599503204  4.770214E-17
6597.65427472382  4.700088E-17
6599.45255441559  4.746400E-17
6601.25083410737  4.658490E-17
6603.04911379915  4.687891E-17
6604.84739349093  4.745640E-17
6606.64567318271  4.774052E-17
6608.44395287448  4.784304E-17
6610.24223256626  4.642665E-17
6612.04051225804  4.388073E-17
6613.83879194981  4.507520E-17
6615.63707164159  4.756748E-17
6617.43535133337  4.680817E-17
6619.23363102515  4.941809E-17
6621.03191071692  4.885621E-17
6622.8301904087  4.683459E-17
6624.62847010048  4.831958E-17
6626.42674979226  4.611940E-17
6628.22502948403  4.807949E-17
6630.02330917581  4.653142E-17
6631.82158886759  4.659424E-17
6633.61986855937  4.617717E-17
6635.41814825115  4.822082E-17
6637.21642794292  4.820257E-17
6639.0147076347  4.485170E-17
6640.81298732648  4.711007E-17
6642.61126701825  4.638176E-17
6644.40954671003  4.411233E-17
6646.20782640181  4.500756E-17
6648.00610609359  4.423308E-17
6649.80438578536  4.448735E-17
6651.60266547714  4.230013E-17
6653.40094516892  4.526055E-17
6655.1992248607  4.715538E-17
6656.99750455248  4.266475E-17
6658.79578424425  4.300897E-17
6660.59406393603  4.538092E-17
6662.39234362781  4.300296E-17
6664.19062331958  4.397718E-17
6665.98890301136  4.576762E-17
6667.78718270314  4.498203E-17
6669.58546239492  4.568010E-17
6671.38374208669  4.525871E-17
6673.18202177847  4.480442E-17
6674.98030147025  4.403688E-17
6676.77858116203  4.407600E-17
6678.57686085381  4.580369E-17
6680.37514054558  4.572975E-17
6682.17342023736  4.524225E-17
6683.97169992914  4.451679E-17
6685.76997962092  4.411918E-17
6687.56825931269  4.396999E-17
6689.36653900447  4.501552E-17
6691.16481869625  4.496321E-17
6692.96309838803  4.690935E-17
6694.7613780798  4.470701E-17
6696.55965777158  4.322480E-17
6698.35793746336  4.629949E-17
6700.15621715513  4.657910E-17
6701.95449684691  4.606985E-17
6703.75277653869  4.570744E-17
6705.55105623047  4.313778E-17
6707.34933592224  4.622863E-17
6709.14761561402  4.641879E-17
6710.9458953058  4.610650E-17
6712.74417499758  4.723764E-17
6714.54245468935  4.560166E-17
6716.34073438113  4.457875E-17
6718.13901407291  4.573043E-17
6719.93729376469  4.724622E-17
6721.73557345647  4.732802E-17
6723.53385314824  4.496696E-17
6725.33213284002  4.392851E-17
6727.1304125318  4.494353E-17
6728.92869222357  4.500148E-17
6730.72697191535  4.595915E-17
6732.52525160713  4.934839E-17
6734.32353129891  4.943214E-17
6736.12181099068  4.664037E-17
6737.92009068246  4.658436E-17
6739.71837037424  4.617519E-17
6741.51665006602  4.639418E-17
6743.3149297578  4.640748E-17
6745.11320944957  4.618915E-17
6746.91148914135  4.472669E-17
6748.70976883313  4.642607E-17
6750.50804852491  4.591597E-17
6752.30632821668  4.594691E-17
6754.10460790846  4.686552E-17
6755.90288760024  4.694209E-17
6757.70116729201  4.941977E-17
6759.49944698379  4.936199E-17
6761.29772667557  5.020272E-17
6763.09600636735  4.829639E-17
6764.89428605912  4.842268E-17
6766.6925657509  4.803696E-17
6768.49084544268  4.485310E-17
6770.28912513446  4.594375E-17
6772.08740482624  5.050703E-17
6773.88568451801  4.966079E-17
6775.68396420979  4.864934E-17
6777.48224390157  4.984661E-17
6779.28052359335  4.892075E-17
6781.07880328512  4.997981E-17
6782.8770829769  5.009737E-17
6784.67536266868  4.982404E-17
6786.47364236045  5.156481E-17
6788.27192205223  4.986218E-17
6790.07020174401  5.086400E-17
6791.86848143579  5.288370E-17
6793.66676112756  5.021213E-17
6795.46504081934  5.046903E-17
6797.26332051112  5.022094E-17
6799.0616002029  5.291800E-17
6800.85987989467  4.917677E-17
6802.65815958645  4.918747E-17
6804.45643927823  4.924062E-17
6806.25471897001  5.182284E-17
6808.05299866178  5.099322E-17
6809.85127835356  5.136753E-17
6811.64955804534  5.089924E-17
6813.44783773712  5.061787E-17
6815.2461174289  5.152844E-17
6817.04439712067  5.213029E-17
6818.84267681245  5.270764E-17
6820.64095650423  5.271405E-17
6822.439236196  5.411739E-17
6824.23751588778  5.370903E-17
6826.03579557956  5.185974E-17
6827.83407527134  5.559708E-17
6829.63235496312  5.390918E-17
6831.43063465489  5.288121E-17
6833.22891434667  5.459139E-17
6835.02719403845  5.285338E-17
6836.82547373022  4.939709E-17
6838.623753422  5.400370E-17
6840.42203311378  5.341988E-17
6842.22031280556  5.126406E-17
6844.01859249734  5.257148E-17
6845.81687218911  5.583658E-17
6847.61515188089  5.519295E-17
6849.41343157267  5.387524E-17
6851.21171126445  5.250793E-17
6853.00999095622  5.046068E-17
6854.808270648  4.927915E-17
6856.60655033978  5.023878E-17
6858.40483003156  5.121740E-17
6860.20310972333  4.866551E-17
6862.00138941511  4.810538E-17
6863.79966910689  4.981262E-17
6865.59794879866  4.546845E-17
6867.39622849044  4.224462E-17
6869.19450818222  3.927359E-17
6870.992787874  4.130766E-17
6872.79106756577  4.124599E-17
6874.58934725755  4.112348E-17
6876.38762694933  4.167721E-17
6878.18590664111  4.385067E-17
6879.98418633289  4.783210E-17
6881.78246602466  4.684190E-17
6883.58074571644  4.746329E-17
6885.37902540822  4.903890E-17
6887.17730509999  4.779229E-17
6888.97558479177  4.384065E-17
6890.77386448355  4.534698E-17
6892.57214417533  4.832350E-17
6894.3704238671  4.449541E-17
6896.16870355888  4.595446E-17
6897.96698325066  4.782221E-17
6899.76526294244  4.985534E-17
6901.56354263422  5.161555E-17
6903.36182232599  5.358687E-17
6905.16010201777  5.412777E-17
6906.95838170955  5.293754E-17
6908.75666140132  5.308020E-17
6910.5549410931  5.243668E-17
6912.35322078488  5.391615E-17
6914.15150047666  5.140723E-17
6915.94978016844  5.130445E-17
6917.74805986021  5.506011E-17
6919.54633955199  5.492388E-17
6921.34461924377  5.116233E-17
6923.14289893555  5.028580E-17
6924.94117862732  5.103974E-17
6926.7394583191  5.187924E-17
6928.53773801088  5.529851E-17
6930.33601770266  5.248664E-17
6932.13429739443  5.419927E-17
6933.93257708621  5.426507E-17
6935.73085677799  5.605051E-17
6937.52913646976  5.316549E-17
6939.32741616154  5.125544E-17
6941.12569585332  5.154855E-17
6942.9239755451  5.670543E-17
6944.72225523687  5.164765E-17
6946.52053492865  5.213518E-17
6948.31881462043  5.118832E-17
6950.11709431221  5.410255E-17
6951.91537400399  5.341312E-17
6953.71365369576  5.269065E-17
6955.51193338754  5.255023E-17
6957.31021307932  5.198808E-17
6959.1084927711  5.171297E-17
6960.90677246287  4.984050E-17
6962.70505215465  5.010992E-17
6964.50333184643  5.174885E-17
6966.3016115382  5.271678E-17
6968.09989122998  5.365152E-17
6969.89817092176  6.285843E-17
6971.69645061354  7.720580E-17
6973.49473030531  8.350027E-17
6975.29300999709  8.740306E-17
6977.09128968887  8.192016E-17
6978.88956938065  7.550830E-17
6980.68784907242  6.902707E-17
6982.4861287642  6.555295E-17
6984.28440845598  6.198489E-17
6986.08268814776  6.758062E-17
6987.88096783954  6.906507E-17
6989.67924753131  6.460820E-17
6991.47752722309  6.060067E-17
6993.27580691487  5.810939E-17
6995.07408660664  5.690610E-17
6996.87236629842  5.433136E-17
6998.6706459902  5.371206E-17
7000.46892568198  5.336209E-17
7002.26720537376  5.364633E-17
7004.06548506553  5.340482E-17
7005.86376475731  5.428998E-17
7007.66204444909  5.621797E-17
7009.46032414087  5.812355E-17
7011.25860383264  5.808147E-17
7013.05688352442  5.617506E-17
7014.8551632162  5.636746E-17
7016.65344290798  5.302775E-17
7018.45172259975  5.493314E-17
7020.25000229153  5.394095E-17
7022.04828198331  5.503924E-17
7023.84656167509  5.675471E-17
7025.64484136686  5.869564E-17
7027.44312105864  5.618467E-17
7029.24140075042  5.720080E-17
7031.03968044219  5.636181E-17
7032.83796013397  5.717944E-17
7034.63623982575  5.794495E-17
7036.43451951753  5.665271E-17
7038.23279920931  5.668566E-17
7040.03107890108  5.701956E-17
7041.82935859286  5.955156E-17
7043.62763828464  6.583444E-17
7045.42591797642  6.669769E-17
7047.22419766819  6.646755E-17
7049.02247735997  6.557285E-17
7050.82075705175  6.499060E-17
7052.61903674353  5.819633E-17
7054.4173164353  5.504497E-17
7056.21559612708  5.857071E-17
7058.01387581886  5.782999E-17
7059.81215551063  5.841223E-17
7061.61043520241  5.725061E-17
7063.40871489419  5.799262E-17
7065.20699458597  6.060021E-17
7067.00527427774  5.784984E-17
7068.80355396952  5.584022E-17
7070.6018336613  5.717270E-17
7072.40011335308  5.603845E-17
7074.19839304486  5.810692E-17
7075.99667273663  5.966274E-17
7077.79495242841  5.935991E-17
7079.59323212019  5.717805E-17
7081.39151181196  5.459850E-17
7083.18979150374  5.753696E-17
7084.98807119552  5.693300E-17
7086.7863508873  5.447439E-17
7088.58463057908  5.591872E-17
7090.38291027085  5.769313E-17
7092.18118996263  5.458108E-17
7093.97946965441  5.757581E-17
7095.77774934619  5.870580E-17
7097.57602903796  5.735259E-17
7099.37430872974  5.853135E-17
7101.17258842152  5.851109E-17
7102.97086811329  5.650687E-17
7104.76914780507  5.582970E-17
7106.56742749685  5.702702E-17
7108.36570718863  6.013291E-17
7110.16398688041  5.686802E-17
7111.96226657218  5.461766E-17
7113.76054626396  5.456168E-17
7115.55882595574  5.779418E-17
7117.35710564751  5.703929E-17
7119.15538533929  5.519518E-17
7120.95366503107  5.616870E-17
7122.75194472285  5.785104E-17
7124.55022441463  5.404754E-17
7126.3485041064  5.510781E-17
7128.14678379818  5.792250E-17
7129.94506348996  5.401189E-17
7131.74334318174  5.519552E-17
7133.54162287351  5.615892E-17
7135.33990256529  5.801382E-17
7137.13818225707  5.770575E-17
7138.93646194885  5.684379E-17
7140.73474164062  5.696196E-17
7142.5330213324  5.813968E-17
7144.33130102418  5.804294E-17
7146.12958071595  5.620664E-17
7147.92786040773  5.782067E-17
7149.72614009951  5.788947E-17
7151.52441979129  5.560826E-17
7153.32269948306  5.240090E-17
7155.12097917484  5.438685E-17
7156.91925886662  5.583165E-17
7158.7175385584  5.357221E-17
7160.51581825018  5.360796E-17
7162.31409794195  5.822376E-17
7164.11237763373  5.821873E-17
7165.91065732551  5.665902E-17
7167.70893701729  5.535308E-17
7169.50721670906  5.344780E-17
7171.30549640084  5.147109E-17
7173.10377609262  5.234630E-17
7174.9020557844  5.321842E-17
7176.70033547617  5.461115E-17
7178.49861516795  5.156261E-17
7180.29689485973  5.450356E-17
7182.0951745515  5.638738E-17
7183.89345424328  5.463105E-17
7185.69173393506  5.426994E-17
7187.49001362684  5.670170E-17
7189.28829331861  5.541242E-17
7191.08657301039  5.264583E-17
7192.88485270217  5.315817E-17
7194.68313239395  5.380830E-17
7196.48141208573  5.487878E-17
7198.2796917775  5.531864E-17
7200.07797146928  5.529899E-17
7201.87625116106  5.384893E-17
7203.67453085284  5.425377E-17
7205.47281054461  5.326609E-17
7207.27109023639  5.492844E-17
7209.06936992817  5.556653E-17
7210.86764961995  5.390078E-17
7212.66592931172  5.436180E-17
7214.4642090035  5.324193E-17
7216.26248869528  5.224666E-17
7218.06076838706  5.606625E-17
7219.85904807883  5.583056E-17
7221.65732777061  5.646261E-17
7223.45560746239  5.586722E-17
7225.25388715417  5.576675E-17
7227.05216684594  5.487483E-17
7228.85044653772  5.284225E-17
7230.6487262295  5.252732E-17
7232.44700592127  5.339110E-17
7234.24528561305  4.961167E-17
7236.04356530483  5.328765E-17
7237.84184499661  5.761707E-17
7239.64012468839  5.684277E-17
7241.43840438016  5.665016E-17
7243.23668407194  6.216663E-17
7245.03496376372  6.484769E-17
7246.8332434555  7.468319E-17
7248.63152314727  8.222333E-17
7250.42980283905  8.348107E-17
7252.22808253083  7.992626E-17
7254.02636222261  7.748989E-17
7255.82464191438  7.973234E-17
7257.62292160616  8.940922E-17
7259.42120129794  1.259255E-16
7261.21948098971  4.400897E-16
7263.01776068149  1.243142E-15
7264.81604037327  2.002685E-15
7266.61432006505  2.173338E-15
7268.41259975683  1.828416E-15
7270.2108794486  1.907728E-15
7272.00915914038  1.592969E-15
7273.80743883216  7.739695E-16
7275.60571852394  1.891381E-16
7277.40399821571  6.874973E-17
7279.20227790749  6.146905E-17
7281.00055759927  6.109162E-17
7282.79883729105  6.646909E-17
7284.59711698282  8.153763E-17
7286.3953966746  1.073924E-16
7288.19367636638  1.308385E-16
7289.99195605815  1.313903E-16
7291.79023574993  1.114356E-16
7293.58851544171  1.033351E-16
7295.38679513349  8.651449E-17
7297.18507482527  6.355917E-17
7298.98335451704  5.473555E-17
7300.78163420882  4.988840E-17
7302.5799139006  4.610167E-17
7304.37819359238  4.922642E-17
7306.17647328415  4.872216E-17
7307.97475297593  4.662576E-17
7309.77303266771  4.838829E-17
7311.57131235949  4.796446E-17
7313.36959205126  4.282406E-17
7315.16787174304  4.493798E-17
7316.96615143482  4.653710E-17
7318.7644311266  4.468473E-17
7320.56271081837  4.462485E-17
7322.36099051015  4.394277E-17
7324.15927020193  4.467302E-17
7325.9575498937  4.580817E-17
7327.75582958548  4.248601E-17
7329.55410927726  4.300513E-17
7331.35238896904  4.280928E-17
7333.15066866082  4.319349E-17
7334.94894835259  4.189509E-17
7336.74722804437  4.357730E-17
7338.54550773615  4.237778E-17
7340.34378742793  4.762862E-17
7342.1420671197  4.784317E-17
7343.94034681148  4.331534E-17
7345.73862650326  4.341750E-17
7347.53690619504  4.390622E-17
7349.33518588681  4.544118E-17
7351.13346557859  4.611718E-17
7352.93174527037  4.663165E-17
7354.73002496214  4.764109E-17
7356.52830465392  4.669634E-17
7358.3265843457  4.912625E-17
7360.12486403748  4.856519E-17
7361.92314372925  4.527960E-17
7363.72142342103  4.435399E-17
7365.51970311281  4.339755E-17
7367.31798280459  4.354923E-17
7369.11626249637  4.395566E-17
7370.91454218814  4.072306E-17
7372.71282187992  4.252603E-17
7374.5111015717  4.534521E-17
7376.30938126348  4.346190E-17
7378.10766095525  4.373486E-17
7379.90594064703  4.267208E-17
7381.70422033881  4.446281E-17
7383.50250003059  4.479323E-17
7385.30077972236  4.810235E-17
7387.09905941414  4.770619E-17
7388.89733910592  4.832136E-17
7390.6956187977  5.594732E-17
7392.49389848947  6.391421E-17
7394.29217818125  6.590180E-17
7396.09045787303  6.667681E-17
7397.88873756481  6.072490E-17
7399.68701725659  5.450568E-17
7401.48529694836  4.377676E-17
7403.28357664014  4.438078E-17
7405.08185633192  4.495473E-17
7406.88013602369  4.426420E-17
7408.67841571547  4.282949E-17
7410.47669540725  4.260450E-17
7412.27497509903  4.272957E-17
7414.0732547908  4.513170E-17
7415.87153448258  4.376693E-17
7417.66981417436  4.267810E-17
7419.46809386614  4.221068E-17
7421.26637355791  4.156770E-17
7423.06465324969  4.308952E-17
7424.86293294147  4.357566E-17
7426.66121263325  4.197624E-17
7428.45949232502  4.178417E-17
7430.2577720168  5.119865E-17
7432.05605170858  7.383412E-17
7433.85433140035  1.212498E-16
7435.65261109213  1.610373E-16
7437.45089078391  1.745258E-16
7439.24917047569  1.462034E-16
7441.04745016747  1.374004E-16
7442.84572985924  1.195909E-16
7444.64400955102  7.902494E-17
7446.4422892428  5.794632E-17
7448.24056893458  6.718963E-17
7450.03884862635  1.025780E-16
7451.83712831813  1.343738E-16
7453.63540800991  1.417462E-16
7455.43368770169  1.217909E-16
7457.23196739346  1.183603E-16
7459.03024708524  9.721094E-17
7460.82852677702  6.254974E-17
7462.6268064688  4.770983E-17
7464.42508616057  4.267422E-17
7466.22336585235  4.198637E-17
7468.02164554413  4.064002E-17
7469.81992523591  4.143821E-17
7471.61820492768  4.028589E-17
7473.41648461946  3.529730E-17
7475.21476431124  3.907070E-17
7477.01304400302  4.317689E-17
7478.81132369479  4.299966E-17
7480.60960338657  3.997477E-17
7482.40788307835  3.812393E-17
7484.20616277013  4.009689E-17
7486.0044424619  3.975526E-17
7487.80272215368  3.932090E-17
7489.60100184546  3.824892E-17
7491.39928153724  3.873662E-17
7493.19756122901  4.183842E-17
7494.99584092079  4.349996E-17
7496.79412061257  4.226320E-17
7498.59240030435  3.809539E-17
7500.39067999612  3.592824E-17
7502.1889596879  3.881587E-17
7503.98723937968  4.074229E-17
7505.78551907146  4.009423E-17
7507.58379876323  4.104063E-17
7509.38207845501  4.110180E-17
7511.18035814679  3.776787E-17
7512.97863783857  3.952198E-17
7514.77691753034  4.187447E-17
7516.57519722212  3.945908E-17
7518.3734769139  4.046317E-17
7520.17175660568  4.180984E-17
7521.97003629745  4.176783E-17
7523.76831598923  3.914795E-17
7525.56659568101  3.709322E-17
7527.36487537278  4.052855E-17
7529.16315506456  3.657702E-17
7530.96143475634  3.632384E-17
7532.75971444812  3.970677E-17
7534.5579941399  4.050846E-17
7536.35627383167  3.990461E-17
7538.15455352345  4.190696E-17
7539.95283321523  4.032401E-17
7541.75111290701  3.825225E-17
7543.54939259878  3.564371E-17
7545.34767229056  3.777043E-17
7547.14595198234  4.146061E-17
7548.94423167412  3.958805E-17
7550.74251136589  3.812628E-17
7552.54079105767  4.005271E-17
7554.33907074945  4.233998E-17
7556.13735044123  3.966954E-17
7557.935630133  4.251818E-17
7559.73390982478  4.117963E-17
7561.53218951656  3.727726E-17
7563.33046920833  3.673726E-17
7565.12874890011  3.929268E-17
7566.92702859189  4.131201E-17
7568.72530828367  3.977016E-17
7570.52358797545  3.997486E-17
7572.32186766722  3.909457E-17
7574.120147359  3.695741E-17
7575.91842705078  3.756079E-17
7577.71670674256  3.248260E-17
7579.51498643433  3.540851E-17
7581.31326612611  3.716711E-17
7583.11154581789  3.779003E-17
7584.90982550967  3.752128E-17
7586.70810520144  3.785044E-17
7588.50638489322  3.786307E-17
7590.304664585  3.639717E-17
7592.10294427678  3.140994E-17
7593.90122396855  2.918415E-17
7595.69950366033  2.308193E-17
7597.49778335211  1.973817E-17
7599.29606304389  1.816938E-17
7601.09434273566  1.644831E-17
7602.89262242744  1.273273E-17
7604.69090211922  1.055576E-17
7606.489181811  1.057071E-17
7608.28746150277  1.166998E-17
7610.08574119455  1.304398E-17
7611.88402088633  1.255714E-17
7613.68230057811  1.592538E-17
7615.48058026988  2.037006E-17
7617.27885996166  2.362708E-17
7619.07713965344  2.612479E-17
7620.87541934522  2.707929E-17
7622.67369903699  2.540713E-17
7624.47197872877  2.266131E-17
7626.27025842055  2.211398E-17
7628.06853811233  2.235316E-17
7629.8668178041  2.217257E-17
7631.66509749588  2.187884E-17
7633.46337718766  2.261143E-17
7635.26165687944  2.254243E-17
7637.05993657121  2.090583E-17
7638.85821626299  2.184180E-17
7640.65649595477  2.440063E-17
7642.45477564655  2.379466E-17
7644.25305533832  2.301065E-17
7646.0513350301  2.528247E-17
7647.84961472188  2.613481E-17
7649.64789441366  2.755856E-17
7651.44617410543  3.103748E-17
7653.24445379721  3.023025E-17
7655.04273348899  2.680395E-17
7656.84101318077  2.860388E-17
7658.63929287254  2.968314E-17
7660.43757256432  3.314407E-17
7662.2358522561  3.352657E-17
7664.03413194788  3.554471E-17
7665.83241163965  3.622913E-17
7667.63069133143  3.700008E-17
7669.42897102321  3.472932E-17
7671.22725071499  3.548876E-17
7673.02553040677  3.645941E-17
7674.82381009854  3.498778E-17
7676.62208979032  3.648731E-17
7678.4203694821  3.656714E-17
7680.21864917387  3.635787E-17
7682.01692886565  3.791467E-17
7683.81520855743  3.847492E-17
7685.61348824921  3.558606E-17
7687.41176794098  3.785509E-17
7689.21004763276  3.857446E-17
7691.00832732454  3.651147E-17
7692.80660701632  3.605989E-17
7694.60488670809  3.631803E-17
7696.40316639987  3.843215E-17
7698.20144609165  3.969655E-17
7699.99972578343  3.810474E-17
7701.7980054752  4.061278E-17
7703.59628516698  3.884067E-17
7705.39456485876  3.878242E-17
7707.19284455054  4.042353E-17
7708.99112424232  3.662332E-17
7710.78940393409  3.960280E-17
7712.58768362587  4.099292E-17
7714.38596331765  3.921953E-17
7716.18424300942  3.947238E-17
7717.9825227012  3.710944E-17
7719.78080239298  3.391734E-17
7721.57908208476  3.551917E-17
7723.37736177653  4.285880E-17
7725.17564146831  3.925051E-17
7726.97392116009  3.480608E-17
7728.77220085187  3.708532E-17
7730.57048054364  4.203550E-17
7732.36876023542  3.888387E-17
7734.1670399272  3.993135E-17
7735.96531961898  4.088932E-17
7737.76359931075  3.909511E-17
7739.56187900253  4.168989E-17
7741.36015869431  3.970360E-17
7743.15843838609  4.052957E-17
7744.95671807786  4.158642E-17
7746.75499776964  4.346653E-17
7748.55327746142  4.382916E-17
7750.3515571532  4.267566E-17
7752.14983684497  4.086539E-17
7753.94811653675  4.169570E-17
7755.74639622853  3.509633E-17
7757.54467592031  3.854715E-17
7759.34295561208  4.248087E-17
7761.14123530386  4.300539E-17
7762.93951499564  3.896302E-17
7764.73779468742  3.915098E-17
7766.53607437919  4.028097E-17
7768.33435407097  3.975548E-17
7770.13263376275  3.905785E-17
7771.93091345453  3.974782E-17
7773.7291931463  3.959038E-17
7775.52747283808  3.944049E-17
7777.32575252986  4.115961E-17
7779.12403222164  4.159715E-17
7780.92231191341  4.120128E-17
7782.72059160519  3.905611E-17
7784.51887129697  3.909363E-17
7786.31715098875  3.483582E-17
7788.11543068052  3.904353E-17
7789.9137103723  3.898833E-17
7791.71199006408  4.024856E-17
7793.51026975586  3.945455E-17
7795.30854944763  4.314052E-17
7797.10682913941  4.204931E-17
7798.90510883119  4.348947E-17
7800.70338852297  4.270478E-17
7802.50166821474  4.174524E-17
7804.29994790652  4.243266E-17
7806.0982275983  4.443061E-17
7807.89650729008  4.221107E-17
7809.69478698185  3.994776E-17
7811.49306667363  3.906640E-17
7813.29134636541  3.989387E-17
7815.08962605719  3.894942E-17
7816.88790574896  4.176158E-17
7818.68618544074  4.250185E-17
7820.48446513252  5.061219E-17
7822.2827448243  6.353328E-17
7824.08102451607  6.622786E-17
7825.87930420785  6.808216E-17
7827.67758389963  5.979061E-17
7829.47586359141  5.241088E-17
7831.27414328318  4.771684E-17
7833.07242297496  4.222039E-17
7834.87070266674  3.958498E-17
7836.66898235852  3.919194E-17
7838.46726205029  3.775686E-17
7840.26554174207  3.838432E-17
7842.06382143385  3.884744E-17
7843.86210112563  3.536951E-17
7845.66038081741  3.729918E-17
7847.45866050918  3.958573E-17
7849.25694020096  3.953638E-17
7851.05521989274  4.009753E-17
7852.85349958451  3.532820E-17
7854.65177927629  3.530131E-17
7856.45005896807  4.182838E-17
7858.24833865985  4.087000E-17
7860.04661835162  3.706518E-17
7861.8448980434  3.767380E-17
7863.64317773518  3.944766E-17
7865.44145742696  3.866365E-17
7867.23973711873  3.748427E-17
7869.03801681051  3.963199E-17
7870.83629650229  4.075451E-17
7872.63457619407  3.948432E-17
7874.43285588584  3.848976E-17
7876.23113557762  3.761711E-17
7878.0294152694  3.528446E-17
7879.82769496117  3.940890E-17
7881.62597465295  4.029098E-17
7883.42425434473  3.857063E-17
7885.22253403651  3.849823E-17
7887.02081372829  4.151973E-17
7888.81909342006  4.308322E-17
7890.61737311184  3.973915E-17
7892.41565280362  3.740496E-17
7894.2139324954  4.056780E-17
7896.01221218717  4.462522E-17
7897.81049187895  5.444372E-17
7899.60877157073  6.887543E-17
7901.40705126251  8.943413E-17
7903.20533095428  9.797170E-17
7905.00361064606  8.877768E-17
7906.80189033784  8.856758E-17
7908.60017002962  8.436009E-17
7910.39844972139  6.142256E-17
7912.19672941317  4.232274E-17
7913.99500910495  4.212177E-17
7915.79328879673  4.376969E-17
7917.59156848851  4.080712E-17
7919.38984818028  3.707425E-17
7921.18812787206  4.277627E-17
7922.98640756384  4.407290E-17
7924.78468725561  3.985852E-17
7926.58296694739  3.923809E-17
7928.38124663917  3.620408E-17
7930.17952633095  3.722940E-17
7931.97780602272  4.094939E-17
7933.7760857145  4.141602E-17
7935.57436540628  4.297456E-17
7937.37264509806  4.064394E-17
7939.17092478983  4.135118E-17
7940.96920448161  4.599396E-17
7942.76748417339  4.406131E-17
7944.56576386517  4.129922E-17
7946.36404355694  3.985570E-17
7948.16232324872  3.783558E-17
7949.9606029405  3.969711E-17
7951.75888263228  4.152244E-17
7953.55716232405  4.565460E-17
7955.35544201583  4.375361E-17
7957.15372170761  4.336896E-17
7958.95200139939  4.241980E-17
7960.75028109116  4.419351E-17
7962.54856078294  4.587164E-17
7964.34684047472  4.603224E-17
7966.1451201665  4.355584E-17
7967.94339985827  4.481370E-17
7969.74167955005  4.208267E-17
7971.53995924183  4.143093E-17
7973.33823893361  4.492061E-17
7975.13651862538  4.418462E-17
7976.93479831716  4.710739E-17
7978.73307800894  4.698400E-17
7980.53135770072  4.575059E-17
7982.32963739249  4.336662E-17
7984.12791708427  4.361742E-17
7985.92619677605  4.605406E-17
7987.72447646783  4.611609E-17
7989.5227561596  4.923151E-17
7991.32103585138  4.790305E-17
7993.11931554316  4.945662E-17
7994.91759523494  4.732710E-17
7996.71587492671  4.455291E-17
7998.51415461849  4.776890E-17
8000.31243431027  4.817821E-17
8002.11071400205  5.020297E-17
8003.90899369382  4.812882E-17
8005.7072733856  4.623338E-17
8007.50555307738  4.637868E-17
8009.30383276916  4.686528E-17
8011.10211246093  4.829955E-17
8012.90039215271  4.756145E-17
8014.69867184449  4.766569E-17
8016.49695153627  4.598863E-17
8018.29523122804  4.729714E-17
8020.09351091982  4.488323E-17
8021.8917906116  4.726804E-17
8023.69007030338  5.497375E-17
8025.48834999515  5.355970E-17
8027.28662968693  5.508100E-17
8029.08490937871  5.054427E-17
8030.88318907049  4.574997E-17
8032.68146876227  5.133372E-17
8034.47974845404  5.150511E-17
8036.27802814582  4.903047E-17
8038.0763078376  4.962539E-17
8039.87458752937  5.618896E-17
8041.67286722115  5.667316E-17
8043.47114691293  5.365907E-17
8045.26942660471  5.074930E-17
8047.06770629648  5.256538E-17
8048.86598598826  5.296050E-17
8050.66426568004  5.311947E-17
8052.46254537182  5.467669E-17
8054.26082506359  5.438824E-17
8056.05910475537  5.673580E-17
8057.85738444715  5.710823E-17
8059.65566413893  5.942833E-17
8061.4539438307  6.112388E-17
8063.25222352248  6.334730E-17
8065.05050321426  6.563981E-17
8066.84878290604  6.365050E-17
8068.64706259781  6.112801E-17
8070.44534228959  6.535757E-17
8072.24362198137  6.315008E-17
8074.04190167315  6.059098E-17
8075.84018136492  6.079859E-17
8077.6384610567  5.979589E-17
8079.43674074848  6.091191E-17
8081.23502044026  6.204454E-17
8083.03330013203  6.053482E-17
8084.83157982381  6.167216E-17
8086.62985951559  6.260791E-17
8088.42813920737  6.308475E-17
8090.22641889914  5.904696E-17
8092.02469859092  5.796851E-17
8093.8229782827  6.203119E-17
8095.62125797448  6.192693E-17
8097.41953766625  6.551227E-17
8099.21781735803  6.624648E-17
8101.01609704981  6.845192E-17
8102.81437674159  7.430286E-17
8104.61265643336  7.794178E-17
8106.41093612514  8.605912E-17
8108.20921581692  8.663422E-17
8110.0074955087  8.429541E-17
8111.80577520047  7.985583E-17
8113.60405489225  7.674710E-17
8115.40233458403  7.927303E-17
8117.20061427581  8.368075E-17
8118.99889396758  8.158077E-17
8120.79717365936  7.808042E-17
8122.59545335114  7.404617E-17
8124.39373304292  7.011815E-17
8126.1920127347  6.422458E-17
8127.99029242647  6.177834E-17
8129.78857211825  6.009210E-17
8131.58685181003  5.844628E-17
8133.3851315018  5.950525E-17
8135.18341119358  6.224015E-17
8136.98169088536  6.293629E-17
8138.77997057714  5.741695E-17
8140.57825026891  5.704084E-17
8142.37652996069  6.103742E-17
8144.17480965247  5.876119E-17
8145.97308934425  5.649021E-17
8147.77136903602  5.488470E-17
8149.5696487278  5.370933E-17
8151.36792841958  5.365508E-17
8153.16620811136  5.360052E-17
8154.96448780313  5.138337E-17
8156.76276749491  5.427808E-17
8158.56104718669  5.274774E-17
8160.35932687847  5.128353E-17
8162.15760657024  5.073118E-17
8163.95588626202  5.197962E-17
8165.7541659538  5.204457E-17
8167.55244564558  5.472129E-17
8169.35072533735  5.350518E-17
8171.14900502913  5.223140E-17
8172.94728472091  5.112743E-17
8174.74556441269  5.292688E-17
8176.54384410447  5.385265E-17
8178.34212379624  4.986931E-17
8180.14040348802  4.919710E-17
8181.9386831798  4.918454E-17
8183.73696287157  4.841256E-17
8185.53524256335  4.809422E-17
8187.33352225513  4.629825E-17
8189.13180194691  4.561713E-17
8190.93008163868  4.765725E-17
8192.72836133046  4.915290E-17
8194.52664102224  4.903787E-17
8196.32492071402  4.893255E-17
8198.12320040579  4.697344E-17
8199.92148009757  4.677104E-17
8201.71975978935  3.974562E-17
8203.51803948113  4.313403E-17
8205.31631917291  4.713891E-17
8207.11459886468  4.862056E-17
8208.91287855646  4.614825E-17
8210.71115824824  4.703940E-17
8212.50943794001  4.639303E-17
8214.30771763179  4.378926E-17
8216.10599732357  4.530140E-17
8217.90427701535  4.456421E-17
8219.70255670712  4.359106E-17
8221.5008363989  4.807430E-17
8223.29911609068  4.366801E-17
8225.09739578246  4.158233E-17
8226.89567547423  4.152463E-17
8228.69395516601  4.304498E-17
8230.49223485779  4.396812E-17
8232.29051454956  4.374581E-17
8234.08879424134  4.235325E-17
8235.88707393312  4.226852E-17
8237.6853536249  4.071210E-17
8239.48363331668  4.141661E-17
8241.28191300845  4.384689E-17
8243.08019270023  4.114963E-17
8244.87847239201  4.014641E-17
8246.67675208379  4.326380E-17
8248.47503177556  4.086020E-17
8250.27331146734  4.153288E-17
8252.07159115912  4.301000E-17
8253.8698708509  3.945166E-17
8255.66815054268  4.267897E-17
8257.46643023445  4.112760E-17
8259.26470992623  3.991970E-17
8261.06298961801  4.250513E-17
8262.86126930978  4.088952E-17
8264.65954900156  3.784269E-17
8266.45782869334  3.880541E-17
8268.25610838512  4.107746E-17
8270.0543880769  3.996103E-17
8271.85266776867  4.037125E-17
8273.65094746045  4.259063E-17
8275.44922715223  4.202347E-17
8277.247506844  4.418244E-17
8279.04578653578  4.416867E-17
8280.84406622756  4.224014E-17
8282.64234591934  4.217489E-17
8284.44062561112  4.213850E-17
8286.23890530289  4.301060E-17
8288.03718499467  3.932678E-17
8289.83546468645  3.709445E-17
8291.63374437823  4.221820E-17
8293.43202407  3.956357E-17
8295.23030376178  4.003120E-17
8297.02858345356  4.093818E-17
8298.82686314533  4.032745E-17
8300.62514283711  3.720668E-17
8302.42342252889  3.305699E-17
8304.22170222067  4.031443E-17
8306.01998191245  3.945403E-17
8307.81826160422  3.730599E-17
8309.616541296  3.865425E-17
8311.41482098778  3.538659E-17
8313.21310067955  4.028052E-17
8315.01138037133  3.597647E-17
8316.80966006311  3.755454E-17
8318.60793975489  3.568873E-17
8320.40621944666  3.383880E-17
8322.20449913844  3.616799E-17
8324.00277883022  3.594424E-17
8325.801058522  3.664074E-17
8327.59933821377  3.644448E-17
8329.39761790555  3.767244E-17
8331.19589759733  3.783153E-17
8332.99417728911  3.675699E-17
8334.79245698088  3.610370E-17
8336.59073667266  3.552250E-17
8338.38901636444  3.650007E-17
8340.18729605622  3.399883E-17
8341.98557574799  3.458520E-17
8343.78385543977  3.853656E-17
8345.58213513155  4.253812E-17
8347.38041482333  4.163772E-17
8349.1786945151  2.877902E-17
8350.97697420688  2.639828E-17
8352.77525389866  3.633070E-17
8354.57353359044  3.776878E-17
8356.37181328221  3.441094E-17
8358.17009297399  3.265145E-17
8359.96837266577  3.273177E-17
8361.76665235755  3.929734E-17
8363.56493204933  3.384857E-17
8365.3632117411  3.086333E-17
8367.16149143288  3.136961E-17
8368.95977112466  3.375008E-17
8370.75805081643  3.219904E-17
8372.55633050821  3.281295E-17
8374.35461019999  3.392923E-17
8376.15288989177  3.469238E-17
8377.95116958355  3.184508E-17
8379.74944927532  3.231236E-17
8381.5477289671  3.406791E-17
8383.34600865888  3.155613E-17
8385.14428835065  3.322981E-17
8386.94256804243  3.489837E-17
8388.74084773421  3.547447E-17
8390.53912742599  3.732948E-17
8392.33740711776  3.377806E-17
8394.13568680954  3.167496E-17
8395.93396650132  3.162626E-17
8397.7322461931  3.248163E-17
8399.53052588487  2.933316E-17
8401.32880557665  3.278635E-17
8403.12708526843  3.054819E-17
8404.92536496021  3.156637E-17
8406.72364465198  2.719686E-17
8408.52192434376  2.978772E-17
8410.32020403554  3.256043E-17
8412.11848372732  3.328116E-17
8413.9167634191  3.037718E-17
8415.71504311087  3.048666E-17
8417.51332280265  3.386272E-17
8419.31160249443  3.297752E-17
8421.1098821862  3.252703E-17
8422.90816187798  2.925477E-17
8424.70644156976  3.132109E-17
8426.50472126154  3.180801E-17
8428.30300095331  3.568298E-17
8430.10128064509  3.904292E-17
8431.89956033687  3.187684E-17
8433.69784002865  3.053043E-17
8435.49611972042  3.182055E-17
8437.2943994122  2.980188E-17
8439.09267910398  2.985278E-17
8440.89095879576  3.127256E-17
8442.68923848754  3.159314E-17
8444.48751817931  3.055117E-17
8446.28579787109  3.055610E-17
8448.08407756287  2.760391E-17
8449.88235725464  2.786425E-17
8451.68063694642  3.318622E-17
8453.4789166382  3.316931E-17
8455.27719632998  3.563832E-17
8457.07547602175  3.309231E-17
8458.87375571353  3.360804E-17
8460.67203540531  3.258119E-17
8462.47031509709  3.172406E-17
8464.26859478886  2.957898E-17
8466.06687448064  2.770854E-17
8467.86515417242  3.251405E-17
8469.6634338642  3.115238E-17
8471.46171355598  3.217762E-17
8473.25999324775  3.422651E-17
8475.05827293953  3.302288E-17
8476.85655263131  3.382919E-17
8478.65483232308  3.762200E-17
8480.45311201486  3.471921E-17
8482.25139170664  3.082267E-17
8484.04967139842  3.284748E-17
8485.8479510902  3.166311E-17
8487.64623078197  3.071037E-17
8489.44451047375  3.392280E-17
8491.24279016553  3.564769E-17
8493.0410698573  3.785156E-17
8494.83934954908  4.066607E-17
8496.63762924086  3.541745E-17
8498.43590893264  3.565283E-17
8500.23418862441  4.024195E-17
8502.03246831619  3.831123E-17
8503.83074800797  3.694325E-17
8505.62902769975  3.486690E-17
8507.42730739152  3.808106E-17
8509.2255870833  3.281203E-17
8511.02386677508  3.847168E-17
8512.82214646686  4.124873E-17
8514.62042615863  3.943594E-17
8516.41870585041  3.829272E-17
8518.21698554219  3.694617E-17
8520.01526523397  3.869754E-17
8521.81354492575  4.053915E-17
8523.61182461752  4.031293E-17
8525.4101043093  4.165469E-17
8527.20838400108  4.155974E-17
8529.00666369285  4.096261E-17
8530.80494338463  3.943704E-17
8532.60322307641  3.709001E-17
8534.40150276819  4.023541E-17
8536.19978245996  4.033609E-17
8537.99806215174  4.231210E-17
8539.79634184352  3.947394E-17
8541.5946215353  4.396495E-17
8543.39290122707  4.173149E-17
8545.19118091885  4.116780E-17
8546.98946061063  3.981799E-17
8548.78774030241  4.295540E-17
8550.58601999419  4.419562E-17
8552.38429968596  4.400816E-17
8554.18257937774  4.505812E-17
8555.98085906952  4.366789E-17
8557.77913876129  4.383396E-17
8559.57741845307  4.284087E-17
8561.37569814485  4.546473E-17
8563.17397783663  4.629616E-17
8564.97225752841  4.796036E-17
8566.77053722018  4.674969E-17
8568.56881691196  4.310127E-17
8570.36709660374  4.440838E-17
8572.16537629551  4.955998E-17
8573.96365598729  4.870204E-17
8575.76193567907  4.972608E-17
8577.56021537085  4.950549E-17
8579.35849506263  4.725249E-17
8581.1567747544  5.275560E-17
8582.95505444618  6.180957E-17
8584.75333413796  6.779546E-17
8586.55161382974  6.837818E-17
8588.34989352151  6.288007E-17
8590.14817321329  5.851050E-17
8591.94645290507  5.469216E-17
8593.74473259684  5.296692E-17
8595.54301228862  5.259431E-17
8597.3412919804  5.044761E-17
8599.13957167218  4.656061E-17
8600.93785136396  4.849527E-17
8602.73613105573  5.383054E-17
8604.53441074751  5.287255E-17
8606.33269043929  4.660378E-17
8608.13097013106  4.964390E-17
8609.92924982284  4.894518E-17
8611.72752951462  4.843670E-17
8613.5258092064  4.987426E-17
8615.32408889817  4.548275E-17
8617.12236858995  4.584891E-17
8618.92064828173  4.729991E-17
8620.71892797351  5.217112E-17
8622.51720766529  5.052540E-17
8624.31548735706  4.929533E-17
8626.11376704884  4.986775E-17
8627.91204674062  4.624869E-17
8629.71032643239  4.510990E-17
8631.50860612417  5.051049E-17
8633.30688581595  5.422723E-17
8635.10516550773  5.438051E-17
8636.9034451995  5.248565E-17
8638.70172489128  4.978706E-17
8640.50000458306  5.077176E-17
8642.29828427484  4.886604E-17
8644.09656396661  4.792088E-17
8645.89484365839  4.962964E-17
8647.69312335017  4.766364E-17
8649.49140304195  4.655402E-17
8651.28968273372  4.551282E-17
8653.0879624255  4.898037E-17
8654.88624211728  4.700092E-17
8656.68452180906  4.889343E-17
8658.48280150084  5.014772E-17
8660.28108119261  4.838542E-17
8662.07936088439  5.072294E-17
8663.87764057617  4.849312E-17
8665.67592026794  4.921937E-17
8667.47419995972  4.670220E-17
8669.2724796515  5.458921E-17
8671.07075934328  4.775228E-17
8672.86903903506  4.949625E-17
8674.66731872683  5.218201E-17
8676.46559841861  4.686116E-17
8678.26387811039  4.481411E-17
8680.06215780216  4.523530E-17
8681.86043749394  4.444575E-17
8683.65871718572  4.375611E-17
8685.4569968775  4.430015E-17
8687.25527656927  4.651827E-17
8689.05355626105  5.005576E-17
8690.85183595283  4.746848E-17
8692.65011564461  4.052125E-17
8694.44839533639  4.193356E-17
8696.24667502816  4.638193E-17
8698.04495471994  4.734282E-17
8699.84323441172  4.406002E-17
8701.64151410349  4.540936E-17
8703.43979379527  4.629005E-17
8705.23807348705  4.725647E-17
8707.03635317883  4.744357E-17
8708.83463287061  4.482568E-17
8710.63291256238  4.754729E-17
8712.43119225416  4.794295E-17
8714.22947194594  4.879155E-17
8716.02775163771  4.439434E-17
8717.82603132949  4.533023E-17
8719.62431102127  4.750601E-17
8721.42259071305  4.470184E-17
8723.22087040483  4.555394E-17
8725.0191500966  4.650612E-17
8726.81742978838  4.152147E-17
8728.61570948016  4.507523E-17
8730.41398917194  4.535981E-17
8732.21226886371  4.615163E-17
8734.01054855549  4.569187E-17
8735.80882824727  4.503274E-17
8737.60710793905  4.591574E-17
8739.40538763082  4.678331E-17
8741.2036673226  4.341689E-17
8743.00194701438  4.539319E-17
8744.80022670615  4.303712E-17
8746.59850639793  4.423079E-17
8748.39678608971  4.277604E-17
8750.19506578149  4.358796E-17
8751.99334547326  4.181345E-17
8753.79162516504  4.113968E-17
8755.58990485682  4.156088E-17
8757.3881845486  4.333490E-17
8759.18646424038  4.277249E-17
8760.98474393215  4.358229E-17
8762.78302362393  4.673121E-17
8764.58130331571  4.419242E-17
8766.37958300749  4.466277E-17
8768.17786269926  4.706707E-17
8769.97614239104  4.012200E-17
8771.77442208282  4.035943E-17
8773.5727017746  4.549055E-17
8775.37098146637  4.744262E-17
8777.16926115815  4.862668E-17
8778.96754084993  4.249830E-17
8780.7658205417  3.578326E-17
8782.56410023348  3.875821E-17
8784.36237992526  4.160410E-17
8786.16065961704  4.010271E-17
8787.95893930881  4.024951E-17
8789.75721900059  3.754836E-17
8791.55549869237  3.885146E-17
8793.35377838415  3.930439E-17
8795.15205807592  3.702597E-17
8796.9503377677  3.814776E-17
8798.74861745948  4.137964E-17
8800.54689715126  3.958814E-17
8802.34517684304  3.781942E-17
8804.14345653481  3.667951E-17
8805.94173622659  3.359558E-17
8807.74001591837  3.633295E-17
8809.53829561015  3.894048E-17
8811.33657530192  3.742142E-17
8813.1348549937  3.641808E-17
8814.93313468548  3.648351E-17
8816.73141437726  3.375618E-17
8818.52969406903  3.347792E-17
8820.32797376081  3.680690E-17
8822.12625345259  3.649463E-17
8823.92453314437  3.844378E-17
8825.72281283614  4.047287E-17
8827.52109252792  3.849870E-17
8829.3193722197  4.042926E-17
8831.11765191148  3.106914E-17
8832.91593160325  2.868474E-17
8834.71421129503  3.219389E-17
8836.51249098681  3.781111E-17
8838.31077067859  3.470731E-17
8840.10905037036  3.507374E-17
8841.90733006214  4.101187E-17
8843.70560975392  4.016390E-17
8845.5038894457  3.862419E-17
8847.30216913747  3.744309E-17
8849.10044882925  3.228723E-17
8850.89872852103  3.266107E-17
8852.6970082128  3.445650E-17
8854.49528790458  3.476786E-17
8856.29356759636  3.182991E-17
8858.09184728814  3.125702E-17
8859.89012697991  3.485313E-17
8861.68840667169  3.325646E-17
8863.48668636347  3.449341E-17
8865.28496605525  3.456791E-17
8867.08324574702  3.735143E-17
8868.8815254388  3.818692E-17
8870.67980513058  3.987670E-17
8872.47808482236  3.395414E-17
8874.27636451413  3.466371E-17
8876.07464420591  3.498671E-17
8877.87292389769  3.485627E-17
8879.67120358947  3.057066E-17
8881.46948328125  3.083630E-17
8883.26776297302  3.206629E-17
8885.0660426648  2.991583E-17
8886.86432235658  2.925927E-17
8888.66260204835  3.615540E-17
8890.46088174013  3.701071E-17
8892.25916143191  3.633566E-17
8894.05744112369  2.940504E-17
8895.85572081547  3.295637E-17
8897.65400050724  3.098491E-17
8899.45228019902  3.020679E-17
8901.2505598908  3.449490E-17
8903.04883958257  3.163116E-17
8904.84711927435  2.977506E-17
8906.64539896613  3.016554E-17
8908.44367865791  2.954829E-17
8910.24195834969  2.735778E-17
8912.04023804146  3.524027E-17
8913.83851773324  3.223383E-17
8915.63679742502  2.856806E-17
8917.4350771168  3.229512E-17
8919.23335680857  3.421442E-17
8921.03163650035  3.346346E-17
8922.82991619213  3.226584E-17
8924.6281958839  3.519923E-17
8926.42647557568  3.367746E-17
8928.22475526746  2.638095E-17
8930.02303495924  2.921757E-17
8931.82131465101  2.942948E-17
8933.61959434279  2.944424E-17
8935.41787403457  3.063802E-17
8937.21615372635  3.066175E-17
8939.01443341813  2.758860E-17
8940.8127131099  2.615288E-17
8942.61099280168  3.029210E-17
8944.40927249346  2.823044E-17
8946.20755218524  2.942395E-17
8948.00583187701  2.966660E-17
8949.80411156879  3.130698E-17
8951.60239126057  3.545954E-17
8953.40067095234  2.654189E-17
8955.19895064412  2.500404E-17
8956.9972303359  2.789711E-17
8958.79551002768  3.241583E-17
8960.59378971945  3.277770E-17
8962.39206941123  2.316550E-17
8964.19034910301  2.403492E-17
8965.98862879479  2.723269E-17
8967.78690848656  2.250784E-17
8969.58518817834  2.894524E-17
8971.38346787012  2.700308E-17
8973.1817475619  2.714623E-17
8974.98002725368  2.746310E-17
8976.77830694545  3.004343E-17
8978.57658663723  3.077261E-17
8980.37486632901  2.874912E-17
8982.17314602078  2.413530E-17
8983.97142571256  2.616996E-17
8985.76970540434  2.949391E-17
8987.56798509612  2.569372E-17
8989.3662647879  2.546291E-17
8991.16454447967  2.422867E-17
8992.96282417145  2.826202E-17
8994.76110386323  2.747882E-17
8996.559383555  2.960694E-17
8998.35766324678  2.818990E-17
9000.15594293856  2.691219E-17
9001.95422263034  2.756531E-17
9003.75250232212  3.071800E-17
9005.55078201389  2.671955E-17
9007.34906170567  3.174135E-17
9009.14734139745  3.016946E-17
9010.94562108922  2.329136E-17
9012.743900781  2.590650E-17
9014.54218047278  2.875810E-17
9016.34046016456  2.916558E-17
9018.13873985634  2.678377E-17
9019.93701954811  2.312667E-17
9021.73529923989  2.293056E-17
9023.53357893167  2.514604E-17
9025.33185862345  2.649383E-17
9027.13013831522  2.451632E-17
9028.928418007  2.704462E-17
9030.72669769878  2.610410E-17
9032.52497739056  2.590788E-17
9034.32325708233  2.600664E-17
9036.12153677411  2.686151E-17
9037.91981646589  2.847353E-17
9039.71809615767  2.793163E-17
9041.51637584944  2.741310E-17
9043.31465554122  2.605136E-17
9045.112935233  2.444051E-17
9046.91121492477  2.288929E-17
9048.70949461655  2.739949E-17
9050.50777430833  2.800903E-17
9052.30605400011  2.759001E-17
9054.10433369189  2.694039E-17
9055.90261338366  2.377155E-17
9057.70089307544  2.473255E-17
9059.49917276722  2.644352E-17
9061.297452459  2.700250E-17
9063.09573215077  2.930612E-17
9064.89401184255  2.917556E-17
9066.69229153433  2.807493E-17
9068.49057122611  2.616155E-17
9070.28885091788  2.541875E-17
9072.08713060966  2.512785E-17
9073.88541030144  2.631346E-17
9075.68368999322  2.634391E-17
9077.48196968499  2.632938E-17
9079.28024937677  2.464677E-17
9081.07852906855  2.716523E-17
9082.87680876033  2.341647E-17
9084.6750884521  2.734167E-17
9086.47336814388  2.552001E-17
9088.27164783566  2.411335E-17
9090.06992752743  2.824429E-17
9091.86820721921  3.023492E-17
9093.66648691099  2.906834E-17
9095.46476660277  2.689092E-17
9097.26304629455  2.703013E-17
9099.06132598632  2.739683E-17
9100.8596056781  2.943641E-17
9102.65788536988  2.664666E-17
9104.45616506166  2.605533E-17
9106.25444475343  2.865924E-17
9108.05272444521  2.733066E-17
9109.85100413699  2.533303E-17
9111.64928382877  2.566330E-17
9113.44756352054  2.789057E-17
9115.24584321232  2.838496E-17
9117.0441229041  2.722952E-17
9118.84240259588  2.464199E-17
9120.64068228765  2.343132E-17
9122.43896197943  2.388476E-17
9124.23724167121  2.433393E-17
9126.03552136299  2.628719E-17
9127.83380105476  2.585645E-17
9129.63208074654  2.647854E-17
9131.43036043832  2.555712E-17
9133.2286401301  2.297434E-17
9135.02691982187  2.409551E-17
9136.82519951365  2.782605E-17
9138.62347920543  2.569756E-17
9140.42175889721  2.368774E-17
9142.22003858898  2.337626E-17
9144.01831828076  2.745991E-17
9145.81659797254  2.671615E-17
9147.61487766432  2.276787E-17
9149.41315735609  2.198454E-17
9151.21143704787  2.295153E-17
9153.00971673965  2.819872E-17
9154.80799643143  2.481071E-17
9156.6062761232  2.113571E-17
9158.40455581498  2.212343E-17
9160.20283550676  2.162736E-17
9162.00111519853  2.292557E-17
9163.79939489031  2.630871E-17
9165.59767458209  2.403570E-17
9167.39595427387  2.053402E-17
9169.19423396564  2.155612E-17
9170.99251365742  2.365753E-17
9172.7907933492  1.953217E-17
9174.58907304098  2.262743E-17
9176.38735273276  2.302910E-17
9178.18563242453  2.342038E-17
9179.98391211631  2.371672E-17
9181.78219180809  2.110440E-17
9183.58047149987  2.105852E-17
9185.37875119164  2.188416E-17
9187.17703088342  2.250430E-17
9188.9753105752  2.355355E-17
9190.77359026698  2.270900E-17
9192.57186995875  2.212097E-17
9194.37014965053  2.294407E-17
9196.16842934231  2.195024E-17
9197.96670903408  2.108178E-17
9199.76498872586  2.080296E-17
9201.56326841764  2.426055E-17
9203.36154810942  2.139142E-17
9205.1598278012  1.983216E-17
9206.95810749298  2.450969E-17
9208.75638718475  2.209593E-17
9210.55466687653  2.014384E-17
9212.35294656831  1.980453E-17
9214.15122626008  2.225765E-17
9215.94950595186  2.319694E-17
9217.74778564364  2.368173E-17
9219.54606533541  2.375366E-17
9221.34434502719  2.172812E-17
9223.14262471897  2.063027E-17
9224.94090441075  2.091260E-17
9226.73918410253  2.035308E-17
9228.5374637943  2.134311E-17
9230.33574348608  2.064952E-17
9232.13402317786  2.179615E-17
9233.93230286963  2.393483E-17
9235.73058256141  2.369594E-17
9237.52886225319  2.344719E-17
9239.32714194497  2.130369E-17
9241.12542163675  2.233968E-17
9242.92370132853  2.405156E-17
9244.7219810203  2.369335E-17
9246.52026071208  2.233893E-17
9248.31854040385  2.293013E-17
9250.11682009563  2.503028E-17
9251.91509978741  2.320797E-17
9253.71337947919  2.321746E-17
9255.51165917097  2.584082E-17
9257.30993886274  2.628381E-17
9259.10821855452  2.534867E-17
9260.9064982463  2.539060E-17
9262.70477793808  2.590280E-17
9264.50305762985  2.470121E-17
9266.30133732163  2.197212E-17
9268.09961701341  2.303648E-17
9269.89789670519  2.662176E-17
9271.69617639696  2.617822E-17
9273.49445608874  2.547340E-17
9275.29273578052  2.275793E-17
9277.09101547229  2.538561E-17
9278.88929516407  2.576071E-17
9280.68757485585  2.353920E-17
9282.48585454763  2.191954E-17
9284.28413423941  2.375981E-17
9286.08241393118  2.559738E-17
9287.88069362296  2.298258E-17
9289.67897331474  2.414949E-17
9291.47725300652  2.591156E-17
9293.27553269829  2.281136E-17
9295.07381239007  2.586977E-17
9296.87209208185  2.702856E-17
9298.67037177363  2.553096E-17
9300.4686514654  2.491728E-17
9302.26693115718  2.626397E-17
9304.06521084896  2.786987E-17
9305.86349054073  2.615185E-17
9307.66177023251  2.526902E-17
9309.46004992429  2.594696E-17
9311.25832961607  2.469057E-17
9313.05660930784  2.558942E-17
9314.85488899962  2.674168E-17
9316.6531686914  2.660570E-17
9318.45144838318  2.984790E-17
9320.24972807496  2.769912E-17
9322.04800776673  2.568372E-17
9323.84628745851  3.014191E-17
9325.64456715029  2.799492E-17
9327.44284684207  1.958528E-17
9329.24112653384  2.322327E-17
9331.03940622562  2.075668E-17
9332.8376859174  2.068644E-17
9334.63596560918  2.596255E-17
9336.43424530095  2.209927E-17
9338.23252499273  2.596628E-17
9340.03080468451  2.736357E-17
9341.82908437629  2.980513E-17
9343.62736406806  2.703840E-17
9345.42564375984  2.486395E-17
9347.22392345162  2.584559E-17
9349.0222031434  2.692301E-17
9350.82048283517  2.863903E-17
9352.61876252695  2.851482E-17
9354.41704221873  2.905686E-17
9356.21532191051  3.209381E-17
9358.01360160228  3.087261E-17
9359.81188129406  2.980084E-17
9361.61016098584  2.683103E-17
9363.40844067762  2.636441E-17
9365.20672036939  2.736498E-17
9367.00500006117  2.872370E-17
9368.80327975295  2.679149E-17
9370.60155944473  2.694159E-17
9372.3998391365  3.001179E-17
9374.19811882828  2.647920E-17
9375.99639852006  3.044250E-17
9377.79467821184  3.183335E-17
9379.59295790361  3.171496E-17
9381.39123759539  4.397540E-17
9383.18951728717  4.127664E-17
9384.98779697894  3.479576E-17
9386.78607667072  3.302070E-17
9388.5843563625  3.190308E-17
9390.38263605428  3.333596E-17
9392.18091574606  3.179463E-17
9393.97919543783  3.286400E-17
9395.77747512961  3.335966E-17
9397.57575482139  3.523942E-17
9399.37403451317  3.530787E-17
9401.17231420494  3.272696E-17
9402.97059389672  3.219006E-17
9404.7688735885  3.211112E-17
9406.56715328027  3.388288E-17
9408.36543297205  3.317846E-17
9410.16371266383  3.388542E-17
9411.96199235561  3.271726E-17
9413.76027204739  3.313324E-17
9415.55855173916  3.593933E-17
9417.35683143094  3.704413E-17
9419.15511112272  3.727999E-17
9420.95339081449  3.671006E-17
9422.75167050627  3.297332E-17
9424.54995019805  3.297085E-17
9426.34822988983  3.142315E-17
9428.14650958161  3.376943E-17
9429.94478927338  3.013723E-17
9431.74306896516  3.058956E-17
9433.54134865694  3.260001E-17
9435.33962834872  3.337575E-17
9437.13790804049  3.397137E-17
9438.93618773227  3.108841E-17
9440.73446742405  2.822012E-17
9442.53274711583  2.707452E-17
9444.3310268076  3.030739E-17
9446.12930649938  2.455607E-17
9447.92758619116  3.540171E-17
9449.72586588294  3.819373E-17
9451.52414557471  3.083136E-17
9453.32242526649  3.036207E-17
9455.12070495827  3.350743E-17
9456.91898465005  3.505605E-17
9458.71726434183  3.276126E-17
9460.5155440336  3.460437E-17
9462.31382372538  3.528055E-17
9464.11210341716  3.057317E-17
9465.91038310893  2.940911E-17
9467.70866280071  3.363655E-17
9469.50694249249  3.302681E-17
9471.30522218427  3.398904E-17
9473.10350187604  3.674697E-17
9474.90178156782  3.192532E-17
9476.7000612596  3.042892E-17
9478.49834095138  2.187241E-17
9480.29662064315  2.321074E-17
9482.09490033493  2.628176E-17
9483.89318002671  3.043059E-17
9485.69145971849  3.354708E-17
9487.48973941026  2.912377E-17
9489.28801910204  3.080591E-17
9491.08629879382  3.472156E-17
9492.8845784856  3.824021E-17
9494.68285817737  3.492967E-17
9496.48113786915  3.033228E-17
9498.27941756093  2.929651E-17
9500.07769725271  2.996858E-17
9501.87597694448  2.771600E-17
9503.67425663626  2.915802E-17
9505.47253632804  3.157236E-17
9507.27081601982  2.957861E-17
9509.06909571159  2.958354E-17
9510.86737540337  3.714923E-17
9512.66565509515  3.449080E-17
9514.46393478693  2.905349E-17
9516.2622144787  3.323599E-17
9518.06049417048  3.164319E-17
9519.85877386226  3.284087E-17
9521.65705355404  2.963946E-17
9523.45533324581  2.671336E-17
9525.25361293759  2.863151E-17
9527.05189262937  2.746203E-17
9528.85017232115  2.635033E-17
9530.64845201292  2.908721E-17
9532.4467317047  2.868126E-17
9534.24501139648  3.145264E-17
9536.04329108826  3.208764E-17
9537.84157078004  3.143656E-17
9539.63985047181  3.031763E-17
9541.43813016359  2.958365E-17
9543.23640985537  3.070120E-17
9545.03468954714  2.635460E-17
9546.83296923892  2.685462E-17
9548.6312489307  2.956024E-17
9550.42952862248  2.999938E-17
9552.22780831425  3.179147E-17
9554.02608800603  2.779856E-17
9555.82436769781  3.234309E-17
9557.62264738959  3.209810E-17
9559.42092708136  2.838454E-17
9561.21920677314  3.275606E-17
9563.01748646492  3.165520E-17
9564.8157661567  2.735228E-17
9566.61404584847  2.603235E-17
9568.41232554025  2.596268E-17
9570.21060523203  2.535925E-17
9572.00888492381  2.515681E-17
9573.80716461558  2.770467E-17
9575.60544430736  3.048291E-17
9577.40372399914  2.926632E-17
9579.20200369092  2.870124E-17
9581.00028338269  3.209001E-17
9582.79856307447  3.059006E-17
9584.59684276625  2.814071E-17
9586.39512245803  2.990161E-17
9588.1934021498  2.811621E-17
9589.99168184158  2.641230E-17
9591.78996153336  2.565128E-17
9593.58824122514  2.628938E-17
9595.38652091691  2.988963E-17
9597.18480060869  3.059088E-17
9598.98308030047  2.777818E-17
9600.78135999225  2.960416E-17
9602.57963968402  3.032841E-17
9604.3779193758  3.134555E-17
9606.17619906758  3.230786E-17
9607.97447875936  2.835569E-17
9609.77275845113  2.549467E-17
9611.57103814291  2.527775E-17
9613.36931783469  2.576075E-17
9615.16759752647  2.439564E-17
9616.96587721825  2.624848E-17
9618.76415691002  2.927169E-17
9620.5624366018  2.528690E-17
9622.36071629358  2.291912E-17
9624.15899598535  2.568971E-17
9625.95727567713  2.788761E-17
9627.75555536891  2.567150E-17
9629.55383506069  2.375044E-17
9631.35211475246  2.350315E-17
9633.15039444424  2.581524E-17
9634.94867413602  2.346474E-17
9636.74695382779  2.515895E-17
9638.54523351957  2.513608E-17
9640.34351321135  2.248804E-17
9642.14179290313  2.280535E-17
9643.94007259491  2.199122E-17
9645.73835228668  1.994318E-17
9647.53663197846  2.207258E-17
9649.33491167024  2.301285E-17
9651.13319136202  2.120338E-17
9652.93147105379  2.137427E-17
9654.72975074557  2.139055E-17
9656.52803043735  2.020002E-17
9658.32631012913  2.148883E-17
9660.12458982091  2.276932E-17
9661.92286951268  2.395515E-17
9663.72114920446  2.014053E-17
9665.51942889624  2.031226E-17
9667.31770858801  2.108526E-17
9669.11598827979  2.007898E-17
9670.91426797157  2.102494E-17
9672.71254766334  1.966401E-17
9674.51082735512  2.040747E-17
9676.3091070469  2.043138E-17
9678.10738673868  1.906844E-17
9679.90566643046  1.942094E-17
9681.70394612223  2.098299E-17
9683.50222581401  2.032843E-17
9685.30050550579  1.894260E-17
9687.09878519757  1.965339E-17
9688.89706488934  2.324151E-17
9690.69534458112  2.153314E-17
9692.4936242729  1.904227E-17
9694.29190396468  2.196663E-17
9696.09018365646  1.895734E-17
9697.88846334823  2.121141E-17
9699.68674304001  2.076655E-17
9701.48502273178  1.683752E-17
9703.28330242356  1.621858E-17
9705.08158211534  1.890949E-17
9706.87986180712  1.754631E-17
9708.6781414989  1.634286E-17
9710.47642119067  1.634272E-17
9712.27470088245  1.617651E-17
9714.07298057423  1.692449E-17
9715.87126026601  1.629920E-17
9717.66953995778  1.337616E-17
9719.46781964956  1.507146E-17
9721.26609934134  1.653485E-17
9723.06437903312  1.800295E-17
9724.86265872489  1.631147E-17
9726.66093841667  1.421359E-17
9728.45921810845  1.587578E-17
9730.25749780023  1.426058E-17
9732.055777492  1.361889E-17
9733.85405718378  1.703498E-17
9735.65233687556  1.604777E-17
9737.45061656734  1.297121E-17
9739.24889625911  1.405509E-17
9741.04717595089  1.379012E-17
9742.84545564267  1.452139E-17
9744.64373533445  1.462886E-17
9746.44201502622  1.517917E-17
9748.240294718  1.437927E-17
9750.03857440978  1.419849E-17
9751.83685410156  1.523640E-17
9753.63513379334  1.384141E-17
9755.43341348511  1.325529E-17
9757.23169317689  1.488316E-17
9759.02997286867  1.199234E-17
9760.82825256044  1.227393E-17
9762.62653225222  1.213510E-17
9764.424811944  1.498725E-17
9766.22309163578  1.287517E-17
9768.02137132755  1.253953E-17
9769.81965101933  1.149472E-17
9771.61793071111  1.197168E-17
9773.41621040289  1.320061E-17
9775.21449009466  1.367130E-17
9777.01276978644  1.202998E-17
9778.81104947822  1.196834E-17
9780.60932917  1.358644E-17
9782.40760886177  1.254626E-17
9784.20588855355  1.069934E-17
9786.00416824533  1.179725E-17
9787.80244793711  1.227904E-17
9789.60072762888  8.689782E-18
9791.39900732066  1.019975E-17
9793.19728701244  1.069759E-17
9794.99556670422  1.176934E-17
9796.79384639599  1.218985E-17
9798.59212608777  1.173469E-17
9800.39040577955  1.022798E-17
9802.18868547133  1.095057E-17
9803.9869651631  9.166069E-18
9805.78524485488  1.319224E-17
9807.58352454666  1.379269E-17
9809.38180423844  9.097754E-18
9811.18008393021  9.020831E-18
9812.97836362199  1.164380E-17
9814.77664331377  1.326380E-17
9816.57492300555  1.609185E-17
9818.37320269732  1.475831E-17
9820.1714823891  1.477935E-17
9821.96976208088  1.140264E-17
9823.76804177266  9.319390E-18
9825.56632146443  8.899743E-18
9827.36460115621  1.056894E-17
9829.16288084799  9.002499E-18
9830.96116053977  8.699078E-18
9832.75944023155  1.115494E-17
9834.55771992332  9.821198E-18
9836.3559996151  8.664596E-18
9838.15427930688  1.032250E-17
9839.95255899865  8.293592E-18
9841.75083869043  1.074255E-17
9843.54911838221  8.975165E-18
9845.34739807399  7.891810E-18
9847.14567776576  1.095016E-17
9848.94395745754  1.107944E-17
9850.74223714932  1.097494E-17
9852.5405168411  1.011394E-17
9854.33879653287  8.752638E-18
9856.13707622465  8.089839E-18
9857.93535591643  8.578162E-18
9859.7336356082  6.400466E-18
9861.53191529998  7.721431E-18
9863.33019499176  8.243972E-18
9865.12847468354  8.439493E-18
9866.92675437532  7.133871E-18
9868.72503406709  7.708078E-18
9870.52331375887  8.931386E-18
9872.32159345065  1.003397E-17
9874.11987314243  8.642813E-18
9875.9181528342  7.629842E-18
9877.71643252598  8.642959E-18
9879.51471221776  1.170962E-17
9881.31299190954  8.757188E-18
9883.11127160131  6.336597E-18
9884.90955129309  7.409494E-18
9886.70783098487  7.546472E-18
9888.50611067665  7.212178E-18
9890.30439036842  8.001047E-18
9892.1026700602  5.759895E-18
9893.90094975198  4.556938E-18
9895.69922944376  5.187687E-18
9897.49750913553  9.036610E-18
9899.29578882731  9.601554E-18
9901.09406851909  6.168008E-18
9902.89234821087  7.701217E-18
9904.69062790264  7.085809E-18
9906.48890759442  6.633187E-18
9908.2871872862  7.285057E-18
9910.08546697798  6.233635E-18
9911.88374666976  6.138696E-18
9913.68202636153  7.130804E-18
9915.48030605331  8.788660E-18
9917.27858574509  5.904823E-18
9919.07686543686  2.609652E-18
9920.87514512864  4.305300E-18
9922.67342482042  5.502777E-18
9924.4717045122  6.044828E-18
9926.26998420397  6.768837E-18
9928.06826389575  6.733902E-18
9929.86654358753  5.342133E-18
9931.6648232793  6.338051E-18
9933.46310297108  6.046076E-18
9935.26138266286  4.327057E-18
9937.05966235464  5.382988E-18
9938.85794204642  7.327878E-18
9940.65622173819  6.322037E-18
9942.45450142997  5.478385E-18
9944.25278112175  7.398283E-18
9946.05106081353  9.492909E-18
9947.84934050531  4.717532E-18
9949.64762019708  7.583309E-18
9951.44589988886  5.270761E-18
9953.24417958064  4.385365E-18
9955.04245927241  5.509879E-18
9956.84073896419  7.545285E-18
9958.63901865597  4.625983E-18
9960.43729834775  3.523072E-18
9962.23557803952  3.847578E-18
9964.0338577313  5.884810E-18
9965.83213742308  4.726303E-18
9967.63041711486  4.684091E-18
9969.42869680663  6.818157E-18
9971.22697649841  6.297986E-18
9973.02525619019  3.732329E-18
9974.82353588197  3.399935E-18
9976.62181557375  6.603160E-18
9978.42009526552  4.890639E-18
9980.2183749573  7.598446E-18
9982.01665464908  4.456507E-18
9983.81493434086  4.950919E-18
9985.61321403263  7.752654E-18
9987.41149372441  7.955692E-18
9989.20977341619  6.435301E-18
9991.00805310797  5.910129E-18
9992.80633279974  4.824798E-18
9994.60461249152  4.666872E-18
9996.4028921833  4.389715E-18
9998.20117187507  5.092329E-18
