3650.15991211  3.476378E-17
3655.67827749315  1.792929E-17
3661.1966428763  2.008276E-17
3666.71500825945  -1.864879E-17
3672.2333736426  9.107842E-18
3677.75173902575  5.786472E-19
3683.2701044089  -6.161535E-18
3688.78846979205  -1.112657E-17
3694.3068351752  6.169489E-18
3699.82520055835  4.814091E-18
3705.3435659415  1.591658E-18
3710.86193132465  1.379224E-17
3716.3802967078  3.214665E-17
3721.89866209095  1.092453E-17
3727.4170274741  9.445554E-18
3732.93539285725  2.549060E-17
3738.4537582404  5.670340E-18
3743.97212362355  2.104274E-17
3749.4904890067  3.742025E-17
3755.00885438985  7.678159E-18
3760.527219773  7.972918E-18
3766.04558515615  -1.035724E-19
3771.5639505393  5.190552E-18
3777.08231592245  -1.622633E-18
3782.6006813056  6.657755E-18
3788.11904668875  4.606238E-18
3793.6374120719  -3.945185E-18
3799.15577745505  5.187991E-18
3804.6741428382  4.810576E-18
3810.19250822135  1.493052E-17
3815.7108736045  -6.684991E-19
3821.22923898765  1.040546E-17
3826.7476043708  -1.961536E-18
3832.26596975395  9.499357E-18
3837.7843351371  1.359170E-17
3843.30270052025  -1.582539E-18
3848.8210659034  2.236507E-17
3854.33943128655  5.327805E-18
3859.8577966697  6.458817E-18
3865.37616205285  -5.443653E-18
3870.894527436  1.315687E-17
3876.41289281915  -5.864306E-18
3881.9312582023  3.915981E-18
3887.44962358545  -9.319741E-18
3892.9679889686  4.909814E-18
3898.48635435175  1.410299E-17
3904.0047197349  4.643736E-18
3909.52308511805  1.120022E-17
3915.0414505012  2.373916E-18
3920.55981588435  -1.955404E-19
3926.0781812675  8.935439E-18
3931.59654665065  5.710547E-18
3937.1149120338  1.919591E-17
3942.63327741695  -4.470813E-18
3948.1516428001  3.485765E-18
3953.67000818325  5.433414E-18
3959.1883735664  4.307954E-18
3964.70673894955  -2.166285E-18
3970.2251043327  -9.242029E-18
3975.74346971585  1.963921E-18
3981.261835099  1.961620E-18
3986.78020048215  1.493964E-17
3992.2985658653  6.278191E-18
3997.81693124845  1.185051E-17
4003.3352966316  4.548302E-18
4008.85366201475  9.685733E-18
4014.3720273979  1.523483E-17
4019.89039278105  1.833379E-17
4025.4087581642  1.252988E-17
4030.92712354735  1.092292E-17
4036.4454889305  1.110421E-17
4041.96385431365  1.729127E-17
4047.4822196968  1.638773E-17
4053.00058507995  1.342495E-17
4058.5189504631  6.679779E-18
4064.03731584625  1.255910E-17
4069.5556812294  2.297756E-17
4075.07404661255  1.498711E-17
4080.5924119957  1.736434E-17
4086.11077737885  1.640922E-17
4091.629142762  6.324618E-18
4097.14750814515  9.102718E-18
4102.6658735283  4.839530E-18
4108.18423891145  9.768178E-18
4113.7026042946  1.032640E-17
4119.22096967775  1.887325E-18
4124.7393350609  6.374209E-18
4130.25770044405  7.194095E-18
4135.7760658272  2.063593E-17
4141.29443121035  1.772905E-17
4146.8127965935  4.375984E-18
4152.33116197665  6.788284E-18
4157.8495273598  1.462920E-17
4163.36789274295  7.234932E-18
4168.8862581261  9.106594E-18
4174.40462350925  4.549612E-18
4179.9229888924  3.462460E-18
4185.44135427555  8.843189E-18
4190.9597196587  7.125551E-18
4196.47808504185  8.884903E-18
4201.996450425  1.053202E-17
4207.51481580815  6.671730E-18
4213.0331811913  6.762595E-18
4218.55154657445  8.528573E-18
4224.0699119576  3.175568E-18
4229.58827734075  6.444556E-18
4235.1066427239  9.837152E-18
4240.62500810705  5.192576E-18
4246.1433734902  1.398661E-17
4251.66173887335  5.223167E-19
4257.1801042565  1.329551E-17
4262.69846963965  4.767887E-18
4268.2168350228  8.766594E-18
4273.73520040595  2.622984E-18
4279.2535657891  4.204962E-18
4284.77193117225  7.347476E-18
4290.2902965554  4.354917E-18
4295.80866193855  2.849241E-18
4301.3270273217  1.374649E-17
4306.84539270485  8.603865E-18
4312.363758088  7.604653E-18
4317.88212347115  2.194426E-17
4323.4004888543  1.151348E-17
4328.91885423745  1.304021E-17
4334.4372196206  1.505660E-17
4339.95558500375  1.032849E-17
4345.4739503869  1.689041E-17
4350.99231577005  8.304102E-18
4356.5106811532  1.662336E-17
4362.02904653635  1.064739E-17
4367.5474119195  1.004393E-17
4373.06577730265  1.490184E-17
4378.5841426858  4.478168E-18
4384.10250806895  7.429194E-18
4389.6208734521  1.009705E-17
4395.13923883525  6.481466E-18
4400.6576042184  9.191492E-18
4406.17596960155  1.092076E-17
4411.6943349847  1.037817E-17
4417.21270036785  1.280294E-17
4422.731065751  1.567385E-17
4428.24943113415  1.986101E-17
4433.7677965173  4.969593E-18
4439.28616190045  9.832112E-18
4444.8045272836  6.402868E-18
4450.32289266675  1.270719E-17
4455.8412580499  8.830022E-18
4461.35962343305  6.119225E-18
4466.8779888162  1.289694E-17
4472.39635419935  2.091492E-17
4477.9147195825  1.394226E-17
4483.43308496565  1.209807E-17
4488.9514503488  1.194268E-17
4494.46981573195  1.699957E-17
4499.9881811151  1.884972E-17
4505.50654649825  2.024255E-17
4511.0249118814  1.366391E-17
4516.54327726455  1.416799E-17
4522.0616426477  2.101964E-17
4527.58000803085  1.560775E-17
4533.098373414  2.007383E-17
4538.61673879715  1.236745E-17
4544.1351041803  1.912040E-17
4549.65346956345  9.683455E-18
4555.1718349466  1.396575E-17
4560.69020032975  1.972908E-17
4566.2085657129  2.286838E-17
4571.72693109605  2.089199E-17
4577.2452964792  1.925765E-17
4582.76366186235  2.349257E-17
4588.2820272455  2.021805E-17
4593.80039262865  1.973402E-17
4599.3187580118  1.544792E-17
4604.83712339495  1.847139E-17
4610.3554887781  2.315815E-17
4615.87385416125  2.652125E-17
4621.3922195444  2.300741E-17
4626.91058492755  1.942123E-17
4632.4289503107  1.804338E-17
4637.94731569385  1.581673E-17
4643.465681077  2.120569E-17
4648.98404646015  2.634440E-17
4654.5024118433  1.271198E-17
4660.02077722645  2.734578E-17
4665.5391426096  2.383923E-17
4671.05750799275  1.538917E-17
4676.5758733759  2.349171E-17
4682.09423875905  2.320599E-17
4687.6126041422  2.474389E-17
4693.13096952535  1.612156E-17
4698.6493349085  2.201306E-17
4704.16770029165  2.411342E-17
4709.6860656748  1.803965E-17
4715.20443105795  2.658514E-17
4720.7227964411  2.123404E-17
4726.24116182425  1.266448E-17
4731.7595272074  1.194422E-17
4737.27789259055  2.168132E-17
4742.7962579737  1.930285E-17
4748.31462335685  1.217209E-17
4753.83298874  1.727101E-17
4759.35135412315  2.470188E-17
4764.8697195063  1.732187E-17
4770.38808488945  1.741161E-17
4775.9064502726  2.094727E-17
4781.42481565575  1.836802E-17
4786.9431810389  2.178101E-17
4792.46154642205  1.185246E-17
4797.9799118052  1.273441E-17
4803.49827718835  1.281938E-17
4809.0166425715  2.251654E-17
4814.53500795465  1.582814E-17
4820.0533733378  1.535852E-17
4825.57173872096  1.615931E-17
4831.0901041041  1.221222E-17
4836.60846948725  1.722752E-17
4842.1268348704  1.309164E-17
4847.64520025355  2.064945E-17
4853.1635656367  1.474025E-17
4858.68193101985  1.214904E-17
4864.200296403  1.197996E-17
4869.71866178615  1.910850E-17
4875.2370271693  1.479773E-17
4880.75539255245  1.428366E-17
4886.2737579356  1.824701E-17
4891.79212331875  1.496775E-17
4897.3104887019  1.097027E-17
4902.82885408505  1.126612E-17
4908.3472194682  1.219348E-17
4913.86558485135  1.474615E-17
4919.3839502345  1.707295E-17
4924.90231561765  1.126799E-17
4930.4206810008  1.178934E-17
4935.93904638396  1.306530E-17
4941.4574117671  1.320492E-17
4946.97577715025  1.102006E-17
4952.4941425334  1.316828E-17
4958.01250791655  1.587579E-17
4963.53087329971  1.722321E-17
4969.04923868286  1.800745E-17
4974.56760406601  1.276570E-17
4980.08596944915  9.958944E-18
4985.6043348323  1.632738E-17
4991.12270021545  9.606245E-18
4996.6410655986  1.150235E-17
5002.15943098175  1.962712E-17
5007.67779636491  2.081896E-17
5013.19616174805  1.845441E-17
5018.71452713121  8.660835E-18
5024.23289251435  1.349340E-17
5029.75125789751  1.732259E-17
5035.26962328065  1.289259E-17
5040.7879886638  1.668316E-17
5046.30635404696  7.058217E-18
5051.82471943011  1.925920E-17
5057.34308481326  1.022090E-17
5062.8614501964  1.401598E-17
5068.37981557955  2.008253E-17
5073.89818096271  1.764728E-17
5079.41654634586  2.117088E-17
5084.93491172901  1.652295E-17
5090.45327711216  1.474802E-17
5095.97164249531  1.387384E-17
5101.49000787846  2.155912E-17
5107.00837326161  2.042136E-17
5112.52673864476  2.912296E-17
5118.04510402791  2.700436E-17
5123.56346941106  1.965373E-17
5129.0818347942  2.057448E-17
5134.60020017736  1.668863E-17
5140.1185655605  2.156384E-17
5145.63693094365  2.221179E-17
5151.1552963268  2.410721E-17
5156.67366170996  2.591219E-17
5162.19202709311  2.182079E-17
5167.71039247625  2.376885E-17
5173.2287578594  2.168459E-17
5178.74712324255  1.951871E-17
5184.2654886257  2.540255E-17
5189.78385400885  2.536277E-17
5195.302219392  2.817075E-17
5200.82058477516  3.022263E-17
5206.3389501583  2.755659E-17
5211.85731554145  2.857567E-17
5217.3756809246  2.703618E-17
5222.89404630775  2.146132E-17
5228.4124116909  3.452854E-17
5233.93077707405  2.601972E-17
5239.44914245721  2.951411E-17
5244.96750784035  3.123875E-17
5250.4858732235  2.698108E-17
5256.00423860665  2.847990E-17
5261.52260398981  2.961207E-17
5267.04096937295  2.470120E-17
5272.5593347561  2.927469E-17
5278.07770013926  2.937841E-17
5283.5960655224  2.599449E-17
5289.11443090556  2.623293E-17
5294.6327962887  2.595363E-17
5300.15116167185  3.111093E-17
5305.669527055  2.712934E-17
5311.18789243815  2.760409E-17
5316.70625782131  3.079981E-17
5322.22462320445  2.621861E-17
5327.7429885876  2.487986E-17
5333.26135397075  2.978130E-17
5338.77971935391  3.398268E-17
5344.29808473705  2.961186E-17
5349.8164501202  2.569196E-17
5355.33481550335  2.292639E-17
5360.8531808865  2.528829E-17
5366.37154626966  2.450474E-17
5371.8899116528  2.550438E-17
5377.40827703595  2.373888E-17
5382.9266424191  3.215636E-17
5388.44500780225  2.918001E-17
5393.9633731854  3.109073E-17
5399.48173856855  2.470375E-17
5405.00010395171  2.561135E-17
5410.51846933485  2.373591E-17
5416.03683471801  2.749361E-17
5421.55520010116  2.535807E-17
5427.07356548431  2.929651E-17
5432.59193086745  2.843435E-17
5438.1102962506  2.462935E-17
5443.62866163376  2.304015E-17
5449.1470270169  1.933311E-17
5454.66539240005  2.036911E-17
5460.1837577832  2.618458E-17
5465.70212316635  2.291778E-17
5471.2204885495  2.419660E-17
5476.73885393265  2.226903E-17
5482.25721931581  2.654441E-17
5487.77558469895  2.439537E-17
5493.29395008211  2.705196E-17
5498.81231546525  2.691368E-17
5504.33068084841  2.646373E-17
5509.84904623155  3.086107E-17
5515.3674116147  2.396598E-17
5520.88577699786  2.241711E-17
5526.404142381  2.505929E-17
5531.92250776416  2.440205E-17
5537.44087314731  2.439739E-17
5542.95923853046  1.977230E-17
5548.4776039136  2.378921E-17
5553.99596929675  2.168586E-17
5559.51433467991  1.959837E-17
5565.03270006306  2.004544E-17
5570.55106544621  3.090628E-17
5576.06943082936  4.059084E-17
5581.5877962125  4.721371E-17
5587.10616159565  1.277126E-17
5592.6245269788  1.488989E-17
5598.14289236196  2.662654E-17
5603.6612577451  2.247438E-17
5609.17962312825  2.135235E-17
5614.69798851141  2.851636E-17
5620.21635389456  3.078701E-17
5625.7347192777  3.005489E-17
5631.25308466085  2.433991E-17
5636.77145004401  2.086717E-17
5642.28981542716  2.378960E-17
5647.80818081031  2.224116E-17
5653.32654619346  2.527062E-17
5658.8449115766  2.414502E-17
5664.36327695975  2.890861E-17
5669.88164234291  2.661497E-17
5675.40000772606  3.089012E-17
5680.91837310921  3.411923E-17
5686.43673849236  3.285688E-17
5691.95510387551  1.874326E-17
5697.47346925866  2.673037E-17
5702.99183464181  2.036422E-17
5708.51020002496  2.187726E-17
5714.02856540811  2.677163E-17
5719.54693079126  2.110258E-17
5725.06529617441  2.402725E-17
5730.58366155756  1.957263E-17
5736.1020269407  1.489248E-17
5741.62039232385  2.267280E-17
5747.138757707  1.907991E-17
5752.65712309016  1.462070E-17
5758.17548847331  2.879241E-17
5763.69385385646  1.847868E-17
5769.21221923961  2.228728E-17
5774.73058462276  1.288346E-17
5780.24895000591  2.495007E-17
5785.76731538906  2.575173E-17
5791.28568077221  3.129007E-17
5796.80404615536  2.122167E-17
5802.32241153851  1.892194E-17
5807.84077692166  2.467309E-17
5813.35914230481  2.511372E-17
5818.87750768796  1.804163E-17
5824.39587307111  2.890484E-17
5829.91423845426  2.300962E-17
5835.43260383741  2.274868E-17
5840.95096922056  2.612293E-17
5846.46933460371  2.510315E-17
5851.98769998686  1.809922E-17
5857.50606537001  2.540073E-17
5863.02443075316  1.696717E-17
5868.54279613631  2.082225E-17
5874.06116151946  2.367961E-17
5879.57952690261  1.729070E-17
5885.09789228575  2.258001E-17
5890.61625766891  3.049826E-17
5896.13462305206  2.126144E-17
5901.65298843521  1.208584E-17
5907.17135381836  2.116528E-17
5912.68971920151  1.764802E-17
5918.20808458466  1.426092E-17
5923.72644996781  2.513147E-17
5929.24481535096  2.369048E-17
5934.76318073411  2.310741E-17
5940.28154611726  2.708501E-17
5945.79991150041  2.513902E-17
5951.31827688356  2.047225E-17
5956.83664226671  2.535790E-17
5962.35500764986  2.676370E-17
5967.87337303301  2.172613E-17
5973.39173841616  2.353191E-17
5978.91010379931  2.490121E-17
5984.42846918246  2.823272E-17
5989.94683456561  2.708967E-17
5995.46519994876  2.067741E-17
6000.98356533191  2.549620E-17
6006.50193071506  2.533345E-17
6012.02029609821  2.100599E-17
6017.53866148136  2.410373E-17
6023.05702686451  2.498048E-17
6028.57539224766  2.881251E-17
6034.09375763081  2.616165E-17
6039.61212301396  2.429393E-17
6045.13048839711  2.844871E-17
6050.64885378026  2.501590E-17
6056.16721916341  3.630208E-17
6061.68558454656  3.615329E-17
6067.20394992971  3.428013E-17
6072.72231531286  3.090070E-17
6078.24068069601  2.928850E-17
6083.75904607916  3.612454E-17
6089.27741146231  3.202418E-17
6094.79577684546  3.743036E-17
6100.31414222861  3.065252E-17
6105.83250761176  2.820719E-17
6111.35087299491  3.305057E-17
6116.86923837806  3.042619E-17
6122.38760376121  3.642401E-17
6127.90596914436  2.792973E-17
6133.42433452751  3.330606E-17
6138.94269991066  3.248438E-17
6144.46106529381  3.225993E-17
6149.97943067696  2.606493E-17
6155.49779606011  3.244322E-17
6161.01616144326  2.925246E-17
6166.53452682641  3.112323E-17
6172.05289220956  3.213352E-17
6177.57125759271  3.025450E-17
6183.08962297586  3.637604E-17
6188.60798835901  3.012236E-17
6194.12635374216  3.454840E-17
6199.64471912531  3.657153E-17
6205.16308450846  3.031456E-17
6210.68144989161  3.141104E-17
6216.19981527476  2.678552E-17
6221.71818065791  2.707179E-17
6227.23654604106  3.282226E-17
6232.75491142421  3.157936E-17
6238.27327680736  3.292881E-17
6243.79164219051  3.691174E-17
6249.31000757366  3.538505E-17
6254.82837295681  2.939605E-17
6260.34673833996  3.327174E-17
6265.86510372311  3.734764E-17
6271.38346910626  3.703477E-17
6276.90183448941  3.433511E-17
6282.42019987256  2.923854E-17
6287.93856525571  3.055315E-17
6293.45693063886  3.911020E-17
6298.97529602201  4.003738E-17
6304.49366140516  3.258069E-17
6310.01202678831  3.313443E-17
6315.53039217146  3.245084E-17
6321.04875755461  3.413407E-17
6326.56712293776  3.389974E-17
6332.08548832091  2.934344E-17
6337.60385370406  3.148388E-17
6343.12221908721  3.090286E-17
6348.64058447036  3.183251E-17
6354.15894985351  3.283084E-17
6359.67731523666  3.572076E-17
6365.19568061981  2.983868E-17
6370.71404600296  2.518414E-17
6376.23241138611  3.111036E-17
6381.75077676926  3.024780E-17
6387.26914215241  4.517226E-17
6392.78750753556  2.355294E-17
6398.30587291871  3.085140E-17
6403.82423830186  3.358535E-17
6409.34260368501  3.370355E-17
6414.86096906816  3.050327E-17
6420.37933445131  3.525369E-17
6425.89769983446  3.566352E-17
6431.41606521761  3.810280E-17
6436.93443060076  3.071356E-17
6442.45279598391  3.754994E-17
6447.97116136706  4.171010E-17
6453.48952675021  3.523122E-17
6459.00789213336  3.427830E-17
6464.52625751651  2.508488E-17
6470.04462289966  3.313112E-17
6475.56298828281  3.342488E-17
6481.08135366596  2.979202E-17
6486.59971904911  3.094317E-17
6492.11808443226  2.519183E-17
6497.63644981541  2.855107E-17
6503.15481519856  3.116034E-17
6508.67318058171  2.983471E-17
6514.19154596486  3.305036E-17
6519.70991134801  2.753769E-17
6525.22827673116  2.024266E-17
6530.74664211431  2.308723E-17
6536.26500749746  2.547331E-17
6541.78337288061  3.332783E-17
6547.30173826376  3.130209E-17
6552.82010364691  2.339404E-17
6558.33846903006  1.920990E-17
6563.85683441321  2.154043E-17
6569.37519979636  2.447972E-17
6574.89356517951  2.975094E-17
6580.41193056266  2.666420E-17
6585.93029594581  1.985434E-17
6591.44866132896  1.890579E-17
6596.96702671211  2.151353E-17
6602.48539209526  2.436277E-17
6608.00375747841  3.068688E-17
6613.52212286156  2.660791E-17
6619.04048824471  2.757238E-17
6624.55885362786  2.573429E-17
6630.07721901101  2.532165E-17
6635.59558439416  2.760961E-17
6641.11394977731  3.265594E-17
6646.63231516046  3.154688E-17
6652.15068054361  2.771198E-17
6657.66904592676  3.090672E-17
6663.18741130991  2.944718E-17
6668.70577669306  2.496874E-17
6674.22414207621  3.058208E-17
6679.74250745936  3.125206E-17
6685.26087284251  3.050771E-17
6690.77923822566  2.896728E-17
6696.29760360881  2.412004E-17
6701.81596899196  2.371108E-17
6707.33433437511  2.583610E-17
6712.85269975826  2.689946E-17
6718.37106514141  2.711631E-17
6723.88943052456  2.477039E-17
6729.40779590771  2.721385E-17
6734.92616129086  2.725685E-17
6740.44452667401  2.889866E-17
6745.96289205716  2.412925E-17
6751.48125744031  2.794878E-17
6756.99962282346  2.583163E-17
6762.51798820661  3.278503E-17
6768.03635358976  2.389321E-17
6773.55471897291  2.954303E-17
6779.07308435606  2.163122E-17
6784.59144973921  2.759957E-17
6790.10981512236  2.063405E-17
6795.62818050551  2.787898E-17
6801.14654588866  3.206251E-17
6806.66491127181  2.827929E-17
6812.18327665496  2.489699E-17
6817.70164203811  2.442505E-17
6823.22000742126  2.241246E-17
6828.73837280441  2.056005E-17
6834.25673818756  2.394064E-17
6839.77510357071  2.225310E-17
6845.29346895386  2.576166E-17
6850.81183433701  2.398531E-17
6856.33019972016  2.443838E-17
6861.84856510331  2.607038E-17
6867.36693048646  1.769244E-17
6872.88529586961  2.066870E-17
6878.40366125276  2.506754E-17
6883.92202663591  2.424536E-17
6889.44039201906  2.391234E-17
6894.95875740221  1.572078E-17
6900.47712278536  1.422457E-17
6905.99548816851  2.025403E-17
6911.51385355166  1.468210E-17
6917.03221893481  1.964622E-17
6922.55058431796  1.575939E-17
6928.06894970111  2.315407E-17
6933.58731508426  2.139088E-17
6939.10568046741  2.330671E-17
6944.62404585056  2.220906E-17
6950.14241123371  2.600440E-17
6955.66077661686  1.487509E-17
6961.17914200001  2.143526E-17
6966.69750738316  2.894058E-17
6972.21587276631  2.676203E-17
6977.73423814946  2.392430E-17
6983.25260353261  3.149800E-17
6988.77096891576  2.111513E-17
6994.28933429891  2.004398E-17
6999.80769968206  2.160296E-17
7005.32606506521  1.661912E-17
7010.84443044836  2.430259E-17
7016.36279583151  2.416044E-17
7021.88116121466  2.096183E-17
7027.39952659781  2.448700E-17
7032.91789198096  2.273449E-17
7038.43625736411  2.478319E-17
7043.95462274726  2.776592E-17
7049.47298813041  2.565444E-17
7054.99135351356  2.840413E-17
7060.50971889671  2.047601E-17
7066.02808427986  2.433582E-17
7071.54644966301  2.309766E-17
7077.06481504616  2.254657E-17
7082.58318042931  2.117578E-17
7088.10154581246  2.353485E-17
7093.61991119561  2.047539E-17
7099.13827657876  3.022707E-17
7104.65664196191  2.149630E-17
7110.17500734506  2.944717E-17
7115.69337272821  2.977235E-17
7121.21173811136  2.707139E-17
7126.73010349451  2.059544E-17
7132.24846887766  1.083774E-17
7137.76683426081  2.074161E-17
7143.28519964396  2.316585E-17
7148.80356502711  2.025579E-17
7154.32193041026  2.082977E-17
7159.84029579341  2.337497E-17
7165.35866117656  2.295505E-17
7170.87702655971  1.724907E-17
7176.39539194286  1.970007E-17
7181.91375732601  2.013968E-17
7187.43212270916  2.170802E-17
7192.95048809231  2.713776E-17
7198.46885347546  2.064835E-17
7203.98721885861  1.053172E-17
7209.50558424176  1.909595E-17
7215.02394962491  2.547064E-17
7220.54231500806  2.696724E-17
7226.06068039121  2.125276E-17
7231.57904577436  1.346057E-17
7237.09741115751  1.869894E-17
7242.61577654066  2.113788E-17
7248.13414192381  2.363643E-17
7253.65250730696  2.038603E-17
7259.17087269011  1.923748E-17
7264.68923807326  1.938996E-17
7270.20760345641  3.265368E-17
7275.72596883956  4.146586E-17
7281.24433422271  2.963838E-17
7286.76269960586  2.740056E-17
7292.28106498901  2.593907E-17
7297.79943037216  2.590136E-17
7303.31779575531  2.885131E-17
7308.83616113846  2.730446E-17
7314.35452652161  2.232422E-17
7319.87289190476  2.195468E-17
7325.39125728791  2.469723E-17
7330.90962267106  2.942287E-17
7336.42798805421  2.974667E-17
7341.94635343736  2.673106E-17
7347.46471882051  2.853245E-17
7352.98308420366  2.732977E-17
7358.50144958681  2.565712E-17
7364.01981496996  2.569354E-17
7369.53818035311  2.892137E-17
7375.05654573626  2.844680E-17
7380.57491111941  2.542276E-17
7386.09327650256  2.647235E-17
7391.61164188571  3.557034E-17
7397.13000726886  2.992818E-17
7402.64837265201  2.837513E-17
7408.16673803516  2.789303E-17
7413.68510341831  2.978701E-17
7419.20346880146  2.784310E-17
7424.72183418461  2.603972E-17
7430.24019956776  2.193712E-17
7435.75856495091  2.580590E-17
7441.27693033406  2.406838E-17
7446.79529571721  2.730711E-17
7452.31366110036  3.357129E-17
7457.83202648351  3.073982E-17
7463.35039186666  2.647019E-17
7468.86875724981  2.393086E-17
7474.38712263296  2.490893E-17
7479.90548801611  2.415745E-17
7485.42385339926  2.746362E-17
7490.94221878241  3.378579E-17
7496.46058416556  3.032476E-17
7501.97894954871  2.666449E-17
7507.49731493186  2.591549E-17
7513.01568031501  2.647291E-17
7518.53404569816  3.179881E-17
7524.05241108131  4.142243E-17
7529.57077646446  3.957058E-17
7535.08914184761  2.428724E-17
7540.60750723076  1.785934E-17
7546.12587261391  2.867419E-17
7551.64423799706  3.226510E-17
7557.16260338021  3.096773E-17
7562.68096876336  2.510830E-17
7568.19933414651  2.001444E-17
7573.71769952966  2.325785E-17
7579.23606491281  3.078174E-17
7584.75443029596  3.663420E-17
7590.27279567911  3.939194E-17
7595.79116106226  3.999775E-17
7601.30952644541  1.848511E-17
7606.82789182856  1.515943E-17
7612.34625721171  2.789725E-17
7617.86462259486  2.572038E-17
7623.38298797801  3.614639E-17
7628.90135336116  3.191628E-17
7634.41971874431  1.923118E-17
7639.93808412746  1.466182E-17
7645.45644951061  2.752103E-17
7650.97481489376  2.539184E-17
7656.49318027691  3.189965E-17
7662.01154566006  3.749230E-17
7667.52991104321  1.767354E-17
7673.04827642636  2.060272E-17
7678.56664180951  2.441981E-17
7684.08500719266  3.043514E-17
7689.60337257581  2.618861E-17
7695.12173795896  2.485524E-17
7700.64010334211  1.002993E-17
7706.15846872526  1.152872E-17
7711.67683410841  2.754630E-17
7717.19519949156  3.649516E-17
7722.71356487471  3.220915E-17
7728.23193025786  2.913448E-17
7733.75029564101  2.088076E-17
7739.26866102416  1.348614E-17
7744.78702640731  1.785442E-17
7750.30539179046  3.256821E-17
7755.82375717361  5.405858E-17
7761.34212255676  3.934418E-17
7766.86048793991  1.889711E-17
7772.37885332306  2.690776E-17
7777.89721870621  2.292561E-17
7783.41558408936  3.133248E-17
7788.93394947251  4.903416E-17
7794.45231485566  4.518800E-17
7799.97068023881  2.897574E-17
7805.48904562196  1.378247E-17
7811.00741100511  1.425582E-17
7816.52577638826  1.764698E-17
7822.04414177141  3.510496E-17
7827.56250715456  3.577268E-17
7833.08087253771  1.825728E-17
7838.59923792086  1.589375E-17
7844.11760330401  2.087504E-18
7849.63596868716  1.458051E-17
7855.15433407031  2.550689E-17
7860.67269945346  2.913866E-17
7866.19106483661  2.983558E-17
7871.70943021976  1.886926E-17
7877.22779560291  1.329491E-17
7882.74616098606  1.400363E-17
7888.26452636921  1.885529E-17
7893.78289175236  1.803292E-17
7899.30125713551  1.588917E-17
7904.81962251866  7.225056E-18
7910.33798790181  -3.445893E-18
7915.85635328496  -1.703214E-18
7921.37471866811  1.596130E-17
7926.89308405126  2.830790E-17
7932.41144943441  2.684920E-17
7937.92981481756  3.321685E-17
7943.44818020071  1.543025E-17
7948.96654558386  1.265491E-17
7954.48491096701  1.525696E-17
7960.00327635016  4.007988E-17
7965.52164173331  3.424208E-17
7971.04000711646  2.374327E-17
7976.55837249961  1.920192E-17
7982.07673788276  1.814048E-17
7987.59510326591  9.331990E-18
7993.11346864906  2.441048E-17
7998.63183403221  2.951086E-17
8004.15019941536  2.327428E-17
8009.66856479851  2.086192E-17
8015.18693018166  1.923148E-17
8020.70529556481  3.783918E-18
8026.22366094796  2.447848E-18
8031.74202633111  2.160091E-17
8037.26039171426  2.740666E-17
8042.77875709741  1.874088E-17
8048.29712248056  1.585213E-17
8053.81548786371  1.451361E-17
8059.33385324686  1.228517E-17
8064.85221863001  2.180522E-17
8070.37058401316  1.429135E-17
8075.88894939631  1.537336E-17
8081.40731477946  2.211052E-17
8086.92568016261  1.896593E-17
8092.44404554576  2.064907E-17
8097.96241092891  2.555838E-17
8103.48077631206  1.985406E-17
8108.99914169521  8.921922E-18
8114.51750707836  2.880159E-17
8120.03587246151  1.930990E-17
8125.55423784466  1.298058E-17
8131.07260322781  1.312158E-17
8136.59096861096  2.329548E-17
8142.10933399411  2.058298E-17
8147.62769937726  2.391420E-17
8153.14606476041  2.252236E-17
8158.66443014356  2.588049E-17
8164.18279552671  1.879675E-17
8169.70116090986  1.194139E-17
8175.21952629301  2.204242E-17
8180.73789167616  2.795262E-17
8186.25625705931  1.879370E-17
8191.77462244246  1.412256E-17
8197.29298782561  1.573661E-17
8202.81135320876  1.471096E-17
8208.32971859191  1.486082E-17
8213.84808397506  2.531570E-17
8219.36644935821  2.587187E-17
8224.88481474136  2.105150E-17
8230.40318012451  2.278323E-17
8235.92154550766  1.312690E-17
8241.43991089081  5.262680E-18
8246.95827627396  2.208164E-17
8252.47664165711  1.493029E-17
8257.99500704026  3.080957E-17
8263.51337242341  2.574163E-17
8269.03173780656  1.641343E-17
8274.55010318971  1.603711E-17
8280.06846857286  7.844625E-18
8285.58683395601  2.764565E-17
8291.10519933916  3.827653E-17
8296.62356472231  3.304377E-17
8302.14193010546  2.542440E-17
8307.66029548861  1.751674E-17
8313.17866087176  2.296497E-17
8318.69702625491  2.584855E-17
8324.21539163806  1.944115E-17
8329.73375702121  1.627029E-17
8335.25212240436  2.057718E-17
8340.77048778751  9.677313E-18
8346.28885317066  -4.978013E-18
8351.80721855381  4.165793E-18
8357.32558393696  4.769597E-18
8362.84394932011  3.487343E-17
8368.36231470326  2.334817E-17
8373.88068008641  1.269971E-17
8379.39904546956  1.895317E-17
8384.91741085271  4.737279E-18
8390.43577623586  7.707377E-18
8395.95414161901  2.710222E-17
8401.47250700216  1.846191E-17
8406.99087238531  3.624605E-17
8412.50923776846  2.130326E-17
8418.02760315161  1.441046E-17
8423.54596853476  -4.082243E-18
8429.06433391791  8.138328E-18
8434.58269930106  2.940528E-17
8440.10106468421  9.818133E-18
8445.61943006736  1.412639E-17
8451.13779545051  2.595659E-17
8456.65616083366  1.674225E-17
8462.17452621681  5.757741E-18
8467.69289159996  1.682170E-17
8473.21125698311  1.305796E-17
8478.72962236626  2.639301E-17
8484.24798774941  2.455295E-17
8489.76635313256  2.209970E-17
8495.28471851571  1.758135E-17
8500.80308389886  7.656955E-18
8506.32144928201  1.411811E-17
8511.83981466516  2.183402E-17
8517.35818004831  2.847266E-17
8522.87654543146  7.857472E-18
8528.39491081461  2.199457E-17
8533.91327619776  1.509352E-17
8539.43164158091  1.325923E-17
8544.95000696406  3.141932E-17
8550.46837234721  2.274281E-17
8555.98673773036  1.643649E-17
8561.50510311351  1.814674E-17
8567.02346849666  2.010598E-17
8572.54183387981  1.720549E-17
8578.06019926296  2.623371E-17
8583.57856464611  2.213719E-17
8589.09693002926  3.079141E-17
8594.61529541241  2.678150E-17
8600.13366079556  2.397134E-17
8605.65202617871  1.842366E-17
8611.17039156186  9.840270E-18
8616.68875694501  3.524516E-18
8622.20712232816  1.429667E-17
8627.72548771131  3.253535E-17
8633.24385309446  2.153913E-17
8638.76221847761  1.956883E-17
8644.28058386076  1.528038E-17
8649.79894924391  3.150991E-19
8655.31731462706  7.799330E-18
8660.83568001021  1.308294E-17
8666.35404539336  9.886480E-19
8671.87241077651  2.771373E-17
8677.39077615966  1.771111E-17
8682.90914154281  3.018537E-18
8688.42750692596  1.587404E-17
8693.94587230911  1.625061E-17
8699.46423769226  1.491943E-17
8704.98260307541  1.753374E-17
8710.50096845856  1.330232E-17
8716.01933384171  1.323533E-17
8721.53769922486  2.797096E-17
8727.05606460801  1.014329E-17
8732.57442999116  2.884662E-17
8738.09279537431  3.783396E-17
8743.61116075746  2.160022E-17
8749.12952614061  1.994153E-17
8754.64789152376  6.103910E-18
8760.16625690691  -1.957802E-18
8765.68462229006  -8.899149E-19
8771.20298767321  6.521567E-18
8776.72135305636  1.649799E-17
8782.23971843951  2.180680E-17
8787.75808382266  1.710093E-17
8793.27644920581  1.036379E-17
8798.79481458896  1.298999E-17
8804.31317997211  2.847803E-17
8809.83154535526  2.409914E-17
8815.34991073841  1.934349E-17
8820.86827612156  4.820088E-17
8826.38664150471  6.545984E-17
8831.90500688786  4.814149E-17
8837.42337227101  3.620155E-17
8842.94173765416  2.734738E-18
8848.46010303731  3.403499E-18
8853.97846842046  1.520524E-17
8859.49683380361  2.312922E-17
8865.01519918676  1.581462E-17
8870.53356456991  1.691741E-17
8876.05192995306  -6.581836E-18
8881.57029533621  4.894764E-18
8887.08866071936  3.600413E-17
8892.60702610251  3.525600E-17
8898.12539148566  2.314670E-17
8903.64375686881  2.168102E-17
8909.16212225196  -6.454848E-18
8914.68048763511  -6.892143E-19
8920.19885301826  1.143593E-17
8925.71721840141  2.540559E-17
8931.23558378456  2.913112E-17
8936.75394916771  2.124511E-17
8942.27231455086  1.562054E-17
8947.79067993401  2.225590E-18
8953.30904531716  2.327524E-18
8958.82741070031  1.007341E-17
8964.34577608346  1.694235E-17
8969.86414146661  1.656264E-17
8975.38250684976  4.579979E-18
8980.90087223291  2.293108E-17
8986.41923761606  1.935823E-17
8991.93760299921  2.729299E-17
8997.45596838236  4.743902E-17
9002.97433376551  3.189800E-17
9008.49269914866  2.564336E-17
9014.01106453181  1.224540E-17
9019.52942991496  2.135560E-17
9025.04779529811  2.685261E-17
9030.56616068126  2.430194E-17
9036.08452606441  4.699314E-17
9041.60289144756  1.778481E-17
9047.12125683071  1.329144E-17
9052.63962221386  1.208612E-17
9058.15798759701  1.873222E-17
9063.67635298016  2.486697E-17
9069.19471836331  1.699475E-17
9074.71308374646  1.788179E-17
9080.23144912961  2.122407E-17
9085.74981451276  3.265295E-17
9091.26817989591  2.289761E-17
9096.78654527906  4.016368E-17
9102.30491066221  4.172213E-17
9107.82327604536  1.589809E-17
9113.34164142851  1.963250E-17
9118.86000681166  2.855034E-17
9124.37837219481  2.198311E-17
9129.89673757796  2.451046E-17
9135.41510296111  2.948119E-17
9140.93346834426  8.701839E-18
9146.45183372741  1.503377E-17
9151.97019911056  2.139473E-17
9157.48856449371  2.573383E-17
9163.00692987686  3.029658E-17
9168.52529526001  2.009622E-17
9174.04366064316  1.186038E-17
9179.56202602631  1.372486E-17
9185.08039140946  3.250153E-17
9190.59875679261  2.505117E-17
9196.11712217576  -1.714525E-18
9201.63548755891  1.275148E-17
9207.15385294206  2.054718E-17
9212.67221832521  1.983205E-17
9218.19058370836  1.013024E-17
9223.70894909151  8.297681E-18
9229.22731447466  3.795309E-18
9234.74567985781  2.733010E-17
9240.26404524096  2.338339E-17
9245.78241062411  3.532254E-17
