3653.07226562  1.338464E-18
3658.59020089603  1.232964E-17
3664.10813617206  3.131908E-18
3669.62607144809  1.691303E-17
3675.14400672412  -1.111962E-17
3680.66194200015  1.415004E-18
3686.17987727618  1.903682E-17
3691.69781255221  5.140395E-18
3697.21574782824  2.388700E-17
3702.73368310427  3.617713E-17
3708.2516183803  1.308276E-17
3713.76955365633  -1.417444E-18
3719.28748893236  2.146727E-17
3724.80542420839  -5.514488E-18
3730.32335948442  4.759001E-18
3735.84129476045  -8.256874E-18
3741.35923003648  -7.936302E-18
3746.87716531251  4.536117E-19
3752.39510058854  5.275909E-19
3757.91303586457  1.694770E-17
3763.4309711406  6.488545E-18
3768.94890641663  -5.790299E-19
3774.46684169266  -3.504972E-17
3779.98477696869  -1.931023E-17
3785.50271224472  -1.112903E-17
3791.02064752075  -5.768134E-18
3796.53858279678  3.415050E-18
3802.05651807281  2.188820E-18
3807.57445334884  -5.373652E-18
3813.09238862487  6.142515E-18
3818.6103239009  -3.347036E-18
3824.12825917693  -5.782469E-18
3829.64619445296  1.051009E-17
3835.16412972899  -8.153957E-18
3840.68206500502  7.580083E-18
3846.20000028105  1.193177E-17
3851.71793555708  7.256004E-18
3857.23587083311  1.926540E-18
3862.75380610914  1.839983E-17
3868.27174138517  1.162139E-17
3873.7896766612  6.168811E-18
3879.30761193723  1.456332E-17
3884.82554721326  5.920934E-18
3890.34348248929  1.220081E-17
3895.86141776532  6.019530E-18
3901.37935304135  -9.859378E-18
3906.89728831738  5.015411E-18
3912.41522359341  1.158087E-17
3917.93315886944  2.415538E-17
3923.45109414547  1.393609E-17
3928.9690294215  8.270534E-18
3934.48696469753  1.250883E-17
3940.00489997356  1.165757E-18
3945.52283524959  7.454856E-18
3951.04077052562  1.816545E-17
3956.55870580165  5.035630E-18
3962.07664107768  9.142236E-18
3967.59457635371  1.401017E-17
3973.11251162974  -1.738798E-18
3978.63044690577  6.763729E-18
3984.1483821818  1.151066E-17
3989.66631745783  5.179350E-18
3995.18425273386  1.179215E-17
4000.70218800989  1.018290E-17
4006.22012328592  1.437074E-17
4011.73805856195  1.992627E-17
4017.25599383798  2.286281E-17
4022.77392911401  8.134205E-18
4028.29186439004  9.434600E-18
4033.80979966607  1.571570E-17
4039.3277349421  1.627351E-17
4044.84567021813  1.778763E-17
4050.36360549416  9.406219E-18
4055.88154077019  1.256797E-17
4061.39947604622  5.239572E-18
4066.91741132225  1.542707E-17
4072.43534659828  2.240013E-17
4077.95328187431  1.910649E-17
4083.47121715034  1.357047E-17
4088.98915242637  1.361516E-17
4094.5070877024  1.101431E-17
4100.02502297843  1.564907E-17
4105.54295825446  1.911217E-17
4111.06089353049  2.640891E-17
4116.57882880652  1.347494E-17
4122.09676408255  1.465553E-17
4127.61469935858  1.150454E-17
4133.13263463461  8.020833E-18
4138.65056991064  1.878843E-17
4144.16850518667  1.337325E-17
4149.6864404627  1.779396E-17
4155.20437573873  2.225602E-17
4160.72231101476  1.932744E-17
4166.24024629079  1.427915E-17
4171.75818156682  1.272063E-17
4177.27611684285  1.796942E-17
4182.79405211888  1.942884E-17
4188.31198739491  8.734193E-18
4193.82992267095  1.663769E-17
4199.34785794697  1.892971E-17
4204.865793223  1.583289E-17
4210.38372849903  2.161536E-17
4215.90166377506  1.841031E-17
4221.41959905109  1.042914E-17
4226.93753432712  1.572142E-17
4232.45546960315  2.652154E-17
4237.97340487918  1.854730E-17
4243.49134015521  1.571901E-17
4249.00927543124  2.445040E-17
4254.52721070727  1.497426E-17
4260.0451459833  2.423112E-17
4265.56308125933  2.028356E-17
4271.08101653536  2.126301E-17
4276.59895181139  2.197977E-17
4282.11688708742  2.452146E-17
4287.63482236345  2.150757E-17
4293.15275763948  1.862909E-17
4298.67069291551  2.206762E-17
4304.18862819154  2.962475E-17
4309.70656346757  1.378513E-17
4315.2244987436  2.074764E-17
4320.74243401963  2.264100E-17
4326.26036929566  2.240218E-17
4331.77830457169  2.446125E-17
4337.29623984772  1.358942E-17
4342.81417512375  1.332112E-17
4348.33211039978  2.069079E-17
4353.85004567581  1.707398E-17
4359.36798095184  2.441250E-17
4364.88591622787  2.954784E-17
4370.4038515039  2.216709E-17
4375.92178677993  2.452526E-17
4381.43972205596  2.256952E-17
4386.95765733199  1.910577E-17
4392.47559260802  1.973696E-17
4397.99352788405  2.552175E-17
4403.51146316008  2.146577E-17
4409.02939843611  3.063915E-17
4414.54733371214  2.453480E-17
4420.06526898817  2.924518E-17
4425.5832042642  2.201275E-17
4431.10113954023  2.998514E-17
4436.61907481626  2.903462E-17
4442.13701009229  2.649226E-17
4447.65494536832  2.626748E-17
4453.17288064435  3.164079E-17
4458.69081592038  2.619350E-17
4464.20875119641  2.769970E-17
4469.72668647244  2.179129E-17
4475.24462174847  3.503427E-17
4480.7625570245  3.965900E-17
4486.28049230053  3.879698E-17
4491.79842757656  3.331587E-17
4497.3163628526  3.444431E-17
4502.83429812862  3.887830E-17
4508.35223340465  3.535103E-17
4513.87016868068  4.060011E-17
4519.38810395671  4.229263E-17
4524.90603923274  3.915343E-17
4530.42397450877  4.667830E-17
4535.9419097848  4.511717E-17
4541.45984506083  4.036104E-17
4546.97778033686  4.476045E-17
4552.49571561289  4.122560E-17
4558.01365088892  4.918475E-17
4563.53158616495  3.479151E-17
4569.04952144098  5.100332E-17
4574.56745671701  3.979483E-17
4580.08539199304  3.391275E-17
4585.60332726907  4.658224E-17
4591.1212625451  4.359661E-17
4596.63919782113  4.139960E-17
4602.15713309716  4.535777E-17
4607.67506837319  3.703025E-17
4613.19300364922  3.716623E-17
4618.71093892525  4.221997E-17
4624.22887420128  4.780672E-17
4629.74680947731  4.773011E-17
4635.26474475334  4.378746E-17
4640.78268002937  4.251799E-17
4646.3006153054  4.597894E-17
4651.81855058143  4.784736E-17
4657.33648585746  4.787528E-17
4662.85442113349  4.333011E-17
4668.37235640953  3.904306E-17
4673.89029168555  4.341188E-17
4679.40822696158  3.956799E-17
4684.92616223761  4.534562E-17
4690.44409751364  3.405850E-17
4695.96203278967  4.521920E-17
4701.4799680657  4.062794E-17
4706.99790334173  4.000998E-17
4712.51583861776  4.516895E-17
4718.03377389379  4.557207E-17
4723.55170916982  4.156558E-17
4729.06964444585  4.117256E-17
4734.58757972188  4.078340E-17
4740.10551499791  3.148028E-17
4745.62345027394  3.637194E-17
4751.14138554997  4.024969E-17
4756.659320826  3.479753E-17
4762.17725610203  4.007676E-17
4767.69519137806  4.055390E-17
4773.21312665409  4.084555E-17
4778.73106193012  3.676633E-17
4784.24899720615  3.793235E-17
4789.76693248219  3.896933E-17
4795.28486775821  4.192040E-17
4800.80280303425  3.202948E-17
4806.32073831027  3.690460E-17
4811.8386735863  4.542816E-17
4817.35660886233  3.409480E-17
4822.87454413836  3.592429E-17
4828.39247941439  3.516582E-17
4833.91041469042  3.539532E-17
4839.42834996646  3.581057E-17
4844.94628524248  4.041920E-17
4850.46422051851  3.903423E-17
4855.98215579454  3.589485E-17
4861.50009107057  3.833506E-17
4867.0180263466  3.665155E-17
4872.53596162263  3.202837E-17
4878.05389689866  3.511271E-17
4883.57183217469  3.549065E-17
4889.08976745072  4.202229E-17
4894.60770272676  3.976551E-17
4900.12563800278  4.457767E-17
4905.64357327881  3.908220E-17
4911.16150855485  3.810867E-17
4916.67944383087  3.265203E-17
4922.19737910691  3.477537E-17
4927.71531438294  4.204399E-17
4933.23324965896  3.735305E-17
4938.75118493499  3.952836E-17
4944.26912021102  3.920923E-17
4949.78705548705  4.036295E-17
4955.30499076308  4.090379E-17
4960.82292603912  4.322114E-17
4966.34086131514  4.481824E-17
4971.85879659117  3.562139E-17
4977.3767318672  3.434869E-17
4982.89466714324  4.101756E-17
4988.41260241927  4.455192E-17
4993.93053769529  3.767671E-17
4999.44847297132  4.055901E-17
5004.96640824735  3.726108E-17
5010.48434352338  4.307407E-17
5016.00227879942  4.495282E-17
5021.52021407544  3.703591E-17
5027.03814935148  5.045497E-17
5032.55608462751  4.358388E-17
5038.07401990354  3.781587E-17
5043.59195517957  4.761882E-17
5049.1098904556  3.964753E-17
5054.62782573163  4.374722E-17
5060.14576100765  4.320653E-17
5065.66369628369  4.011457E-17
5071.18163155972  4.549489E-17
5076.69956683574  3.921131E-17
5082.21750211177  4.704799E-17
5087.7354373878  4.933728E-17
5093.25337266384  4.437281E-17
5098.77130793987  5.065285E-17
5104.2892432159  5.460819E-17
5109.80717849193  4.665283E-17
5115.32511376795  4.472929E-17
5120.84304904399  5.129242E-17
5126.36098432002  4.694481E-17
5131.87891959605  4.757332E-17
5137.39685487207  5.322755E-17
5142.9147901481  5.121785E-17
5148.43272542413  5.886283E-17
5153.95066070017  6.426825E-17
5159.4685959762  5.918343E-17
5164.98653125223  6.493702E-17
5170.50446652826  5.884812E-17
5176.02240180428  5.391730E-17
5181.54033708031  6.376766E-17
5187.05827235635  6.570363E-17
5192.57620763238  6.336015E-17
5198.09414290841  6.627786E-17
5203.61207818444  6.351136E-17
5209.13001346047  6.238479E-17
5214.64794873649  6.433172E-17
5220.16588401252  6.178563E-17
5225.68381928856  7.043774E-17
5231.20175456459  7.160308E-17
5236.71968984062  6.923288E-17
5242.23762511664  7.328403E-17
5247.75556039267  7.944695E-17
5253.2734956687  6.991043E-17
5258.79143094474  7.125567E-17
5264.30936622077  7.478654E-17
5269.8273014968  7.521368E-17
5275.34523677283  7.072643E-17
5280.86317204886  7.363647E-17
5286.38110732488  7.324220E-17
5291.89904260092  7.351725E-17
5297.41697787694  7.172204E-17
5302.93491315298  7.780538E-17
5308.452848429  7.189516E-17
5313.97078370503  6.241241E-17
5319.48871898107  7.038245E-17
5325.0066542571  6.519111E-17
5330.52458953313  6.966027E-17
5336.04252480916  6.301311E-17
5341.56046008519  6.430174E-17
5347.07839536122  5.975536E-17
5352.59633063725  6.294262E-17
5358.11426591328  6.221682E-17
5363.63220118931  6.656560E-17
5369.15013646534  6.144471E-17
5374.66807174136  6.144445E-17
5380.1860070174  6.323440E-17
5385.70394229343  6.470405E-17
5391.22187756945  6.047400E-17
5396.73981284549  5.834979E-17
5402.25774812152  6.180743E-17
5407.77568339755  6.286972E-17
5413.29361867358  5.716861E-17
5418.81155394961  6.540555E-17
5424.32948922563  6.268688E-17
5429.84742450167  5.410331E-17
5435.3653597777  6.272707E-17
5440.88329505373  5.490195E-17
5446.40123032975  5.722445E-17
5451.91916560578  5.705335E-17
5457.43710088181  6.405843E-17
5462.95503615785  6.355614E-17
5468.47297143388  5.621575E-17
5473.99090670991  5.960264E-17
5479.50884198593  6.074902E-17
5485.02677726196  6.378357E-17
5490.544712538  6.078398E-17
5496.06264781403  6.055660E-17
5501.58058309006  6.044151E-17
5507.09851836609  5.828272E-17
5512.61645364212  6.337954E-17
5518.13438891815  5.880700E-17
5523.65232419418  6.133176E-17
5529.17025947021  6.533368E-17
5534.68819474624  5.691323E-17
5540.20613002227  6.435051E-17
5545.72406529829  5.583961E-17
5551.24200057433  6.313279E-17
5556.75993585036  5.286837E-17
5562.27787112639  6.482444E-17
5567.79580640242  5.665099E-17
5573.31374167845  5.453957E-17
5578.83167695448  5.304558E-17
5584.34961223051  6.180412E-17
5589.86754750654  6.005583E-17
5595.38548278257  5.546981E-17
5600.90341805859  5.399005E-17
5606.42135333463  5.575598E-17
5611.93928861066  5.461709E-17
5617.45722388668  5.584449E-17
5622.97515916272  6.721292E-17
5628.49309443875  6.347165E-17
5634.01102971478  5.904048E-17
5639.52896499081  6.099982E-17
5645.04690026684  6.077991E-17
5650.56483554286  6.617248E-17
5656.0827708189  6.120096E-17
5661.60070609493  5.891560E-17
5667.11864137096  6.492914E-17
5672.63657664699  5.830825E-17
5678.15451192302  5.858220E-17
5683.67244719905  5.701960E-17
5689.19038247508  6.855948E-17
5694.70831775111  5.851317E-17
5700.22625302713  5.883312E-17
5705.74418830317  5.804692E-17
5711.2621235792  5.782372E-17
5716.78005885523  5.629921E-17
5722.29799413126  5.705533E-17
5727.81592940729  6.115695E-17
5733.33386468332  5.400953E-17
5738.85179995935  5.222270E-17
5744.36973523538  5.629470E-17
5749.88767051141  5.151659E-17
5755.40560578744  6.214705E-17
5760.92354106346  5.115809E-17
5766.4414763395  4.234304E-17
5771.95941161553  4.684183E-17
5777.47734689156  5.546586E-17
5782.99528216759  5.244274E-17
5788.51321744362  4.928902E-17
5794.03115271965  6.262695E-17
5799.54908799568  5.923100E-17
5805.06702327171  5.624136E-17
5810.58495854774  5.040526E-17
5816.10289382377  4.684246E-17
5821.6208290998  5.714956E-17
5827.13876437582  5.409744E-17
5832.65669965186  5.466241E-17
5838.17463492789  5.149614E-17
5843.69257020392  4.848244E-17
5849.21050547995  5.285233E-17
5854.72844075598  5.665034E-17
5860.24637603201  6.022749E-17
5865.76431130804  5.452109E-17
5871.28224658407  5.914235E-17
5876.8001818601  6.203708E-17
5882.31811713613  5.717796E-17
5887.83605241216  6.227554E-17
5893.35398768819  5.644087E-17
5898.87192296422  5.745655E-17
5904.38985824025  6.097567E-17
5909.90779351628  5.755433E-17
5915.42572879231  5.481858E-17
5920.94366406834  6.330012E-17
5926.46159934437  6.425855E-17
5931.9795346204  5.850953E-17
5937.49746989643  5.832002E-17
5943.01540517245  6.143997E-17
5948.53334044849  5.872371E-17
5954.05127572452  5.695636E-17
5959.56921100055  6.059555E-17
5965.08714627658  6.412794E-17
5970.60508155261  5.953177E-17
5976.12301682864  6.700970E-17
5981.64095210467  7.146388E-17
5987.1588873807  6.011004E-17
5992.67682265673  6.182067E-17
5998.19475793276  6.585760E-17
6003.71269320879  6.328477E-17
6009.23062848482  6.423948E-17
6014.74856376085  6.763147E-17
6020.26649903688  6.605570E-17
6025.78443431291  6.720144E-17
6031.30236958894  7.084539E-17
6036.82030486497  7.056799E-17
6042.338240141  7.182041E-17
6047.85617541703  6.552313E-17
6053.37411069306  6.952401E-17
6058.89204596909  6.146251E-17
6064.40998124512  6.843118E-17
6069.92791652115  7.669688E-17
6075.44585179718  7.261852E-17
6080.96378707321  7.537904E-17
6086.48172234924  7.439680E-17
6091.99965762527  7.385243E-17
6097.5175929013  7.523425E-17
6103.03552817733  7.428561E-17
6108.55346345336  7.524926E-17
6114.07139872939  7.299300E-17
6119.58933400542  7.575260E-17
6125.10726928145  7.193789E-17
6130.62520455748  7.737829E-17
6136.14313983351  7.704023E-17
6141.66107510954  7.345658E-17
6147.17901038557  7.527019E-17
6152.6969456616  7.591553E-17
6158.21488093763  6.940320E-17
6163.73281621366  7.658076E-17
6169.25075148969  7.243095E-17
6174.76868676572  7.689081E-17
6180.28662204175  7.536104E-17
6185.80455731778  7.707766E-17
6191.32249259381  7.535603E-17
6196.84042786984  8.833316E-17
6202.35836314587  8.890275E-17
6207.8762984219  7.524755E-17
6213.39423369792  8.402770E-17
6218.91216897396  8.988382E-17
6224.43010424999  7.381124E-17
6229.94803952602  7.760331E-17
6235.46597480205  7.933034E-17
6240.98391007808  8.093265E-17
6246.50184535411  8.136579E-17
6252.01978063014  7.478455E-17
6257.53771590617  8.114182E-17
6263.0556511822  8.505191E-17
6268.57358645823  7.524126E-17
6274.09152173426  7.303057E-17
6279.60945701029  7.417835E-17
6285.12739228632  7.608931E-17
6290.64532756235  8.046546E-17
6296.16326283838  8.139886E-17
6301.68119811441  7.914356E-17
6307.19913339044  8.586683E-17
6312.71706866647  7.861137E-17
6318.2350039425  7.057717E-17
6323.75293921853  7.953490E-17
6329.27087449456  7.698464E-17
6334.78880977059  7.455548E-17
6340.30674504662  7.491503E-17
6345.82468032265  8.273000E-17
6351.34261559868  8.034572E-17
6356.86055087471  7.727658E-17
6362.37848615074  7.528114E-17
6367.89642142677  7.746601E-17
6373.4143567028  8.045159E-17
6378.93229197883  7.495053E-17
6384.45022725486  8.621044E-17
6389.96816253089  9.049568E-17
6395.48609780692  7.644107E-17
6401.00403308295  8.228149E-17
6406.52196835898  7.299967E-17
6412.03990363501  8.328495E-17
6417.55783891104  8.891867E-17
6423.07577418707  7.992437E-17
6428.5937094631  7.620732E-17
6434.11164473913  7.143225E-17
6439.62958001516  7.976243E-17
6445.14751529119  7.168748E-17
6450.66545056722  7.297512E-17
6456.18338584325  7.959233E-17
6461.70132111928  7.980883E-17
6467.21925639531  7.883008E-17
6472.73719167134  7.768365E-17
6478.25512694737  7.325551E-17
6483.7730622234  7.281626E-17
6489.29099749943  7.122534E-17
6494.80893277546  6.355907E-17
6500.32686805149  6.676144E-17
6505.84480332752  7.317999E-17
6511.36273860355  6.537410E-17
6516.88067387958  5.953546E-17
6522.39860915561  6.521312E-17
6527.91654443164  7.619063E-17
6533.43447970767  6.389017E-17
6538.9524149837  6.255011E-17
6544.47035025973  6.576614E-17
6549.98828553576  6.895648E-17
6555.50622081179  6.432619E-17
6561.02415608782  6.082192E-17
6566.54209136385  6.463845E-17
6572.06002663988  6.697146E-17
6577.57796191591  5.836893E-17
6583.09589719194  5.779180E-17
6588.61383246797  5.707309E-17
6594.131767744  5.798996E-17
6599.64970302003  6.023350E-17
6605.16763829606  6.166500E-17
6610.68557357209  6.207077E-17
6616.20350884812  6.201740E-17
6621.72144412415  6.490121E-17
6627.23937940018  6.405864E-17
6632.75731467621  6.399899E-17
6638.27524995224  5.989302E-17
6643.79318522827  6.108422E-17
6649.3111205043  6.297028E-17
6654.82905578033  5.981356E-17
6660.34699105636  5.939651E-17
6665.86492633239  5.666265E-17
6671.38286160842  6.336981E-17
6676.90079688445  6.159875E-17
6682.41873216048  5.501318E-17
6687.93666743651  5.779800E-17
6693.45460271254  6.150689E-17
6698.97253798857  6.036197E-17
6704.4904732646  5.623816E-17
6710.00840854063  5.409744E-17
6715.52634381666  5.740240E-17
6721.04427909269  5.549803E-17
6726.56221436872  4.989729E-17
6732.08014964475  5.041168E-17
6737.59808492078  5.664720E-17
6743.11602019681  5.694456E-17
6748.63395547284  5.745248E-17
6754.15189074887  6.048539E-17
6759.6698260249  5.647337E-17
6765.18776130093  5.428355E-17
6770.70569657696  5.197920E-17
6776.22363185299  5.934452E-17
6781.74156712902  6.325606E-17
6787.25950240505  6.233200E-17
6792.77743768108  4.583095E-17
6798.29537295711  5.504546E-17
6803.81330823314  5.563398E-17
6809.33124350917  4.619344E-17
6814.8491787852  5.443862E-17
6820.36711406123  4.891289E-17
6825.88504933726  5.047673E-17
6831.40298461329  5.619357E-17
6836.92091988932  4.971519E-17
6842.43885516535  5.169031E-17
6847.95679044138  5.742656E-17
6853.47472571741  4.727388E-17
6858.99266099344  4.611015E-17
6864.51059626947  5.293989E-17
6870.0285315455  5.100221E-17
6875.54646682153  5.088357E-17
6881.06440209756  4.954736E-17
6886.58233737359  4.476763E-17
6892.10027264962  4.393164E-17
6897.61820792565  4.757307E-17
6903.13614320168  5.874992E-17
6908.65407847771  4.937963E-17
6914.17201375374  4.957911E-17
6919.68994902977  5.249522E-17
6925.2078843058  4.039698E-17
6930.72581958183  4.683732E-17
6936.24375485786  4.347549E-17
6941.76169013389  4.984921E-17
6947.27962540992  5.217276E-17
6952.79756068595  4.094688E-17
6958.31549596198  4.671117E-17
6963.83343123801  5.229859E-17
6969.35136651404  5.610577E-17
6974.86930179007  5.186183E-17
6980.3872370661  4.956389E-17
6985.90517234213  4.432334E-17
6991.42310761816  4.681351E-17
6996.94104289419  4.812653E-17
7002.45897817022  4.617200E-17
7007.97691344625  4.827067E-17
7013.49484872228  5.406599E-17
7019.01278399831  5.550891E-17
7024.53071927434  4.607451E-17
7030.04865455037  4.242863E-17
7035.5665898264  5.002313E-17
7041.08452510243  4.674666E-17
7046.60246037846  4.115384E-17
7052.12039565449  4.698673E-17
7057.63833093052  4.948968E-17
7063.15626620655  3.886040E-17
7068.67420148258  4.758315E-17
7074.19213675861  5.511245E-17
7079.71007203464  4.429105E-17
7085.22800731067  4.454726E-17
7090.7459425867  4.632839E-17
7096.26387786273  4.425428E-17
7101.78181313876  4.579787E-17
7107.29974841479  4.356501E-17
7112.81768369082  3.741705E-17
7118.33561896685  4.354657E-17
7123.85355424288  3.728077E-17
7129.37148951891  4.356308E-17
7134.88942479494  5.059834E-17
7140.40736007097  4.538027E-17
7145.925295347  3.827734E-17
7151.44323062303  4.133662E-17
7156.96116589906  4.428302E-17
7162.47910117509  4.172247E-17
7167.99703645112  3.995799E-17
7173.51497172715  4.237028E-17
7179.03290700318  4.884338E-17
7184.55084227921  4.906390E-17
7190.06877755524  5.107809E-17
7195.58671283127  5.480704E-17
7201.1046481073  5.390101E-17
7206.62258338333  5.402614E-17
7212.14051865936  4.704225E-17
7217.65845393539  4.248900E-17
7223.17638921142  4.313163E-17
7228.69432448745  4.159098E-17
7234.21225976348  4.265229E-17
7239.73019503951  4.766060E-17
7245.24813031554  5.299526E-17
7250.76606559157  5.329881E-17
7256.2840008676  4.311935E-17
7261.80193614363  5.273709E-17
7267.31987141966  4.374757E-17
7272.83780669569  6.051815E-17
7278.35574197172  5.602394E-17
7283.87367724775  5.361926E-17
7289.39161252378  4.614697E-17
7294.90954779981  4.267377E-17
7300.42748307584  5.018693E-17
7305.94541835187  5.268692E-17
7311.4633536279  5.224403E-17
7316.98128890393  5.264956E-17
7322.49922417996  5.365087E-17
7328.01715945599  6.251083E-17
7333.53509473202  6.258422E-17
7339.05303000805  4.561249E-17
7344.57096528408  4.830365E-17
7350.08890056011  5.829376E-17
7355.60683583614  5.361739E-17
7361.12477111217  6.049000E-17
7366.6427063882  5.605640E-17
7372.16064166423  5.249942E-17
7377.67857694026  5.312507E-17
7383.19651221629  5.939921E-17
7388.71444749232  5.294774E-17
7394.23238276835  5.577640E-17
7399.75031804438  5.738579E-17
7405.26825332041  6.007545E-17
7410.78618859644  6.007342E-17
7416.30412387247  5.586501E-17
7421.8220591485  6.424664E-17
7427.33999442453  6.390539E-17
7432.85792970056  5.203935E-17
7438.37586497659  5.607228E-17
7443.89380025262  6.422482E-17
7449.41173552865  5.784043E-17
7454.92967080468  5.840589E-17
7460.44760608071  5.817068E-17
7465.96554135674  5.576248E-17
7471.48347663277  5.657853E-17
7477.0014119088  5.536522E-17
7482.51934718483  6.189957E-17
7488.03728246086  6.598166E-17
7493.55521773689  5.603883E-17
7499.07315301292  4.729641E-17
7504.59108828895  5.359908E-17
7510.10902356498  6.148226E-17
7515.62695884101  6.475073E-17
7521.14489411704  5.536058E-17
7526.66282939307  5.851422E-17
7532.1807646691  5.979313E-17
7537.69869994513  5.023904E-17
7543.21663522116  5.767744E-17
7548.73457049719  6.001797E-17
7554.25250577322  6.082198E-17
7559.77044104925  5.894321E-17
7565.28837632528  5.253191E-17
7570.80631160131  4.679698E-17
7576.32424687734  5.336052E-17
7581.84218215337  6.478557E-17
7587.3601174294  7.239749E-17
7592.87805270543  7.591758E-17
7598.39598798146  5.001539E-17
7603.91392325749  3.118476E-17
7609.43185853352  6.266084E-17
7614.94979380955  6.822420E-17
7620.46772908558  5.638039E-17
7625.98566436161  5.470583E-17
7631.50359963764  5.479275E-17
7637.02153491367  4.990517E-17
7642.5394701897  5.070839E-17
7648.05740546573  5.433557E-17
7653.57534074176  6.072229E-17
7659.09327601779  5.999273E-17
7664.61121129382  5.501532E-17
7670.12914656985  4.541513E-17
7675.64708184588  5.168409E-17
7681.16501712191  5.513084E-17
7686.68295239794  5.881791E-17
7692.20088767397  5.618080E-17
7697.71882295  5.178141E-17
7703.23675822603  4.140874E-17
7708.75469350206  5.127293E-17
7714.27262877809  6.729834E-17
7719.79056405412  6.499265E-17
7725.30849933015  6.095534E-17
7730.82643460618  5.904254E-17
7736.34436988221  5.367161E-17
7741.86230515824  4.992740E-17
7747.38024043427  4.289460E-17
7752.8981757103  4.728840E-17
7758.41611098633  5.824389E-17
7763.93404626236  5.036873E-17
7769.45198153839  4.121327E-17
7774.96991681442  4.770297E-17
7780.48785209045  5.238623E-17
7786.00578736648  5.269307E-17
7791.52372264251  5.555371E-17
7797.04165791854  5.422773E-17
7802.55959319457  3.988748E-17
7808.0775284706  3.780300E-17
7813.59546374663  4.163420E-17
7819.11339902266  4.621832E-17
7824.63133429869  3.974016E-17
7830.14926957472  4.155323E-17
7835.66720485075  4.502079E-17
7841.18514012678  4.277341E-17
7846.70307540281  3.506578E-17
7852.22101067884  5.666539E-17
7857.73894595487  4.699470E-17
7863.2568812309  4.797709E-17
7868.77481650693  5.106322E-17
7874.29275178296  3.015807E-17
7879.81068705899  3.842286E-17
7885.32862233502  4.170943E-17
7890.84655761105  4.363007E-17
7896.36449288708  5.252880E-17
7901.88242816311  4.455011E-17
7907.40036343914  4.208324E-17
7912.91829871517  4.032147E-17
7918.4362339912  4.417212E-17
7923.95416926723  4.146332E-17
7929.47210454326  4.301993E-17
7934.99003981929  6.285711E-17
7940.50797509532  4.104939E-17
7946.02591037135  3.662906E-17
7951.54384564738  4.247247E-17
7957.06178092341  5.063667E-17
7962.57971619944  5.253485E-17
7968.09765147547  4.006702E-17
7973.6155867515  4.367383E-17
7979.13352202753  3.672199E-17
7984.65145730356  4.104839E-17
7990.16939257959  3.586192E-17
7995.68732785562  3.950402E-17
8001.20526313165  4.466290E-17
8006.72319840768  5.072261E-17
8012.24113368371  4.250292E-17
8017.75906895974  3.741528E-17
8023.27700423577  3.721500E-17
8028.7949395118  4.469699E-17
8034.31287478783  4.174115E-17
8039.83081006386  2.772945E-17
8045.34874533989  3.305643E-17
8050.86668061592  3.827044E-17
8056.38461589195  3.385529E-17
8061.90255116798  3.317682E-17
8067.42048644401  3.986724E-17
8072.93842172004  3.474349E-17
8078.45635699607  3.498522E-17
8083.9742922721  3.531713E-17
8089.49222754813  4.326169E-17
8095.01016282416  4.066578E-17
8100.52809810019  3.760218E-17
8106.04603337622  4.337013E-17
8111.56396865225  3.619554E-17
8117.08190392828  3.709948E-17
8122.59983920431  4.363623E-17
8128.11777448034  3.330922E-17
8133.63570975637  3.032439E-17
8139.1536450324  3.244678E-17
8144.67158030843  3.407990E-17
8150.18951558446  3.482588E-17
8155.70745086049  3.984927E-17
8161.22538613652  3.129230E-17
8166.74332141255  3.653577E-17
8172.26125668858  3.505933E-17
8177.77919196461  4.134913E-17
8183.29712724064  5.389883E-17
8188.81506251667  4.466801E-17
8194.3329977927  3.649086E-17
8199.85093306873  3.401162E-17
8205.36886834476  3.335557E-17
8210.88680362079  3.932464E-17
8216.40473889682  4.236569E-17
8221.92267417285  4.490790E-17
8227.44060944888  3.839494E-17
8232.95854472491  3.607517E-17
8238.47648000094  4.588794E-17
8243.99441527697  4.693965E-17
8249.512350553  3.623481E-17
8255.03028582903  3.921432E-17
8260.54822110506  3.503803E-17
8266.06615638109  3.143892E-17
8271.58409165712  3.992553E-17
8277.10202693315  3.271863E-17
8282.61996220918  3.199801E-17
8288.13789748521  5.516026E-17
8293.65583276124  4.831918E-17
8299.17376803727  5.095523E-17
8304.6917033133  4.409228E-17
8310.20963858933  3.625240E-17
8315.72757386536  3.772054E-17
8321.24550914139  4.446826E-17
8326.76344441742  4.046441E-17
8332.28137969345  3.017138E-17
8337.79931496948  3.361153E-17
8343.31725024551  3.804289E-17
8348.83518552154  3.127221E-17
8354.35312079757  3.421646E-17
8359.8710560736  3.628380E-17
8365.38899134963  4.028415E-17
8370.90692662566  3.458712E-17
8376.42486190169  2.440109E-17
8381.94279717772  3.887914E-17
8387.46073245375  3.684327E-17
8392.97866772978  4.779661E-17
8398.49660300581  4.335756E-17
8404.01453828184  4.544424E-17
8409.53247355787  5.183707E-17
8415.0504088339  4.201341E-17
8420.56834410993  3.895011E-17
8426.08627938596  4.334143E-17
8431.60421466199  4.011981E-17
8437.12214993802  4.191953E-17
8442.64008521405  4.275873E-17
8448.15802049008  4.621937E-17
8453.67595576611  3.882584E-17
8459.19389104214  2.730764E-17
8464.71182631817  3.420250E-17
8470.2297615942  4.203125E-17
8475.74769687023  4.393024E-17
8481.26563214626  4.452808E-17
8486.78356742229  4.653079E-17
8492.30150269832  3.949979E-17
8497.81943797435  3.719562E-17
8503.33737325038  4.820019E-17
8508.85530852641  5.271038E-17
8514.37324380244  3.700859E-17
8519.89117907847  3.445165E-17
8525.4091143545  4.229380E-17
8530.92704963053  3.306955E-17
8536.44498490656  3.266472E-17
8541.96292018259  2.428614E-17
8547.48085545862  2.595240E-17
8552.99879073465  3.525599E-17
8558.51672601068  3.796527E-17
8564.03466128671  3.362507E-17
8569.55259656274  2.138532E-17
8575.07053183877  2.443460E-17
8580.5884671148  1.389415E-17
8586.10640239083  2.861596E-17
8591.62433766686  2.402973E-17
8597.14227294289  3.416719E-17
8602.66020821892  3.388218E-17
8608.17814349495  2.547794E-17
8613.69607877098  1.016324E-17
8619.21401404701  9.465587E-18
8624.73194932304  2.053531E-17
8630.24988459907  4.008526E-17
8635.7678198751  4.438835E-17
8641.28575515113  3.758600E-17
8646.80369042716  2.850292E-17
8652.32162570319  1.306260E-17
8657.83956097922  2.276271E-17
8663.35749625525  3.706050E-17
8668.87543153128  3.870413E-17
8674.39336680731  4.226049E-17
8679.91130208334  2.964825E-17
8685.42923735937  2.807862E-17
8690.9471726354  2.413825E-17
8696.46510791143  2.166078E-17
8701.98304318746  2.421827E-17
8707.50097846349  3.987164E-17
8713.01891373952  4.401885E-17
8718.53684901555  2.415354E-17
8724.05478429158  3.042875E-17
8729.57271956761  3.104039E-17
8735.09065484364  2.726846E-17
8740.60859011967  5.014319E-17
8746.1265253957  3.324855E-17
8751.64446067173  3.337401E-17
8757.16239594776  4.416068E-17
8762.68033122379  2.054828E-17
8768.19826649982  2.527567E-17
8773.71620177585  2.793477E-17
8779.23413705188  1.573850E-17
8784.75207232791  4.071980E-17
8790.27000760394  3.980861E-17
8795.78794287997  3.652123E-17
8801.305878156  2.498227E-17
8806.82381343203  3.749502E-17
8812.34174870806  4.517569E-17
8817.85968398409  2.915379E-17
8823.37761926012  4.872338E-17
8828.89555453615  5.912921E-17
8834.41348981218  4.739526E-17
8839.93142508821  2.713575E-17
8845.44936036424  2.393554E-17
8850.96729564027  3.764911E-17
8856.4852309163  4.139414E-17
8862.00316619233  3.684278E-17
8867.52110146836  3.919656E-17
8873.03903674439  2.413169E-17
8878.55697202042  2.114509E-17
8884.07490729645  3.404556E-17
8889.59284257248  4.770155E-17
8895.11077784851  3.704425E-17
8900.62871312454  4.402386E-17
8906.14664840057  4.579088E-17
8911.6645836766  2.330393E-17
8917.18251895263  2.376755E-17
8922.70045422866  5.381662E-17
8928.21838950469  5.144982E-17
8933.73632478072  3.340909E-17
8939.25426005675  3.523808E-17
8944.77219533278  2.923527E-17
8950.29013060881  3.324175E-17
8955.80806588484  3.477082E-17
8961.32600116087  3.152894E-17
8966.8439364369  3.888283E-17
8972.36187171293  4.814126E-17
8977.87980698896  3.587712E-17
8983.39774226499  2.809875E-17
8988.91567754102  3.992344E-17
8994.43361281705  4.013718E-17
8999.95154809308  4.960536E-17
9005.46948336911  4.588611E-17
9010.98741864514  4.294879E-17
9016.50535392117  2.524895E-17
9022.0232891972  3.509018E-17
9027.54122447323  4.743314E-17
9033.05915974926  3.066178E-17
9038.57709502529  3.680048E-17
9044.09503030132  3.078187E-17
9049.61296557735  3.510224E-17
9055.13090085338  4.275419E-17
9060.64883612941  2.912979E-17
9066.16677140544  4.890104E-17
9071.68470668147  3.301178E-17
9077.2026419575  3.791454E-17
9082.72057723353  4.683075E-17
9088.23851250956  2.143008E-17
9093.75644778559  3.805316E-17
9099.27438306162  4.815733E-17
9104.79231833765  5.519211E-17
9110.31025361368  3.955035E-17
9115.82818888971  4.074040E-17
9121.34612416574  4.296435E-17
9126.86405944177  3.935147E-17
9132.3819947178  3.859892E-17
9137.89992999383  3.683663E-17
9143.41786526986  3.773888E-17
9148.93580054589  3.225313E-17
9154.45373582192  2.582481E-17
9159.97167109795  2.460836E-17
9165.48960637398  3.401906E-17
9171.00754165001  2.924874E-17
9176.52547692604  3.425625E-17
9182.04341220207  3.497017E-17
9187.5613474781  2.359425E-17
9193.07928275413  3.245851E-17
9198.59721803016  3.145182E-17
9204.11515330619  3.928864E-17
9209.63308858222  1.697028E-17
9215.15102385825  3.465176E-17
9220.66895913428  3.925183E-17
9226.18689441031  2.291027E-17
9231.70482968634  2.847771E-17
9237.22276496237  3.193214E-17
9242.7407002384  3.121202E-17
9248.25863551443  2.800486E-17
