3651.46850586  2.204379E-16
3656.98807096544  1.480303E-16
3662.50763607088  1.855010E-16
3668.02720117632  2.095264E-16
3673.54676628176  1.706559E-16
3679.0663313872  1.384938E-16
3684.58589649264  1.623283E-16
3690.10546159808  2.076335E-16
3695.62502670352  1.903511E-16
3701.14459180896  1.719412E-16
3706.6641569144  1.896999E-16
3712.18372201984  1.848485E-16
3717.70328712528  1.795383E-16
3723.22285223072  1.827011E-16
3728.74241733616  1.732297E-16
3734.2619824416  1.632771E-16
3739.78154754704  2.094295E-16
3745.30111265248  1.715981E-16
3750.82067775792  1.843205E-16
3756.34024286336  1.972302E-16
3761.8598079688  1.835472E-16
3767.37937307424  1.692827E-16
3772.89893817968  1.805200E-16
3778.41850328512  1.888499E-16
3783.93806839056  1.982832E-16
3789.457633496  1.727324E-16
3794.97719860144  2.100879E-16
3800.49676370688  1.885213E-16
3806.01632881232  1.884107E-16
3811.53589391776  1.992123E-16
3817.0554590232  1.887229E-16
3822.57502412864  1.727993E-16
3828.09458923408  1.846857E-16
3833.61415433952  2.001831E-16
3839.13371944496  1.883850E-16
3844.6532845504  2.142419E-16
3850.17284965584  1.930021E-16
3855.69241476128  1.643809E-16
3861.21197986672  1.614067E-16
3866.73154497216  1.865387E-16
3872.2511100776  1.746040E-16
3877.77067518304  1.789841E-16
3883.29024028848  1.727434E-16
3888.80980539392  1.598413E-16
3894.32937049936  1.806219E-16
3899.8489356048  1.754861E-16
3905.36850071024  1.803853E-16
3910.88806581568  1.707742E-16
3916.40763092112  1.713246E-16
3921.92719602656  1.704163E-16
3927.446761132  1.618170E-16
3932.96632623744  1.920858E-16
3938.48589134288  1.852161E-16
3944.00545644832  1.994040E-16
3949.52502155376  1.635536E-16
3955.0445866592  1.847007E-16
3960.56415176464  1.823685E-16
3966.08371687008  1.872826E-16
3971.60328197552  1.820813E-16
3977.12284708096  1.952529E-16
3982.6424121864  1.793298E-16
3988.16197729184  1.703490E-16
3993.68154239728  1.791842E-16
3999.20110750272  1.778304E-16
4004.72067260816  1.852142E-16
4010.2402377136  1.877436E-16
4015.75980281904  1.905289E-16
4021.27936792448  1.799860E-16
4026.79893302992  1.764467E-16
4032.31849813536  1.694659E-16
4037.8380632408  1.764709E-16
4043.35762834624  2.053262E-16
4048.87719345168  1.943695E-16
4054.39675855712  1.957857E-16
4059.91632366256  1.738022E-16
4065.435888768  1.946969E-16
4070.95545387344  1.860204E-16
4076.47501897888  1.857296E-16
4081.99458408432  2.079488E-16
4087.51414918976  1.813638E-16
4093.0337142952  1.889343E-16
4098.55327940064  1.916226E-16
4104.07284450608  1.775744E-16
4109.59240961152  1.828871E-16
4115.11197471696  1.857187E-16
4120.6315398224  1.839106E-16
4126.15110492784  1.922677E-16
4131.67067003328  1.845503E-16
4137.19023513872  1.725529E-16
4142.70980024416  1.991403E-16
4148.2293653496  1.875852E-16
4153.74893045504  1.817632E-16
4159.26849556048  1.674629E-16
4164.78806066592  1.872240E-16
4170.30762577136  1.833463E-16
4175.8271908768  1.897511E-16
4181.34675598224  1.895938E-16
4186.86632108768  1.849441E-16
4192.38588619312  1.949514E-16
4197.90545129856  1.922246E-16
4203.425016404  1.700771E-16
4208.94458150944  1.759018E-16
4214.46414661488  1.814048E-16
4219.98371172032  1.668913E-16
4225.50327682576  1.761851E-16
4231.0228419312  1.716858E-16
4236.54240703664  1.619713E-16
4242.06197214208  1.771776E-16
4247.58153724752  1.694948E-16
4253.10110235296  1.631537E-16
4258.6206674584  1.649924E-16
4264.14023256384  1.618462E-16
4269.65979766928  1.581116E-16
4275.17936277472  1.604447E-16
4280.69892788016  1.652768E-16
4286.2184929856  1.577931E-16
4291.73805809104  1.663892E-16
4297.25762319649  1.720512E-16
4302.77718830192  1.677621E-16
4308.29675340736  1.552664E-16
4313.8163185128  1.693254E-16
4319.33588361824  1.674579E-16
4324.85544872368  1.541424E-16
4330.37501382912  1.676824E-16
4335.89457893456  1.642147E-16
4341.41414404  1.530039E-16
4346.93370914544  1.659223E-16
4352.45327425088  1.592619E-16
4357.97283935632  1.605362E-16
4363.49240446176  1.543873E-16
4369.0119695672  1.470351E-16
4374.53153467264  1.614245E-16
4380.05109977808  1.647206E-16
4385.57066488352  1.511503E-16
4391.09022998896  1.514805E-16
4396.6097950944  1.562567E-16
4402.12936019984  1.536372E-16
4407.64892530528  1.673866E-16
4413.16849041072  1.566783E-16
4418.68805551616  1.653836E-16
4424.2076206216  1.428409E-16
4429.72718572704  1.588588E-16
4435.24675083248  1.610148E-16
4440.76631593792  1.716304E-16
4446.28588104336  1.672947E-16
4451.8054461488  1.584056E-16
4457.32501125424  1.574714E-16
4462.84457635968  1.691001E-16
4468.36414146512  1.686528E-16
4473.88370657056  1.612183E-16
4479.403271676  1.674409E-16
4484.92283678144  1.738073E-16
4490.44240188688  1.628604E-16
4495.96196699232  1.763327E-16
4501.48153209776  1.741839E-16
4507.0010972032  1.606711E-16
4512.52066230864  1.668248E-16
4518.04022741408  1.667152E-16
4523.55979251952  1.718995E-16
4529.07935762496  1.716683E-16
4534.5989227304  1.687087E-16
4540.11848783584  1.662170E-16
4545.63805294128  1.558505E-16
4551.15761804672  1.636140E-16
4556.67718315216  1.650442E-16
4562.1967482576  1.496856E-16
4567.71631336304  1.505332E-16
4573.23587846848  1.416599E-16
4578.75544357392  1.467876E-16
4584.27500867936  1.434198E-16
4589.7945737848  1.649090E-16
4595.31413889024  1.448998E-16
4600.83370399568  1.552245E-16
4606.35326910113  1.596731E-16
4611.87283420656  1.410177E-16
4617.392399312  1.575617E-16
4622.91196441745  1.475134E-16
4628.43152952288  1.403671E-16
4633.95109462832  1.629931E-16
4639.47065973377  1.568387E-16
4644.9902248392  1.488161E-16
4650.50978994464  1.437787E-16
4656.02935505008  1.453230E-16
4661.54892015552  1.664417E-16
4667.06848526096  1.635368E-16
4672.5880503664  1.486496E-16
4678.10761547184  1.644087E-16
4683.62718057728  1.574561E-16
4689.14674568272  1.635159E-16
4694.66631078816  1.564206E-16
4700.1858758936  1.363875E-16
4705.70544099904  1.604705E-16
4711.22500610448  1.410418E-16
4716.74457120992  1.439560E-16
4722.26413631536  1.438723E-16
4727.7837014208  1.374425E-16
4733.30326652624  1.418562E-16
4738.82283163168  1.457768E-16
4744.34239673712  1.564288E-16
4749.86196184256  1.453828E-16
4755.381526948  1.379105E-16
4760.90109205344  1.369694E-16
4766.42065715888  1.477692E-16
4771.94022226432  1.397187E-16
4777.45978736976  1.314745E-16
4782.9793524752  1.388051E-16
4788.49891758064  1.340001E-16
4794.01848268608  1.442677E-16
4799.53804779152  1.409594E-16
4805.05761289696  1.386586E-16
4810.5771780024  1.331265E-16
4816.09674310784  1.272736E-16
4821.61630821328  1.358922E-16
4827.13587331872  1.341775E-16
4832.65543842416  1.405484E-16
4838.1750035296  1.297268E-16
4843.69456863505  1.390056E-16
4849.21413374048  1.367661E-16
4854.73369884592  1.362729E-16
4860.25326395137  1.286950E-16
4865.7728290568  1.289858E-16
4871.29239416224  1.196790E-16
4876.81195926769  1.276483E-16
4882.33152437312  1.264662E-16
4887.85108947856  1.328541E-16
4893.370654584  1.296181E-16
4898.89021968944  1.317785E-16
4904.40978479488  1.323563E-16
4909.92934990033  1.349104E-16
4915.44891500576  1.271081E-16
4920.9684801112  1.176427E-16
4926.48804521664  1.233212E-16
4932.00761032208  1.241216E-16
4937.52717542752  1.213857E-16
4943.04674053297  1.166296E-16
4948.5663056384  1.255425E-16
4954.08587074384  1.295946E-16
4959.60543584929  1.285837E-16
4965.12500095472  1.154470E-16
4970.64456606016  1.247882E-16
4976.1641311656  1.288295E-16
4981.68369627104  1.126663E-16
4987.20326137648  1.239359E-16
4992.72282648192  1.304099E-16
4998.24239158736  1.278905E-16
5003.7619566928  1.218858E-16
5009.28152179825  1.311408E-16
5014.80108690368  1.338844E-16
5020.32065200912  1.350986E-16
5025.84021711457  1.311288E-16
5031.35978222  1.359272E-16
5036.87934732545  1.299469E-16
5042.39891243089  1.306647E-16
5047.91847753632  1.229429E-16
5053.43804264176  1.275378E-16
5058.95760774721  1.210865E-16
5064.47717285265  1.271111E-16
5069.99673795808  1.216810E-16
5075.51630306353  1.206889E-16
5081.03586816897  1.127049E-16
5086.55543327441  1.229999E-16
5092.07499837985  1.221442E-16
5097.59456348529  1.230527E-16
5103.11412859072  1.233098E-16
5108.63369369617  1.259970E-16
5114.1532588016  1.200650E-16
5119.67282390704  1.237759E-16
5125.19238901249  1.127096E-16
5130.71195411793  1.282578E-16
5136.23151922336  1.312509E-16
5141.75108432881  1.255366E-16
5147.27064943425  1.201330E-16
5152.79021453968  1.283852E-16
5158.30977964513  1.145347E-16
5163.82934475057  1.180119E-16
5169.34890985601  1.304925E-16
5174.86847496145  1.137339E-16
5180.38804006689  1.306834E-16
5185.90760517232  1.252217E-16
5191.42717027777  1.237848E-16
5196.9467353832  1.216086E-16
5202.46630048864  1.243776E-16
5207.98586559409  1.182113E-16
5213.50543069952  1.059551E-16
5219.02499580496  1.176040E-16
5224.54456091041  1.295978E-16
5230.06412601584  1.260883E-16
5235.58369112129  1.204781E-16
5241.10325622673  1.194698E-16
5246.62282133216  1.174578E-16
5252.1423864376  1.191529E-16
5257.66195154305  1.064680E-16
5263.18151664849  1.101171E-16
5268.70108175392  1.202639E-16
5274.22064685937  1.217779E-16
5279.74021196481  1.148943E-16
5285.25977707024  1.171808E-16
5290.77934217569  1.128115E-16
5296.29890728113  1.159700E-16
5301.81847238656  1.152210E-16
5307.33803749201  1.173890E-16
5312.85760259745  1.119794E-16
5318.37716770289  1.135752E-16
5323.89673280832  1.077197E-16
5329.41629791377  1.305603E-16
5334.9358630192  1.243638E-16
5340.45542812464  1.275956E-16
5345.97499323009  1.128446E-16
5351.49455833552  1.086336E-16
5357.01412344097  1.065920E-16
5362.53368854641  1.120312E-16
5368.05325365184  1.104990E-16
5373.57281875729  1.118862E-16
5379.09238386273  1.178760E-16
5384.61194896817  1.114123E-16
5390.13151407361  1.047680E-16
5395.65107917904  1.215989E-16
5401.17064428449  1.120945E-16
5406.69020938992  1.216947E-16
5412.20977449536  1.180854E-16
5417.7293396008  1.246259E-16
5423.24890470625  1.022098E-16
5428.76846981168  1.116219E-16
5434.28803491712  1.082812E-16
5439.80760002257  1.220785E-16
5445.327165128  1.203984E-16
5450.84673023345  1.171736E-16
5456.36629533889  1.029407E-16
5461.88586044432  1.212652E-16
5467.40542554977  1.060228E-16
5472.92499065521  1.118933E-16
5478.44455576065  1.082501E-16
5483.96412086609  1.041316E-16
5489.48368597153  9.800131E-17
5495.00325107697  1.132362E-16
5500.52281618241  9.620269E-17
5506.04238128785  1.168461E-16
5511.56194639329  9.860143E-17
5517.08151149873  1.064656E-16
5522.60107660417  1.149336E-16
5528.12064170961  9.331710E-17
5533.64020681505  1.043681E-16
5539.15977192049  9.935673E-17
5544.67933702593  1.029740E-16
5550.19890213137  9.406626E-17
5555.7184672368  8.847954E-17
5561.23803234225  9.775632E-17
5566.75759744769  1.003078E-16
5572.27716255313  1.049149E-16
5577.79672765857  9.075628E-17
5583.31629276401  1.057639E-16
5588.83585786945  9.070329E-17
5594.35542297489  1.026980E-16
5599.87498808033  1.040150E-16
5605.39455318577  9.679691E-17
5610.91411829121  9.732368E-17
5616.43368339665  8.395532E-17
5621.95324850209  9.552705E-17
5627.47281360753  9.440245E-17
5632.99237871297  9.799839E-17
5638.51194381841  1.058035E-16
5644.03150892385  1.034420E-16
5649.55107402929  9.335462E-17
5655.07063913473  1.002212E-16
5660.59020424017  9.379110E-17
5666.10976934561  9.735548E-17
5671.62933445105  9.094881E-17
5677.14889955649  8.937104E-17
5682.66846466193  9.272325E-17
5688.18802976737  9.216718E-17
5693.70759487281  1.006733E-16
5699.22715997825  9.848441E-17
5704.74672508369  9.253634E-17
5710.26629018913  8.969910E-17
5715.78585529457  8.485080E-17
5721.30542040001  8.732796E-17
5726.82498550545  9.626373E-17
5732.34455061089  9.441822E-17
5737.86411571633  9.486129E-17
5743.38368082177  8.863004E-17
5748.90324592721  9.402165E-17
5754.42281103265  1.018985E-16
5759.94237613809  9.519347E-17
5765.46194124353  8.539676E-17
5770.98150634897  1.052642E-16
5776.50107145441  9.143261E-17
5782.02063655985  9.865914E-17
5787.54020166529  9.705742E-17
5793.05976677073  9.903126E-17
5798.57933187617  1.013684E-16
5804.09889698161  8.368142E-17
5809.61846208705  8.593462E-17
5815.13802719249  9.128147E-17
5820.65759229793  1.013069E-16
5826.17715740337  9.211239E-17
5831.69672250881  9.411633E-17
5837.21628761424  9.450640E-17
5842.73585271969  8.814961E-17
5848.25541782513  9.016523E-17
5853.77498293057  9.269363E-17
5859.29454803601  9.911000E-17
5864.81411314144  8.653864E-17
5870.33367824689  9.106402E-17
5875.85324335233  9.263340E-17
5881.37280845777  9.135845E-17
5886.89237356321  9.753126E-17
5892.41193866865  9.243698E-17
5897.93150377409  9.406624E-17
5903.45106887953  9.306316E-17
5908.97063398497  8.742997E-17
5914.49019909041  8.199471E-17
5920.00976419585  8.963113E-17
5925.52932930129  9.360124E-17
5931.04889440673  9.702397E-17
5936.56845951217  9.429357E-17
5942.08802461761  9.739027E-17
5947.60758972305  8.487929E-17
5953.12715482849  8.031261E-17
5958.64671993393  1.065733E-16
5964.16628503937  9.552464E-17
5969.68585014481  7.509981E-17
5975.20541525025  8.636829E-17
5980.72498035569  8.403118E-17
5986.24454546113  7.277730E-17
5991.76411056657  8.316234E-17
5997.28367567201  9.003852E-17
6002.80324077745  8.561705E-17
6008.32280588289  8.328559E-17
6013.84237098833  8.735098E-17
6019.36193609377  8.419946E-17
6024.88150119921  8.582481E-17
6030.40106630465  8.006963E-17
6035.92063141009  8.444148E-17
6041.44019651553  9.083768E-17
6046.95976162097  8.726387E-17
6052.47932672641  8.636232E-17
6057.99889183185  7.660563E-17
6063.51845693728  7.717796E-17
6069.03802204273  8.802491E-17
6074.55758714817  9.358301E-17
6080.0771522536  8.632690E-17
6085.59671735905  7.620378E-17
6091.11628246449  8.405005E-17
6096.63584756993  8.276812E-17
6102.15541267537  7.635117E-17
6107.67497778081  7.465828E-17
6113.19454288625  7.589669E-17
6118.71410799169  6.488675E-17
6124.23367309713  8.397377E-17
6129.75323820257  7.869382E-17
6135.27280330801  7.542036E-17
6140.79236841345  9.347620E-17
6146.31193351889  8.369319E-17
6151.83149862433  7.996798E-17
6157.35106372977  8.226549E-17
6162.87062883521  8.748502E-17
6168.39019394065  8.796963E-17
6173.90975904609  7.864516E-17
6179.42932415153  8.899444E-17
6184.94888925697  8.231963E-17
6190.46845436241  7.298707E-17
6195.98801946785  7.686979E-17
6201.50758457329  8.757034E-17
6207.02714967873  9.173569E-17
6212.54671478417  8.222465E-17
6218.06627988961  7.722721E-17
6223.58584499505  9.469851E-17
6229.10541010049  8.032364E-17
6234.62497520593  8.052450E-17
6240.14454031137  7.963205E-17
6245.66410541681  6.684410E-17
6251.18367052225  8.467354E-17
6256.70323562769  6.869441E-17
6262.22280073313  6.055200E-17
6267.74236583857  6.976047E-17
6273.26193094401  7.795850E-17
6278.78149604945  7.633073E-17
6284.30106115489  6.920411E-17
6289.82062626033  8.486918E-17
6295.34019136577  7.044801E-17
6300.85975647121  6.410613E-17
6306.37932157665  8.035089E-17
6311.89888668209  7.118315E-17
6317.41845178753  7.412142E-17
6322.93801689297  7.820653E-17
6328.45758199841  8.361546E-17
6333.97714710385  8.342250E-17
6339.49671220929  8.686009E-17
6345.01627731473  8.116540E-17
6350.53584242017  8.458815E-17
6356.05540752561  7.262702E-17
6361.57497263105  7.905333E-17
6367.09453773649  8.677412E-17
6372.61410284193  6.905399E-17
6378.13366794737  8.242733E-17
6383.65323305281  8.040013E-17
6389.17279815825  7.448939E-17
6394.69236326369  7.016949E-17
6400.21192836913  6.496902E-17
6405.73149347457  6.609147E-17
6411.25105858001  7.742381E-17
6416.77062368545  7.358720E-17
6422.29018879089  8.095680E-17
6427.80975389633  8.160971E-17
6433.32931900177  7.528970E-17
6438.84888410721  7.465478E-17
6444.36844921265  7.772677E-17
6449.88801431809  8.247335E-17
6455.40757942353  6.943115E-17
6460.92714452897  7.340485E-17
6466.44670963441  8.285234E-17
6471.96627473985  7.111220E-17
6477.48583984529  7.719577E-17
6483.00540495073  7.528339E-17
6488.52497005617  7.339409E-17
6494.04453516161  6.689631E-17
6499.56410026705  6.354769E-17
6505.08366537249  7.512029E-17
6510.60323047793  7.208936E-17
6516.12279558337  7.554902E-17
6521.64236068881  7.264207E-17
6527.16192579425  6.770279E-17
6532.68149089969  6.081391E-17
6538.20105600513  6.922921E-17
6543.72062111057  7.268310E-17
6549.24018621601  7.373954E-17
6554.75975132145  7.572860E-17
6560.27931642689  7.125327E-17
6565.79888153233  6.385529E-17
6571.31844663777  8.085348E-17
6576.83801174321  6.533902E-17
6582.35757684865  7.228325E-17
6587.87714195409  8.149976E-17
6593.39670705953  8.210123E-17
6598.91627216497  7.909444E-17
6604.43583727041  7.304343E-17
6609.95540237585  7.089653E-17
6615.47496748129  6.757435E-17
6620.99453258673  7.979002E-17
6626.51409769217  7.149362E-17
6632.03366279761  8.113510E-17
6637.55322790305  8.229081E-17
6643.07279300849  7.558380E-17
6648.59235811393  6.465084E-17
6654.11192321937  6.297331E-17
6659.63148832481  6.715524E-17
6665.15105343025  7.572594E-17
6670.67061853569  6.970777E-17
6676.19018364113  7.242351E-17
6681.70974874657  7.944572E-17
6687.22931385201  6.920761E-17
6692.74887895745  6.643921E-17
6698.26844406289  7.184829E-17
6703.78800916833  7.573852E-17
6709.30757427377  6.900024E-17
6714.82713937921  7.800604E-17
6720.34670448465  9.171250E-17
6725.86626959009  6.763240E-17
6731.38583469553  6.827680E-17
6736.90539980097  7.323356E-17
6742.42496490641  6.903303E-17
6747.94453001185  7.843591E-17
6753.46409511729  6.614366E-17
6758.98366022273  6.858422E-17
6764.50322532817  6.169581E-17
6770.02279043361  7.575182E-17
6775.54235553905  7.745074E-17
6781.06192064449  8.476992E-17
6786.58148574993  5.050201E-17
6792.10105085537  7.437897E-17
6797.62061596081  5.978149E-17
6803.14018106625  6.666843E-17
6808.65974617169  6.833871E-17
6814.17931127713  5.888527E-17
6819.69887638257  7.502195E-17
6825.21844148801  6.517492E-17
6830.73800659345  6.840657E-17
6836.25757169889  7.282810E-17
6841.77713680433  6.506251E-17
6847.29670190977  6.657615E-17
6852.81626701521  7.194684E-17
6858.33583212065  7.427056E-17
6863.85539722609  6.872568E-17
6869.37496233153  6.376817E-17
6874.89452743697  7.044524E-17
6880.41409254241  6.023497E-17
6885.93365764785  6.267319E-17
6891.45322275329  8.343066E-17
6896.97278785873  7.690950E-17
6902.49235296417  7.037088E-17
6908.01191806961  7.343750E-17
6913.53148317505  7.214782E-17
6919.05104828049  6.316526E-17
6924.57061338593  6.084762E-17
6930.09017849137  6.077948E-17
6935.60974359681  6.353470E-17
6941.12930870225  7.462959E-17
6946.64887380769  6.612732E-17
6952.16843891313  6.568270E-17
6957.68800401857  6.174077E-17
6963.20756912401  5.250490E-17
6968.72713422945  5.344636E-17
6974.24669933489  6.251166E-17
6979.76626444033  5.929543E-17
6985.28582954577  5.482151E-17
6990.80539465121  4.838719E-17
6996.32495975665  4.659414E-17
7001.84452486209  6.277486E-17
7007.36408996753  5.476648E-17
7012.88365507297  4.935926E-17
7018.40322017841  6.121203E-17
7023.92278528385  5.593992E-17
7029.44235038929  5.304076E-17
7034.96191549473  6.170719E-17
7040.48148060017  6.122582E-17
7046.00104570561  6.391539E-17
7051.52061081105  6.195820E-17
7057.04017591649  5.636530E-17
7062.55974102193  6.907363E-17
7068.07930612737  5.629185E-17
7073.59887123281  4.890061E-17
7079.11843633825  5.868078E-17
7084.63800144369  5.998200E-17
7090.15756654913  4.990969E-17
7095.67713165457  5.975412E-17
7101.19669676001  4.820145E-17
7106.71626186545  4.063552E-17
7112.23582697089  6.661608E-17
7117.75539207633  5.895695E-17
7123.27495718177  6.016901E-17
7128.79452228721  4.586566E-17
7134.31408739265  6.954559E-17
7139.83365249809  6.016138E-17
7145.35321760353  5.002623E-17
7150.87278270897  6.707324E-17
7156.39234781441  6.381956E-17
7161.91191291985  5.537415E-17
7167.43147802529  6.609229E-17
7172.95104313073  6.164452E-17
7178.47060823617  5.404563E-17
7183.99017334161  6.184444E-17
7189.50973844705  6.254096E-17
7195.02930355249  5.726427E-17
7200.54886865793  5.580773E-17
7206.06843376337  6.532926E-17
7211.58799886881  5.430951E-17
7217.10756397425  5.312687E-17
7222.62712907969  5.776902E-17
7228.14669418513  5.702337E-17
7233.66625929057  4.647011E-17
7239.18582439601  5.254153E-17
7244.70538950145  5.696929E-17
7250.22495460689  5.136338E-17
7255.74451971233  5.152029E-17
7261.26408481777  4.869466E-17
7266.78364992321  4.828837E-17
7272.30321502865  4.770782E-17
7277.82278013409  5.582557E-17
7283.34234523953  5.709690E-17
7288.86191034497  4.265947E-17
7294.38147545041  5.225345E-17
7299.90104055585  5.036648E-17
7305.42060566129  3.611648E-17
7310.94017076673  4.828625E-17
7316.45973587217  4.897055E-17
7321.97930097761  4.654287E-17
7327.49886608305  4.246693E-17
7333.01843118849  5.843359E-17
7338.53799629393  6.505347E-17
7344.05756139937  5.062066E-17
7349.57712650481  4.306300E-17
7355.09669161025  4.823578E-17
7360.61625671569  5.205243E-17
7366.13582182113  4.754078E-17
7371.65538692657  6.052483E-17
7377.17495203201  5.923609E-17
7382.69451713745  4.697534E-17
7388.21408224289  6.616192E-17
7393.73364734833  6.595554E-17
7399.25321245377  5.128918E-17
7404.77277755921  6.277303E-17
7410.29234266465  6.568845E-17
7415.81190777009  5.666196E-17
7421.33147287553  6.487343E-17
7426.85103798097  6.045459E-17
7432.37060308641  5.715352E-17
7437.89016819185  6.398565E-17
7443.40973329729  5.914726E-17
7448.92929840273  5.656192E-17
7454.44886350817  5.518489E-17
7459.96842861361  6.327603E-17
7465.48799371905  5.957316E-17
7471.00755882449  5.224622E-17
7476.52712392993  5.847188E-17
7482.04668903537  4.934717E-17
7487.56625414081  4.779854E-17
7493.08581924625  6.086488E-17
7498.60538435169  6.043382E-17
7504.12494945713  5.285810E-17
7509.64451456257  5.421861E-17
7515.16407966801  5.909504E-17
7520.68364477345  6.861378E-17
7526.20320987889  5.356171E-17
7531.72277498433  5.184877E-17
7537.24234008977  6.591045E-17
7542.76190519521  5.029789E-17
7548.28147030065  6.600625E-17
7553.80103540609  6.080265E-17
7559.32060051153  3.853340E-17
7564.84016561697  5.814872E-17
7570.35973072241  4.944996E-17
7575.87929582785  5.413427E-17
7581.39886093329  6.772984E-17
7586.91842603873  7.587182E-17
7592.43799114417  6.628887E-17
7597.95755624961  5.018602E-17
7603.47712135505  5.333150E-17
7608.99668646049  9.766899E-17
7614.51625156593  7.038146E-17
7620.03581667137  8.378592E-17
7625.55538177681  7.510046E-17
7631.07494688225  6.321556E-17
7636.59451198769  5.447982E-17
7642.11407709313  3.104041E-17
7647.63364219857  5.294711E-17
7653.15320730401  6.352545E-17
7658.67277240945  6.848181E-17
7664.19233751489  7.306116E-17
7669.71190262033  6.737299E-17
7675.23146772577  4.972764E-17
7680.75103283121  4.626953E-17
7686.27059793665  7.220769E-17
7691.79016304209  6.309541E-17
7697.30972814753  6.044687E-17
7702.82929325297  6.083123E-17
7708.34885835841  5.983562E-17
7713.86842346385  6.146265E-17
7719.38798856929  5.647631E-17
7724.90755367473  5.176517E-17
7730.42711878017  5.536424E-17
7735.94668388561  5.572949E-17
7741.46624899105  4.352185E-17
7746.98581409649  5.197171E-17
7752.50537920193  5.968104E-17
7758.02494430737  5.871755E-17
7763.54450941281  6.661533E-17
7769.06407451825  6.107596E-17
7774.58363962369  4.900688E-17
7780.10320472913  6.752528E-17
7785.62276983457  6.882943E-17
7791.14233494001  6.434385E-17
7796.66190004545  5.656782E-17
7802.18146515089  3.925847E-17
7807.70103025633  4.647806E-17
7813.22059536177  4.337067E-17
7818.74016046721  5.373966E-17
7824.25972557265  5.677724E-17
7829.77929067809  5.115661E-17
7835.29885578353  4.099260E-17
7840.81842088897  2.623959E-17
7846.33798599441  4.292287E-17
7851.85755109985  3.543605E-17
7857.37711620529  5.394615E-17
7862.89668131073  5.480504E-17
7868.41624641617  5.696081E-17
7873.93581152161  4.382921E-17
7879.45537662705  5.682802E-17
7884.97494173249  5.061714E-17
7890.49450683793  4.350156E-17
7896.01407194337  5.947777E-17
7901.53363704881  4.008384E-17
7907.05320215425  2.347134E-17
7912.57276725969  2.777264E-17
7918.09233236513  2.010383E-17
7923.61189747057  2.410241E-17
7929.13146257601  4.916078E-17
7934.65102768145  5.756653E-17
7940.17059278689  6.020732E-17
7945.69015789233  5.214536E-17
7951.20972299777  4.294996E-17
7956.72928810321  4.028963E-17
7962.24885320865  7.059161E-17
7967.76841831409  7.821476E-17
7973.28798341953  5.901003E-17
7978.80754852497  3.833899E-17
7984.32711363041  4.252975E-17
7989.84667873585  2.085242E-17
7995.36624384129  3.780006E-17
8000.88580894673  3.829529E-17
8006.40537405217  3.816440E-17
8011.92493915761  6.403050E-17
8017.44450426305  4.559312E-17
8022.96406936849  5.307518E-17
8028.48363447393  4.147684E-17
8034.00319957937  3.861733E-17
8039.52276468481  4.140703E-17
8045.04232979025  4.524081E-17
8050.56189489569  4.507515E-17
8056.08146000113  4.280295E-17
8061.60102510657  4.020434E-17
8067.12059021201  4.388512E-17
8072.64015531745  5.862383E-17
8078.15972042289  5.222627E-17
8083.67928552833  4.113510E-17
8089.19885063377  5.073166E-17
8094.71841573921  3.905988E-17
8100.23798084465  4.164024E-17
8105.75754595009  2.689841E-17
8111.27711105553  4.693553E-17
8116.79667616097  5.264711E-17
8122.31624126641  3.460551E-17
8127.83580637185  3.887243E-17
8133.35537147729  4.595320E-17
8138.87493658273  5.547735E-17
8144.39450168817  4.986213E-17
8149.91406679361  5.454773E-17
8155.43363189905  5.402040E-17
8160.95319700449  6.710928E-17
8166.47276210993  3.715540E-17
8171.99232721537  2.893508E-17
8177.51189232081  5.367886E-17
8183.03145742625  5.805021E-17
8188.55102253169  5.061638E-17
8194.07058763713  3.730264E-17
8199.59015274257  3.702746E-17
8205.10971784801  4.444452E-17
8210.62928295345  4.020301E-17
8216.14884805889  4.242760E-17
8221.66841316433  4.156480E-17
8227.18797826977  4.717877E-17
8232.70754337521  4.259825E-17
8238.22710848065  5.050568E-17
8243.74667358609  3.782145E-17
8249.26623869153  6.418358E-17
8254.78580379697  4.562002E-17
8260.30536890241  4.268467E-17
8265.82493400785  4.915947E-17
8271.34449911329  2.933555E-17
8276.86406421873  1.630460E-17
8282.38362932417  5.883172E-17
8287.90319442961  5.677181E-17
8293.42275953505  5.272798E-17
8298.94232464049  4.857290E-17
8304.46188974593  4.073218E-17
8309.98145485137  3.922187E-17
8315.50101995681  4.045560E-17
8321.02058506225  3.843870E-17
8326.54015016769  4.499705E-17
8332.05971527313  4.886905E-17
8337.57928037857  3.110148E-17
8343.09884548401  1.460720E-17
8348.61841058945  8.900916E-18
8354.13797569489  2.927929E-17
8359.65754080033  4.754802E-17
8365.17710590577  5.535641E-17
8370.69667101121  5.194806E-17
8376.21623611665  4.296037E-17
8381.73580122209  3.139009E-17
8387.25536632753  3.281595E-17
8392.77493143297  6.163926E-17
8398.29449653841  3.336767E-17
8403.81406164385  3.994570E-17
8409.33362674929  6.897960E-17
8414.85319185473  3.241756E-17
8420.37275696017  1.091524E-17
8425.89232206561  2.814621E-17
8431.41188717105  4.508345E-17
8436.93145227649  4.856245E-17
8442.45101738193  4.964931E-17
8447.97058248737  4.276489E-17
8453.49014759281  4.766641E-17
8459.00971269825  5.189362E-17
8464.52927780369  2.853737E-17
8470.04884290913  1.896879E-17
8475.56840801457  2.729013E-17
8481.08797312001  2.330671E-17
8486.60753822545  3.629702E-17
8492.12710333089  3.866785E-17
8497.64666843633  1.580883E-17
8503.16623354177  3.755167E-17
8508.68579864721  4.972329E-17
8514.20536375265  3.388423E-17
8519.72492885809  3.851867E-17
8525.24449396353  4.213928E-17
8530.76405906897  4.583565E-17
8536.28362417441  3.480261E-17
8541.80318927985  4.295383E-17
8547.32275438529  3.639847E-17
8552.84231949073  3.699741E-17
8558.36188459617  4.879447E-17
8563.88144970161  3.329476E-17
8569.40101480705  1.482668E-17
8574.92057991249  1.714371E-17
8580.44014501793  1.744413E-17
8585.95971012337  1.479295E-17
8591.47927522881  4.094119E-17
8596.99884033425  3.640963E-17
8602.51840543969  4.117257E-17
8608.03797054513  3.480337E-17
8613.55753565057  1.478744E-17
8619.07710075601  4.290143E-17
8624.59666586145  4.456123E-17
8630.11623096689  4.284453E-17
8635.63579607233  4.677886E-17
8641.15536117777  4.554994E-17
8646.67492628321  5.883752E-17
8652.19449138865  4.946552E-17
8657.71405649409  5.856481E-17
8663.23362159953  5.387768E-17
8668.75318670497  4.058227E-17
8674.27275181041  3.166476E-18
8679.79231691585  4.193282E-17
8685.31188202129  4.611521E-17
8690.83144712673  3.370706E-17
8696.35101223217  4.172247E-17
8701.87057733761  4.916472E-17
8707.39014244305  5.453338E-17
8712.90970754849  5.477523E-17
8718.42927265393  4.345531E-17
8723.94883775937  5.007745E-17
8729.46840286481  4.307225E-17
8734.98796797025  5.227959E-17
8740.50753307569  3.704362E-17
8746.02709818113  3.356248E-17
8751.54666328657  3.868500E-17
8757.06622839201  4.327609E-17
8762.58579349745  2.037933E-17
8768.10535860289  6.180468E-18
8773.62492370833  3.062139E-17
8779.14448881377  4.291577E-17
8784.66405391921  3.685017E-17
8790.18361902465  4.603328E-17
8795.70318413009  3.878130E-17
8801.22274923553  3.521903E-17
8806.74231434097  3.412151E-17
8812.26187944641  3.186533E-17
8817.78144455185  4.611823E-17
8823.30100965729  8.358321E-17
8828.82057476273  5.798442E-17
8834.34013986817  3.131764E-17
8839.85970497361  1.836507E-17
8845.37927007905  1.184393E-17
8850.89883518449  3.090767E-17
8856.41840028993  4.185173E-17
8861.93796539537  2.246769E-17
8867.45753050081  -9.286419E-19
8872.97709560625  3.587298E-17
8878.49666071169  3.662343E-17
8884.01622581713  2.258864E-17
8889.53579092257  4.894406E-17
8895.05535602801  5.006930E-17
8900.57492113345  2.639641E-17
8906.09448623889  1.732787E-17
8911.61405134433  3.543074E-17
8917.13361644977  4.939975E-17
8922.65318155521  3.068513E-17
8928.17274666065  4.924308E-17
8933.69231176609  4.384654E-17
8939.21187687153  3.351602E-17
8944.73144197697  3.126800E-17
8950.25100708241  3.944071E-17
8955.77057218785  2.710154E-17
8961.29013729329  7.031387E-18
8966.80970239873  2.460810E-17
8972.32926750417  7.230447E-17
8977.84883260961  7.140373E-17
8983.36839771505  4.606837E-17
8988.88796282049  3.986659E-17
8994.40752792593  5.490472E-17
8999.92709303137  3.070369E-17
9005.44665813681  1.543787E-18
9010.96622324225  2.521033E-17
9016.48578834769  3.268532E-17
9022.00535345313  6.240636E-18
9027.52491855857  2.510834E-17
9033.04448366401  5.907152E-17
9038.56404876945  3.141514E-17
9044.08361387489  2.713354E-17
9049.60317898033  5.534166E-18
9055.12274408577  4.952217E-17
9060.64230919121  8.621385E-17
9066.16187429665  2.123374E-17
9071.68143940209  1.364825E-17
9077.20100450753  6.787411E-17
9082.72056961297  1.651142E-17
9088.24013471841  4.010348E-17
9093.75969982385  5.804980E-17
9099.27926492929  4.609658E-17
9104.79883003473  3.154940E-17
9110.31839514017  1.217734E-17
9115.83796024561  3.205765E-17
9121.35752535105  3.257612E-17
9126.87709045649  -1.420138E-17
9132.39665556193  1.225600E-17
9137.91622066737  3.703301E-17
9143.43578577281  6.228532E-17
9148.95535087825  4.099679E-17
9154.47491598369  2.937904E-17
9159.99448108913  4.000401E-17
9165.51404619457  1.591074E-17
9171.03361130001  3.508055E-17
9176.55317640545  4.739717E-17
9182.07274151089  2.675045E-17
9187.59230661633  2.084020E-17
9193.11187172177  1.911879E-17
9198.63143682721  -8.254126E-18
9204.15100193265  8.793494E-18
9209.67056703809  3.688512E-17
9215.19013214353  4.397057E-17
9220.70969724897  5.070168E-17
9226.22926235441  7.640957E-17
9231.74882745985  5.676468E-17
9237.26839256529  2.690193E-17
9242.78795767073  8.079899E-18
9248.30752277617  0.
