3653.07226562  2.563291E-17
3658.59020089603  1.306624E-17
3664.10813617206  9.919547E-18
3669.62607144809  1.807726E-17
3675.14400672412  3.236902E-17
3680.66194200015  1.982728E-17
3686.17987727618  3.422890E-17
3691.69781255221  3.377389E-17
3697.21574782824  1.357570E-17
3702.73368310427  2.478022E-17
3708.2516183803  2.079810E-17
3713.76955365633  2.069348E-17
3719.28748893236  3.832628E-17
3724.80542420839  1.771242E-17
3730.32335948442  2.333768E-17
3735.84129476045  2.945274E-17
3741.35923003648  2.106712E-17
3746.87716531251  2.225570E-17
3752.39510058854  1.890336E-17
3757.91303586457  3.438132E-17
3763.4309711406  1.924506E-17
3768.94890641663  2.393961E-17
3774.46684169266  3.586816E-17
3779.98477696869  1.753241E-17
3785.50271224472  2.242722E-17
3791.02064752075  2.344307E-17
3796.53858279678  1.985224E-17
3802.05651807281  2.667806E-17
3807.57445334884  2.554814E-17
3813.09238862487  3.158006E-17
3818.6103239009  2.527328E-17
3824.12825917693  2.563064E-17
3829.64619445296  1.740852E-17
3835.16412972899  2.549851E-17
3840.68206500502  2.690805E-17
3846.20000028105  2.166092E-17
3851.71793555708  1.949959E-17
3857.23587083311  2.632354E-17
3862.75380610914  3.057050E-17
3868.27174138517  1.873151E-17
3873.7896766612  2.228500E-17
3879.30761193723  2.544854E-17
3884.82554721326  2.438161E-17
3890.34348248929  2.492713E-17
3895.86141776532  2.294178E-17
3901.37935304135  2.387586E-17
3906.89728831738  2.288212E-17
3912.41522359341  2.039983E-17
3917.93315886944  2.961084E-17
3923.45109414547  2.975609E-17
3928.9690294215  2.325447E-17
3934.48696469753  3.309169E-17
3940.00489997356  2.484204E-17
3945.52283524959  2.693115E-17
3951.04077052562  2.909619E-17
3956.55870580165  2.378536E-17
3962.07664107768  3.103937E-17
3967.59457635371  2.932581E-17
3973.11251162974  2.626773E-17
3978.63044690577  2.123995E-17
3984.1483821818  3.066163E-17
3989.66631745783  4.202986E-17
3995.18425273386  2.099184E-17
4000.70218800989  2.886834E-17
4006.22012328592  2.307779E-17
4011.73805856195  3.479145E-17
4017.25599383798  3.572068E-17
4022.77392911401  2.823313E-17
4028.29186439004  3.202209E-17
4033.80979966607  2.736566E-17
4039.3277349421  3.213746E-17
4044.84567021813  3.961366E-17
4050.36360549416  3.133395E-17
4055.88154077019  2.247660E-17
4061.39947604622  2.512995E-17
4066.91741132225  2.525911E-17
4072.43534659828  2.745791E-17
4077.95328187431  4.246355E-17
4083.47121715034  3.572555E-17
4088.98915242637  4.114606E-17
4094.5070877024  2.619565E-17
4100.02502297843  3.280752E-17
4105.54295825446  3.815925E-17
4111.06089353049  3.632879E-17
4116.57882880652  3.756931E-17
4122.09676408255  3.246632E-17
4127.61469935858  4.023720E-17
4133.13263463461  4.082195E-17
4138.65056991064  3.882382E-17
4144.16850518667  4.184341E-17
4149.6864404627  3.808917E-17
4155.20437573873  3.175950E-17
4160.72231101476  2.999865E-17
4166.24024629079  3.385906E-17
4171.75818156682  2.937625E-17
4177.27611684285  3.589709E-17
4182.79405211888  3.748371E-17
4188.31198739491  3.099982E-17
4193.82992267095  3.662913E-17
4199.34785794697  3.483021E-17
4204.865793223  3.076524E-17
4210.38372849903  3.282092E-17
4215.90166377506  4.067662E-17
4221.41959905109  4.360492E-17
4226.93753432712  4.384002E-17
4232.45546960315  4.078117E-17
4237.97340487918  3.531112E-17
4243.49134015521  4.104613E-17
4249.00927543124  3.652064E-17
4254.52721070727  3.645445E-17
4260.0451459833  3.542524E-17
4265.56308125933  3.788332E-17
4271.08101653536  3.697596E-17
4276.59895181139  3.850900E-17
4282.11688708742  3.571279E-17
4287.63482236345  2.956935E-17
4293.15275763948  3.613968E-17
4298.67069291551  3.989635E-17
4304.18862819154  3.514944E-17
4309.70656346757  3.670043E-17
4315.2244987436  3.560056E-17
4320.74243401963  4.001118E-17
4326.26036929566  4.042759E-17
4331.77830457169  3.421203E-17
4337.29623984772  4.016303E-17
4342.81417512375  3.926477E-17
4348.33211039978  4.304638E-17
4353.85004567581  3.832225E-17
4359.36798095184  4.325740E-17
4364.88591622787  3.545659E-17
4370.4038515039  4.159484E-17
4375.92178677993  3.956951E-17
4381.43972205596  4.352803E-17
4386.95765733199  4.385161E-17
4392.47559260802  4.030755E-17
4397.99352788405  4.193031E-17
4403.51146316008  4.216430E-17
4409.02939843611  4.482406E-17
4414.54733371214  4.154504E-17
4420.06526898817  4.250873E-17
4425.5832042642  5.087717E-17
4431.10113954023  4.768267E-17
4436.61907481626  4.970251E-17
4442.13701009229  5.064193E-17
4447.65494536832  4.573404E-17
4453.17288064435  5.135201E-17
4458.69081592038  4.949737E-17
4464.20875119641  5.722369E-17
4469.72668647244  5.567578E-17
4475.24462174847  4.991689E-17
4480.7625570245  5.456259E-17
4486.28049230053  5.889396E-17
4491.79842757656  5.700806E-17
4497.3163628526  6.073661E-17
4502.83429812862  6.135922E-17
4508.35223340465  5.169589E-17
4513.87016868068  5.894576E-17
4519.38810395671  6.371537E-17
4524.90603923274  6.181310E-17
4530.42397450877  6.673358E-17
4535.9419097848  5.886632E-17
4541.45984506083  6.300348E-17
4546.97778033686  6.555058E-17
4552.49571561289  6.078658E-17
4558.01365088892  6.336886E-17
4563.53158616495  6.305731E-17
4569.04952144098  6.722357E-17
4574.56745671701  6.885897E-17
4580.08539199304  6.266474E-17
4585.60332726907  6.675752E-17
4591.1212625451  6.728607E-17
4596.63919782113  6.660853E-17
4602.15713309716  6.529345E-17
4607.67506837319  5.723558E-17
4613.19300364922  6.063798E-17
4618.71093892525  6.243979E-17
4624.22887420128  6.081030E-17
4629.74680947731  6.503811E-17
4635.26474475334  6.501374E-17
4640.78268002937  6.357877E-17
4646.3006153054  6.126188E-17
4651.81855058143  5.556541E-17
4657.33648585746  5.803657E-17
4662.85442113349  5.972979E-17
4668.37235640953  5.827489E-17
4673.89029168555  5.955779E-17
4679.40822696158  6.149079E-17
4684.92616223761  5.512688E-17
4690.44409751364  5.492586E-17
4695.96203278967  5.340585E-17
4701.4799680657  5.592762E-17
4706.99790334173  6.210078E-17
4712.51583861776  6.147387E-17
4718.03377389379  5.759903E-17
4723.55170916982  5.469124E-17
4729.06964444585  5.539483E-17
4734.58757972188  5.498358E-17
4740.10551499791  5.460490E-17
4745.62345027394  5.242899E-17
4751.14138554997  4.753167E-17
4756.659320826  4.789072E-17
4762.17725610203  5.679178E-17
4767.69519137806  5.920582E-17
4773.21312665409  6.129737E-17
4778.73106193012  5.090945E-17
4784.24899720615  4.697188E-17
4789.76693248219  5.241070E-17
4795.28486775821  5.192879E-17
4800.80280303425  4.886113E-17
4806.32073831027  5.048036E-17
4811.8386735863  5.059162E-17
4817.35660886233  4.632226E-17
4822.87454413836  5.100834E-17
4828.39247941439  5.499673E-17
4833.91041469042  4.721462E-17
4839.42834996646  5.549036E-17
4844.94628524248  4.399276E-17
4850.46422051851  5.406824E-17
4855.98215579454  5.209327E-17
4861.50009107057  4.963009E-17
4867.0180263466  5.483414E-17
4872.53596162263  4.784164E-17
4878.05389689866  4.510557E-17
4883.57183217469  4.667776E-17
4889.08976745072  4.893919E-17
4894.60770272676  5.692920E-17
4900.12563800278  5.377294E-17
4905.64357327881  4.896686E-17
4911.16150855485  5.262985E-17
4916.67944383087  5.352092E-17
4922.19737910691  4.964713E-17
4927.71531438294  4.786018E-17
4933.23324965896  4.949615E-17
4938.75118493499  4.890535E-17
4944.26912021102  4.676197E-17
4949.78705548705  4.647173E-17
4955.30499076308  5.586244E-17
4960.82292603912  4.641657E-17
4966.34086131514  4.120899E-17
4971.85879659117  4.713101E-17
4977.3767318672  4.875859E-17
4982.89466714324  5.001666E-17
4988.41260241927  5.043862E-17
4993.93053769529  4.729908E-17
4999.44847297132  4.620908E-17
5004.96640824735  4.655838E-17
5010.48434352338  5.012069E-17
5016.00227879942  4.660569E-17
5021.52021407544  4.653822E-17
5027.03814935148  5.399149E-17
5032.55608462751  5.365182E-17
5038.07401990354  4.881906E-17
5043.59195517957  4.723764E-17
5049.1098904556  4.839646E-17
5054.62782573163  4.584712E-17
5060.14576100765  5.249249E-17
5065.66369628369  5.248824E-17
5071.18163155972  5.411346E-17
5076.69956683574  5.603040E-17
5082.21750211177  5.494699E-17
5087.7354373878  5.384645E-17
5093.25337266384  5.600363E-17
5098.77130793987  6.307313E-17
5104.2892432159  6.654197E-17
5109.80717849193  6.321928E-17
5115.32511376795  7.501137E-17
5120.84304904399  6.189822E-17
5126.36098432002  5.893340E-17
5131.87891959605  6.101953E-17
5137.39685487207  7.022016E-17
5142.9147901481  6.376249E-17
5148.43272542413  6.752670E-17
5153.95066070017  7.211179E-17
5159.4685959762  7.124715E-17
5164.98653125223  6.783025E-17
5170.50446652826  7.346397E-17
5176.02240180428  7.204700E-17
5181.54033708031  7.129329E-17
5187.05827235635  7.988316E-17
5192.57620763238  7.873803E-17
5198.09414290841  8.085678E-17
5203.61207818444  7.462149E-17
5209.13001346047  7.594190E-17
5214.64794873649  8.248394E-17
5220.16588401252  8.116023E-17
5225.68381928856  7.866181E-17
5231.20175456459  7.156734E-17
5236.71968984062  7.548054E-17
5242.23762511664  8.196234E-17
5247.75556039267  7.909353E-17
5253.2734956687  8.178611E-17
5258.79143094474  8.135114E-17
5264.30936622077  8.010971E-17
5269.8273014968  8.355122E-17
5275.34523677283  8.166063E-17
5280.86317204886  7.842537E-17
5286.38110732488  7.672585E-17
5291.89904260092  8.182942E-17
5297.41697787694  8.162340E-17
5302.93491315298  7.604477E-17
5308.452848429  7.252096E-17
5313.97078370503  7.862038E-17
5319.48871898107  7.927473E-17
5325.0066542571  7.582694E-17
5330.52458953313  7.635505E-17
5336.04252480916  7.220218E-17
5341.56046008519  7.318786E-17
5347.07839536122  7.542797E-17
5352.59633063725  7.823259E-17
5358.11426591328  7.168305E-17
5363.63220118931  8.031523E-17
5369.15013646534  7.228064E-17
5374.66807174136  7.608560E-17
5380.1860070174  6.753948E-17
5385.70394229343  7.152616E-17
5391.22187756945  7.188097E-17
5396.73981284549  7.537112E-17
5402.25774812152  7.341274E-17
5407.77568339755  7.070292E-17
5413.29361867358  6.396357E-17
5418.81155394961  6.437362E-17
5424.32948922563  5.832744E-17
5429.84742450167  6.876198E-17
5435.3653597777  7.276963E-17
5440.88329505373  7.007507E-17
5446.40123032975  6.441977E-17
5451.91916560578  5.949698E-17
5457.43710088181  6.245208E-17
5462.95503615785  7.160709E-17
5468.47297143388  7.164586E-17
5473.99090670991  6.452215E-17
5479.50884198593  6.996787E-17
5485.02677726196  7.392071E-17
5490.544712538  7.062412E-17
5496.06264781403  6.065096E-17
5501.58058309006  7.251317E-17
5507.09851836609  8.091014E-17
5512.61645364212  6.712784E-17
5518.13438891815  7.317510E-17
5523.65232419418  6.839426E-17
5529.17025947021  7.059052E-17
5534.68819474624  6.782643E-17
5540.20613002227  6.908519E-17
5545.72406529829  7.094354E-17
5551.24200057433  6.800320E-17
5556.75993585036  6.887024E-17
5562.27787112639  6.648796E-17
5567.79580640242  7.400811E-17
5573.31374167845  6.651722E-17
5578.83167695448  6.537487E-17
5584.34961223051  6.140860E-17
5589.86754750654  6.702858E-17
5595.38548278257  6.782360E-17
5600.90341805859  6.788750E-17
5606.42135333463  6.289265E-17
5611.93928861066  5.985842E-17
5617.45722388668  7.010442E-17
5622.97515916272  7.197999E-17
5628.49309443875  7.622598E-17
5634.01102971478  7.147882E-17
5639.52896499081  6.342670E-17
5645.04690026684  6.985018E-17
5650.56483554286  6.787003E-17
5656.0827708189  6.824971E-17
5661.60070609493  6.537486E-17
5667.11864137096  6.549167E-17
5672.63657664699  6.828521E-17
5678.15451192302  6.899318E-17
5683.67244719905  6.396055E-17
5689.19038247508  6.168868E-17
5694.70831775111  6.329167E-17
5700.22625302713  6.347544E-17
5705.74418830317  6.387659E-17
5711.2621235792  6.222798E-17
5716.78005885523  6.238202E-17
5722.29799413126  5.715341E-17
5727.81592940729  5.142196E-17
5733.33386468332  5.600784E-17
5738.85179995935  5.969482E-17
5744.36973523538  5.751446E-17
5749.88767051141  5.903142E-17
5755.40560578744  6.028971E-17
5760.92354106346  5.684210E-17
5766.4414763395  5.518024E-17
5771.95941161553  5.778629E-17
5777.47734689156  5.954433E-17
5782.99528216759  5.789704E-17
5788.51321744362  5.909881E-17
5794.03115271965  6.464975E-17
5799.54908799568  5.799517E-17
5805.06702327171  4.920934E-17
5810.58495854774  5.426569E-17
5816.10289382377  6.029787E-17
5821.6208290998  5.926603E-17
5827.13876437582  6.017521E-17
5832.65669965186  5.909458E-17
5838.17463492789  5.252611E-17
5843.69257020392  5.998403E-17
5849.21050547995  6.183581E-17
5854.72844075598  6.180135E-17
5860.24637603201  6.173353E-17
5865.76431130804  5.776958E-17
5871.28224658407  6.087472E-17
5876.8001818601  6.020988E-17
5882.31811713613  5.410132E-17
5887.83605241216  5.569010E-17
5893.35398768819  5.957906E-17
5898.87192296422  6.001253E-17
5904.38985824025  5.631736E-17
5909.90779351628  6.043391E-17
5915.42572879231  6.365640E-17
5920.94366406834  6.451160E-17
5926.46159934437  6.255610E-17
5931.9795346204  5.763217E-17
5937.49746989643  6.292039E-17
5943.01540517245  6.809919E-17
5948.53334044849  6.560659E-17
5954.05127572452  6.793192E-17
5959.56921100055  6.733535E-17
5965.08714627658  6.648063E-17
5970.60508155261  7.062282E-17
5976.12301682864  7.393141E-17
5981.64095210467  7.065983E-17
5987.1588873807  7.034777E-17
5992.67682265673  6.932181E-17
5998.19475793276  7.034688E-17
6003.71269320879  7.020158E-17
6009.23062848482  7.311520E-17
6014.74856376085  7.320525E-17
6020.26649903688  6.964443E-17
6025.78443431291  7.745852E-17
6031.30236958894  6.809416E-17
6036.82030486497  7.296125E-17
6042.338240141  7.634301E-17
6047.85617541703  7.375613E-17
6053.37411069306  7.886966E-17
6058.89204596909  7.684384E-17
6064.40998124512  7.033556E-17
6069.92791652115  7.652094E-17
6075.44585179718  7.427566E-17
6080.96378707321  8.390038E-17
6086.48172234924  8.986686E-17
6091.99965762527  8.123104E-17
6097.5175929013  8.284701E-17
6103.03552817733  8.087378E-17
6108.55346345336  8.103865E-17
6114.07139872939  7.688215E-17
6119.58933400542  7.949791E-17
6125.10726928145  8.306624E-17
6130.62520455748  7.984690E-17
6136.14313983351  7.229901E-17
6141.66107510954  7.825886E-17
6147.17901038557  7.816096E-17
6152.6969456616  7.948922E-17
6158.21488093763  7.158561E-17
6163.73281621366  7.578389E-17
6169.25075148969  7.856177E-17
6174.76868676572  7.883837E-17
6180.28662204175  8.126111E-17
6185.80455731778  8.376034E-17
6191.32249259381  7.836218E-17
6196.84042786984  8.723430E-17
6202.35836314587  8.818692E-17
6207.8762984219  9.003144E-17
6213.39423369792  9.395494E-17
6218.91216897396  9.271098E-17
6224.43010424999  8.641539E-17
6229.94803952602  8.580912E-17
6235.46597480205  9.056830E-17
6240.98391007808  8.889282E-17
6246.50184535411  8.954949E-17
6252.01978063014  8.254470E-17
6257.53771590617  8.363983E-17
6263.0556511822  9.241231E-17
6268.57358645823  8.727381E-17
6274.09152173426  7.786212E-17
6279.60945701029  7.968195E-17
6285.12739228632  8.556655E-17
6290.64532756235  8.535280E-17
6296.16326283838  8.954970E-17
6301.68119811441  8.776507E-17
6307.19913339044  8.176719E-17
6312.71706866647  8.389890E-17
6318.2350039425  8.740686E-17
6323.75293921853  8.588435E-17
6329.27087449456  8.008334E-17
6334.78880977059  7.886236E-17
6340.30674504662  8.642838E-17
6345.82468032265  8.022594E-17
6351.34261559868  7.532773E-17
6356.86055087471  8.301986E-17
6362.37848615074  8.866483E-17
6367.89642142677  8.620714E-17
6373.4143567028  8.316838E-17
6378.93229197883  8.773959E-17
6384.45022725486  9.102856E-17
6389.96816253089  8.745857E-17
6395.48609780692  8.505747E-17
6401.00403308295  9.189385E-17
6406.52196835898  8.872219E-17
6412.03990363501  8.355114E-17
6417.55783891104  8.487888E-17
6423.07577418707  8.750502E-17
6428.5937094631  8.772422E-17
6434.11164473913  9.184751E-17
6439.62958001516  8.742928E-17
6445.14751529119  8.034160E-17
6450.66545056722  8.577924E-17
6456.18338584325  8.537899E-17
6461.70132111928  8.375724E-17
6467.21925639531  8.223094E-17
6472.73719167134  7.902598E-17
6478.25512694737  7.705521E-17
6483.7730622234  7.963775E-17
6489.29099749943  7.869898E-17
6494.80893277546  6.908925E-17
6500.32686805149  7.273578E-17
6505.84480332752  7.704769E-17
6511.36273860355  6.801248E-17
6516.88067387958  7.158078E-17
6522.39860915561  7.404845E-17
6527.91654443164  6.865203E-17
6533.43447970767  7.157361E-17
6538.9524149837  7.176518E-17
6544.47035025973  7.128794E-17
6549.98828553576  6.858540E-17
6555.50622081179  6.689811E-17
6561.02415608782  6.690137E-17
6566.54209136385  6.414757E-17
6572.06002663988  6.907295E-17
6577.57796191591  6.948582E-17
6583.09589719194  6.786761E-17
6588.61383246797  6.425380E-17
6594.131767744  6.940030E-17
6599.64970302003  6.446907E-17
6605.16763829606  6.304054E-17
6610.68557357209  5.986432E-17
6616.20350884812  6.985685E-17
6621.72144412415  7.137770E-17
6627.23937940018  6.549373E-17
6632.75731467621  6.135783E-17
6638.27524995224  6.648698E-17
6643.79318522827  6.135144E-17
6649.3111205043  6.355337E-17
6654.82905578033  6.311484E-17
6660.34699105636  6.613593E-17
6665.86492633239  6.730034E-17
6671.38286160842  6.393231E-17
6676.90079688445  6.520090E-17
6682.41873216048  6.186841E-17
6687.93666743651  5.763407E-17
6693.45460271254  5.681782E-17
6698.97253798857  6.027153E-17
6704.4904732646  6.196081E-17
6710.00840854063  5.836058E-17
6715.52634381666  5.777673E-17
6721.04427909269  5.754365E-17
6726.56221436872  6.111846E-17
6732.08014964475  5.713766E-17
6737.59808492078  5.310715E-17
6743.11602019681  6.518274E-17
6748.63395547284  5.778860E-17
6754.15189074887  6.960288E-17
6759.6698260249  5.827086E-17
6765.18776130093  5.808305E-17
6770.70569657696  5.923061E-17
6776.22363185299  6.021959E-17
6781.74156712902  6.014133E-17
6787.25950240505  6.295265E-17
6792.77743768108  5.354318E-17
6798.29537295711  6.039644E-17
6803.81330823314  5.691414E-17
6809.33124350917  5.455770E-17
6814.8491787852  5.357438E-17
6820.36711406123  5.273472E-17
6825.88504933726  5.785696E-17
6831.40298461329  6.080809E-17
6836.92091988932  5.526228E-17
6842.43885516535  4.938330E-17
6847.95679044138  4.809122E-17
6853.47472571741  5.154294E-17
6858.99266099344  5.680163E-17
6864.51059626947  5.748288E-17
6870.0285315455  4.904147E-17
6875.54646682153  4.782503E-17
6881.06440209756  4.826655E-17
6886.58233737359  4.997548E-17
6892.10027264962  5.173760E-17
6897.61820792565  5.036095E-17
6903.13614320168  6.089675E-17
6908.65407847771  5.730208E-17
6914.17201375374  5.382377E-17
6919.68994902977  5.376084E-17
6925.2078843058  5.164677E-17
6930.72581958183  4.722743E-17
6936.24375485786  5.296253E-17
6941.76169013389  5.367361E-17
6947.27962540992  5.573712E-17
6952.79756068595  5.049815E-17
6958.31549596198  4.573238E-17
6963.83343123801  4.864050E-17
6969.35136651404  5.084338E-17
6974.86930179007  5.337245E-17
6980.3872370661  5.479613E-17
6985.90517234213  5.256225E-17
6991.42310761816  4.915120E-17
6996.94104289419  4.985294E-17
7002.45897817022  5.327420E-17
7007.97691344625  5.298613E-17
7013.49484872228  5.361837E-17
7019.01278399831  5.020013E-17
7024.53071927434  5.059674E-17
7030.04865455037  5.857856E-17
7035.5665898264  5.937000E-17
7041.08452510243  5.363362E-17
7046.60246037846  5.162527E-17
7052.12039565449  5.311667E-17
7057.63833093052  5.763179E-17
7063.15626620655  5.188453E-17
7068.67420148258  5.030037E-17
7074.19213675861  4.965768E-17
7079.71007203464  5.376829E-17
7085.22800731067  5.180013E-17
7090.7459425867  5.180706E-17
7096.26387786273  5.095086E-17
7101.78181313876  4.782410E-17
7107.29974841479  4.614958E-17
7112.81768369082  4.841169E-17
7118.33561896685  4.738060E-17
7123.85355424288  5.231578E-17
7129.37148951891  4.980489E-17
7134.88942479494  4.775908E-17
7140.40736007097  5.013288E-17
7145.925295347  4.428719E-17
7151.44323062303  4.685490E-17
7156.96116589906  4.017051E-17
7162.47910117509  4.561916E-17
7167.99703645112  5.052624E-17
7173.51497172715  4.965727E-17
7179.03290700318  4.965533E-17
7184.55084227921  4.720980E-17
7190.06877755524  4.860329E-17
7195.58671283127  4.926036E-17
7201.1046481073  4.272725E-17
7206.62258338333  4.144506E-17
7212.14051865936  4.758585E-17
7217.65845393539  4.750609E-17
7223.17638921142  5.375290E-17
7228.69432448745  5.055346E-17
7234.21225976348  5.161632E-17
7239.73019503951  4.847038E-17
7245.24813031554  5.677036E-17
7250.76606559157  4.683438E-17
7256.2840008676  5.233659E-17
7261.80193614363  3.808373E-17
7267.31987141966  4.882825E-17
7272.83780669569  6.259260E-17
7278.35574197172  6.435850E-17
7283.87367724775  5.419914E-17
7289.39161252378  5.553075E-17
7294.90954779981  5.443925E-17
7300.42748307584  5.291466E-17
7305.94541835187  5.765368E-17
7311.4633536279  5.272898E-17
7316.98128890393  5.316989E-17
7322.49922417996  5.990215E-17
7328.01715945599  6.025133E-17
7333.53509473202  6.278982E-17
7339.05303000805  5.739941E-17
7344.57096528408  5.042848E-17
7350.08890056011  5.331820E-17
7355.60683583614  6.066565E-17
7361.12477111217  6.581562E-17
7366.6427063882  5.698709E-17
7372.16064166423  5.637252E-17
7377.67857694026  5.051572E-17
7383.19651221629  6.020624E-17
7388.71444749232  6.620292E-17
7394.23238276835  6.319698E-17
7399.75031804438  6.093087E-17
7405.26825332041  5.857642E-17
7410.78618859644  5.887601E-17
7416.30412387247  6.326729E-17
7421.8220591485  7.229175E-17
7427.33999442453  6.148826E-17
7432.85792970056  5.787232E-17
7438.37586497659  6.061698E-17
7443.89380025262  7.030371E-17
7449.41173552865  7.653033E-17
7454.92967080468  7.040001E-17
7460.44760608071  6.563708E-17
7465.96554135674  5.764585E-17
7471.48347663277  5.605948E-17
7477.0014119088  6.343696E-17
7482.51934718483  7.120678E-17
7488.03728246086  6.816584E-17
7493.55521773689  6.284558E-17
7499.07315301292  5.656993E-17
7504.59108828895  5.599810E-17
7510.10902356498  5.936385E-17
7515.62695884101  7.074525E-17
7521.14489411704  7.371930E-17
7526.66282939307  6.754747E-17
7532.1807646691  6.710149E-17
7537.69869994513  5.103838E-17
7543.21663522116  6.175507E-17
7548.73457049719  7.414260E-17
7554.25250577322  6.720823E-17
7559.77044104925  6.740299E-17
7565.28837632528  5.851241E-17
7570.80631160131  5.154109E-17
7576.32424687734  6.471598E-17
7581.84218215337  7.536750E-17
7587.3601174294  7.328252E-17
7592.87805270543  7.513521E-17
7598.39598798146  7.215546E-17
7603.91392325749  5.783174E-17
7609.43185853352  6.789633E-17
7614.94979380955  8.116943E-17
7620.46772908558  7.997444E-17
7625.98566436161  7.075001E-17
7631.50359963764  5.760516E-17
7637.02153491367  5.227101E-17
7642.5394701897  5.174808E-17
7648.05740546573  5.429436E-17
7653.57534074176  6.362078E-17
7659.09327601779  6.266880E-17
7664.61121129382  5.043303E-17
7670.12914656985  5.159387E-17
7675.64708184588  5.679923E-17
7681.16501712191  6.371754E-17
7686.68295239794  6.849910E-17
7692.20088767397  6.454039E-17
7697.71882295  6.007706E-17
7703.23675822603  4.731056E-17
7708.75469350206  4.879381E-17
7714.27262877809  6.587883E-17
7719.79056405412  6.734603E-17
7725.30849933015  7.057040E-17
7730.82643460618  5.712771E-17
7736.34436988221  4.395929E-17
7741.86230515824  4.021992E-17
7747.38024043427  5.752535E-17
7752.8981757103  6.563026E-17
7758.41611098633  5.635225E-17
7763.93404626236  4.932201E-17
7769.45198153839  4.688358E-17
7774.96991681442  5.090152E-17
7780.48785209045  4.916650E-17
7786.00578736648  5.725515E-17
7791.52372264251  6.861697E-17
7797.04165791854  4.963328E-17
7802.55959319457  4.526834E-17
7808.0775284706  4.046221E-17
7813.59546374663  3.746379E-17
7819.11339902266  4.592095E-17
7824.63133429869  5.629874E-17
7830.14926957472  5.983199E-17
7835.66720485075  4.650215E-17
7841.18514012678  4.684872E-17
7846.70307540281  4.245718E-17
7852.22101067884  5.097366E-17
7857.73894595487  5.066602E-17
7863.2568812309  5.361536E-17
7868.77481650693  5.343096E-17
7874.29275178296  4.460351E-17
7879.81068705899  3.939639E-17
7885.32862233502  3.987348E-17
7890.84655761105  5.041519E-17
7896.36449288708  5.816287E-17
7901.88242816311  4.884690E-17
7907.40036343914  3.804843E-17
7912.91829871517  3.880290E-17
7918.4362339912  4.351663E-17
7923.95416926723  4.239783E-17
7929.47210454326  5.149976E-17
7934.99003981929  5.162306E-17
7940.50797509532  4.207414E-17
7946.02591037135  4.400594E-17
7951.54384564738  4.113405E-17
7957.06178092341  4.889416E-17
7962.57971619944  5.654844E-17
7968.09765147547  5.820808E-17
7973.6155867515  4.684733E-17
7979.13352202753  4.320592E-17
7984.65145730356  3.163030E-17
7990.16939257959  3.880281E-17
7995.68732785562  5.035193E-17
8001.20526313165  5.182651E-17
8006.72319840768  4.584958E-17
8012.24113368371  4.182562E-17
8017.75906895974  3.984222E-17
8023.27700423577  4.072548E-17
8028.7949395118  4.294891E-17
8034.31287478783  4.310509E-17
8039.83081006386  5.023067E-17
8045.34874533989  5.211602E-17
8050.86668061592  3.834061E-17
8056.38461589195  3.770441E-17
8061.90255116798  4.785019E-17
8067.42048644401  4.486748E-17
8072.93842172004  4.656300E-17
8078.45635699607  4.371309E-17
8083.9742922721  3.743124E-17
8089.49222754813  3.672172E-17
8095.01016282416  2.991901E-17
8100.52809810019  4.085132E-17
8106.04603337622  4.684321E-17
8111.56396865225  4.873867E-17
8117.08190392828  4.516104E-17
8122.59983920431  3.741482E-17
8128.11777448034  3.718428E-17
8133.63570975637  3.417581E-17
8139.1536450324  3.826666E-17
8144.67158030843  4.795780E-17
8150.18951558446  4.735253E-17
8155.70745086049  4.683489E-17
8161.22538613652  4.093041E-17
8166.74332141255  3.651402E-17
8172.26125668858  3.740110E-17
8177.77919196461  4.401556E-17
8183.29712724064  4.170519E-17
8188.81506251667  4.004405E-17
8194.3329977927  4.174435E-17
8199.85093306873  4.105640E-17
8205.36886834476  3.929365E-17
8210.88680362079  4.193213E-17
8216.40473889682  5.248345E-17
8221.92267417285  3.987914E-17
8227.44060944888  4.591292E-17
8232.95854472491  3.922621E-17
8238.47648000094  3.833750E-17
8243.99441527697  3.744706E-17
8249.512350553  4.452334E-17
8255.03028582903  4.715351E-17
8260.54822110506  5.435305E-17
8266.06615638109  4.877647E-17
8271.58409165712  3.955004E-17
8277.10202693315  3.800959E-17
8282.61996220918  4.337382E-17
8288.13789748521  4.850053E-17
8293.65583276124  6.189153E-17
8299.17376803727  5.373694E-17
8304.6917033133  3.747454E-17
8310.20963858933  3.616813E-17
8315.72757386536  3.642771E-17
8321.24550914139  4.174073E-17
8326.76344441742  4.818188E-17
8332.28137969345  4.796432E-17
8337.79931496948  4.118112E-17
8343.31725024551  3.245102E-17
8348.83518552154  2.773452E-17
8354.35312079757  3.025534E-17
8359.8710560736  4.977674E-17
8365.38899134963  6.111486E-17
8370.90692662566  5.700061E-17
8376.42486190169  6.049777E-17
8381.94279717772  4.471750E-17
8387.46073245375  4.275452E-17
8392.97866772978  4.951207E-17
8398.49660300581  5.410194E-17
8404.01453828184  5.840728E-17
8409.53247355787  3.772749E-17
8415.0504088339  4.509594E-17
8420.56834410993  1.939446E-17
8426.08627938596  2.871567E-17
8431.60421466199  4.517239E-17
8437.12214993802  4.990901E-17
8442.64008521405  4.937207E-17
8448.15802049008  4.868290E-17
8453.67595576611  4.865573E-17
8459.19389104214  4.546852E-17
8464.71182631817  3.875801E-17
8470.2297615942  4.659949E-17
8475.74769687023  5.675229E-17
8481.26563214626  4.814007E-17
8486.78356742229  4.380648E-17
8492.30150269832  4.370688E-17
8497.81943797435  3.655528E-17
8503.33737325038  4.243816E-17
8508.85530852641  4.973012E-17
8514.37324380244  4.988014E-17
8519.89117907847  3.809503E-17
8525.4091143545  4.032273E-17
8530.92704963053  4.187976E-17
8536.44498490656  3.465561E-17
8541.96292018259  4.336418E-17
8547.48085545862  4.234513E-17
8552.99879073465  4.613398E-17
8558.51672601068  4.064855E-17
8564.03466128671  3.964781E-17
8569.55259656274  3.172011E-17
8575.07053183877  2.669370E-17
8580.5884671148  3.154211E-17
8586.10640239083  4.006852E-17
8591.62433766686  3.925592E-17
8597.14227294289  4.499755E-17
8602.66020821892  4.310015E-17
8608.17814349495  2.388294E-17
8613.69607877098  2.723174E-17
8619.21401404701  3.442748E-17
8624.73194932304  2.684968E-17
8630.24988459907  2.840322E-17
8635.7678198751  3.550350E-17
8641.28575515113  3.363537E-17
8646.80369042716  2.730510E-17
8652.32162570319  2.390022E-17
8657.83956097922  2.872991E-17
8663.35749625525  3.313490E-17
8668.87543153128  4.225091E-17
8674.39336680731  3.825022E-17
8679.91130208334  3.309495E-17
8685.42923735937  3.279590E-17
8690.9471726354  3.220631E-17
8696.46510791143  3.374127E-17
8701.98304318746  3.197966E-17
8707.50097846349  3.444936E-17
8713.01891373952  4.257577E-17
8718.53684901555  2.791336E-17
8724.05478429158  3.651170E-17
8729.57271956761  3.401404E-17
8735.09065484364  2.186481E-17
8740.60859011967  3.743908E-17
8746.1265253957  4.418579E-17
8751.64446067173  5.173014E-17
8757.16239594776  5.146812E-17
8762.68033122379  3.095730E-17
8768.19826649982  4.540273E-17
8773.71620177585  3.860861E-17
8779.23413705188  3.545819E-17
8784.75207232791  4.087029E-17
8790.27000760394  4.171202E-17
8795.78794287997  3.886700E-17
8801.305878156  3.081766E-17
8806.82381343203  3.653370E-17
8812.34174870806  3.572243E-17
8817.85968398409  3.314443E-17
8823.37761926012  5.280465E-17
8828.89555453615  5.179801E-17
8834.41348981218  4.429551E-17
8839.93142508821  4.107910E-17
8845.44936036424  2.548015E-17
8850.96729564027  3.163411E-17
8856.4852309163  5.115914E-17
8862.00316619233  5.115871E-17
8867.52110146836  3.712771E-17
8873.03903674439  3.215865E-17
8878.55697202042  2.082495E-17
8884.07490729645  2.954108E-17
8889.59284257248  4.541060E-17
8895.11077784851  3.934831E-17
8900.62871312454  5.078958E-17
8906.14664840057  5.973454E-17
8911.6645836766  3.692325E-17
8917.18251895263  2.516748E-17
8922.70045422866  3.709559E-17
8928.21838950469  5.610352E-17
8933.73632478072  5.530215E-17
8939.25426005675  4.602870E-17
8944.77219533278  3.527748E-17
8950.29013060881  4.026048E-17
8955.80806588484  4.387738E-17
8961.32600116087  4.345168E-17
8966.8439364369  4.917278E-17
8972.36187171293  4.524751E-17
8977.87980698896  3.229350E-17
8983.39774226499  3.464553E-17
8988.91567754102  4.163274E-17
8994.43361281705  4.240240E-17
8999.95154809308  4.672069E-17
9005.46948336911  4.701520E-17
9010.98741864514  5.214417E-17
9016.50535392117  4.254458E-17
9022.0232891972  4.747765E-17
9027.54122447323  6.948729E-17
9033.05915974926  7.428217E-17
9038.57709502529  5.712397E-17
9044.09503030132  4.502621E-17
9049.61296557735  3.773301E-17
9055.13090085338  3.284812E-17
9060.64883612941  4.030720E-17
9066.16677140544  3.731900E-17
9071.68470668147  4.853483E-17
9077.2026419575  3.536642E-17
9082.72057723353  3.038403E-17
9088.23851250956  3.759462E-17
9093.75644778559  5.171629E-17
9099.27438306162  4.629422E-17
9104.79231833765  4.839907E-17
9110.31025361368  3.454894E-17
9115.82818888971  4.519464E-17
9121.34612416574  4.070726E-17
9126.86405944177  4.329792E-17
9132.3819947178  5.293215E-17
9137.89992999383  4.976252E-17
9143.41786526986  3.773259E-17
9148.93580054589  4.119892E-17
9154.45373582192  5.028956E-17
9159.97167109795  4.543561E-17
9165.48960637398  3.743672E-17
9171.00754165001  3.101258E-17
9176.52547692604  2.996986E-17
9182.04341220207  3.202243E-17
9187.5613474781  3.629626E-17
9193.07928275413  4.851134E-17
9198.59721803016  3.241718E-17
9204.11515330619  3.560442E-17
9209.63308858222  3.094258E-17
9215.15102385825  3.924579E-17
9220.66895913428  3.956487E-17
9226.18689441031  3.032258E-17
9231.70482968634  2.884829E-17
9237.22276496237  3.313461E-17
9242.7407002384  6.125280E-17
9248.25863551443  2.397013E-17
