3653.07226562  1.045641E-19
3658.59020089603  -1.188683E-17
3664.10813617206  1.180109E-17
3669.62607144809  6.305712E-18
3675.14400672412  2.411732E-17
3680.66194200015  1.691702E-17
3686.17987727618  3.867437E-18
3691.69781255221  -9.776502E-18
3697.21574782824  1.543194E-18
3702.73368310427  2.070744E-17
3708.2516183803  2.079276E-17
3713.76955365633  1.110911E-17
3719.28748893236  1.374689E-17
3724.80542420839  2.586286E-18
3730.32335948442  3.253977E-18
3735.84129476045  -1.142013E-19
3741.35923003648  -4.439025E-18
3746.87716531251  -1.363995E-17
3752.39510058854  -5.507079E-18
3757.91303586457  1.367279E-17
3763.4309711406  7.551934E-19
3768.94890641663  -2.778150E-18
3774.46684169266  3.136446E-18
3779.98477696869  -4.011511E-18
3785.50271224472  1.078894E-17
3791.02064752075  3.232872E-18
3796.53858279678  1.369800E-17
3802.05651807281  1.910783E-18
3807.57445334884  1.441028E-17
3813.09238862487  4.162987E-18
3818.6103239009  -3.495889E-18
3824.12825917693  9.735952E-18
3829.64619445296  4.441441E-18
3835.16412972899  -4.581563E-18
3840.68206500502  -6.675439E-18
3846.20000028105  7.014049E-18
3851.71793555708  -1.322766E-18
3857.23587083311  2.664598E-18
3862.75380610914  -1.657527E-18
3868.27174138517  5.288743E-18
3873.7896766612  3.521599E-18
3879.30761193723  -7.384998E-20
3884.82554721326  1.319035E-17
3890.34348248929  1.196248E-17
3895.86141776532  1.129154E-17
3901.37935304135  -6.535240E-19
3906.89728831738  6.937558E-18
3912.41522359341  8.208816E-18
3917.93315886944  1.443939E-17
3923.45109414547  1.196415E-17
3928.9690294215  1.091120E-17
3934.48696469753  7.062787E-18
3940.00489997356  6.551432E-18
3945.52283524959  7.303753E-18
3951.04077052562  5.036870E-18
3956.55870580165  -2.977377E-18
3962.07664107768  7.882212E-18
3967.59457635371  1.551727E-17
3973.11251162974  6.000757E-18
3978.63044690577  5.562092E-18
3984.1483821818  2.057517E-18
3989.66631745783  -9.855494E-19
3995.18425273386  8.657050E-18
4000.70218800989  4.868167E-18
4006.22012328592  2.509749E-18
4011.73805856195  1.783450E-17
4017.25599383798  1.611314E-17
4022.77392911401  1.164895E-17
4028.29186439004  1.324259E-17
4033.80979966607  1.038050E-17
4039.3277349421  1.944744E-17
4044.84567021813  8.672617E-18
4050.36360549416  1.390283E-17
4055.88154077019  1.290190E-17
4061.39947604622  -4.050609E-18
4066.91741132225  1.630514E-17
4072.43534659828  4.731937E-18
4077.95328187431  9.500947E-18
4083.47121715034  4.249900E-18
4088.98915242637  1.325268E-17
4094.5070877024  1.296865E-17
4100.02502297843  1.845138E-17
4105.54295825446  1.549368E-18
4111.06089353049  1.024183E-17
4116.57882880652  8.396601E-18
4122.09676408255  5.979622E-18
4127.61469935858  1.182313E-17
4133.13263463461  1.343372E-17
4138.65056991064  1.151752E-17
4144.16850518667  6.108190E-18
4149.6864404627  7.499624E-18
4155.20437573873  1.245399E-17
4160.72231101476  1.344864E-17
4166.24024629079  1.055371E-17
4171.75818156682  8.534494E-18
4177.27611684285  1.299318E-17
4182.79405211888  1.433121E-17
4188.31198739491  8.008888E-18
4193.82992267095  1.457242E-17
4199.34785794697  8.709147E-18
4204.865793223  1.798483E-17
4210.38372849903  1.155295E-17
4215.90166377506  1.131448E-17
4221.41959905109  9.058989E-18
4226.93753432712  5.437633E-18
4232.45546960315  8.787960E-18
4237.97340487918  2.340714E-17
4243.49134015521  1.368667E-17
4249.00927543124  6.529919E-18
4254.52721070727  1.026413E-17
4260.0451459833  1.547410E-17
4265.56308125933  9.940625E-18
4271.08101653536  7.317128E-18
4276.59895181139  1.956631E-18
4282.11688708742  1.124259E-17
4287.63482236345  1.642640E-17
4293.15275763948  2.033801E-17
4298.67069291551  1.719199E-17
4304.18862819154  1.297853E-17
4309.70656346757  9.596501E-18
4315.2244987436  1.440214E-17
4320.74243401963  2.099683E-17
4326.26036929566  1.892540E-17
4331.77830457169  1.804928E-17
4337.29623984772  1.539455E-17
4342.81417512375  1.191328E-17
4348.33211039978  1.641643E-17
4353.85004567581  1.054448E-17
4359.36798095184  1.564652E-17
4364.88591622787  2.039875E-17
4370.4038515039  1.661268E-17
4375.92178677993  1.989197E-17
4381.43972205596  1.896068E-17
4386.95765733199  2.090903E-17
4392.47559260802  1.485899E-17
4397.99352788405  2.216740E-17
4403.51146316008  1.649794E-17
4409.02939843611  1.362724E-17
4414.54733371214  1.825125E-17
4420.06526898817  2.283906E-17
4425.5832042642  2.052990E-17
4431.10113954023  1.879238E-17
4436.61907481626  2.200488E-17
4442.13701009229  2.004890E-17
4447.65494536832  2.378795E-17
4453.17288064435  2.143815E-17
4458.69081592038  2.129804E-17
4464.20875119641  2.566896E-17
4469.72668647244  2.249359E-17
4475.24462174847  2.342254E-17
4480.7625570245  2.121648E-17
4486.28049230053  2.763144E-17
4491.79842757656  2.773459E-17
4497.3163628526  2.804251E-17
4502.83429812862  2.832508E-17
4508.35223340465  2.588865E-17
4513.87016868068  2.279009E-17
4519.38810395671  2.110705E-17
4524.90603923274  2.356583E-17
4530.42397450877  3.024734E-17
4535.9419097848  3.139745E-17
4541.45984506083  3.204277E-17
4546.97778033686  2.834803E-17
4552.49571561289  3.782502E-17
4558.01365088892  2.880706E-17
4563.53158616495  2.752399E-17
4569.04952144098  3.145027E-17
4574.56745671701  3.085980E-17
4580.08539199304  3.472175E-17
4585.60332726907  3.234064E-17
4591.1212625451  3.295268E-17
4596.63919782113  3.352078E-17
4602.15713309716  3.646319E-17
4607.67506837319  3.402721E-17
4613.19300364922  3.212723E-17
4618.71093892525  2.779534E-17
4624.22887420128  3.231361E-17
4629.74680947731  3.355329E-17
4635.26474475334  2.860515E-17
4640.78268002937  3.281438E-17
4646.3006153054  3.529032E-17
4651.81855058143  3.339191E-17
4657.33648585746  3.214470E-17
4662.85442113349  2.791199E-17
4668.37235640953  3.199845E-17
4673.89029168555  3.547702E-17
4679.40822696158  3.249377E-17
4684.92616223761  2.924071E-17
4690.44409751364  2.443975E-17
4695.96203278967  3.257662E-17
4701.4799680657  3.144093E-17
4706.99790334173  3.277427E-17
4712.51583861776  3.500372E-17
4718.03377389379  3.493436E-17
4723.55170916982  3.374649E-17
4729.06964444585  2.507208E-17
4734.58757972188  3.457252E-17
4740.10551499791  2.587609E-17
4745.62345027394  2.946364E-17
4751.14138554997  2.800258E-17
4756.659320826  3.197791E-17
4762.17725610203  2.513649E-17
4767.69519137806  2.694602E-17
4773.21312665409  3.729676E-17
4778.73106193012  3.109780E-17
4784.24899720615  3.099250E-17
4789.76693248219  2.916128E-17
4795.28486775821  2.771545E-17
4800.80280303425  2.740472E-17
4806.32073831027  3.001011E-17
4811.8386735863  3.240706E-17
4817.35660886233  3.294862E-17
4822.87454413836  2.638924E-17
4828.39247941439  3.058714E-17
4833.91041469042  3.474549E-17
4839.42834996646  3.062773E-17
4844.94628524248  3.407890E-17
4850.46422051851  2.848834E-17
4855.98215579454  2.702221E-17
4861.50009107057  3.042890E-17
4867.0180263466  3.306425E-17
4872.53596162263  2.866575E-17
4878.05389689866  3.107646E-17
4883.57183217469  2.936730E-17
4889.08976745072  3.062358E-17
4894.60770272676  3.402507E-17
4900.12563800278  2.819931E-17
4905.64357327881  3.265833E-17
4911.16150855485  3.384979E-17
4916.67944383087  3.194533E-17
4922.19737910691  2.587138E-17
4927.71531438294  2.683897E-17
4933.23324965896  3.310419E-17
4938.75118493499  3.272780E-17
4944.26912021102  3.239086E-17
4949.78705548705  2.776465E-17
4955.30499076308  2.792044E-17
4960.82292603912  2.780868E-17
4966.34086131514  3.088128E-17
4971.85879659117  3.418604E-17
4977.3767318672  3.413155E-17
4982.89466714324  3.689086E-17
4988.41260241927  3.343763E-17
4993.93053769529  2.987519E-17
4999.44847297132  3.061245E-17
5004.96640824735  3.073656E-17
5010.48434352338  2.710448E-17
5016.00227879942  2.781172E-17
5021.52021407544  3.554443E-17
5027.03814935148  3.343728E-17
5032.55608462751  2.570415E-17
5038.07401990354  3.127823E-17
5043.59195517957  2.903873E-17
5049.1098904556  2.671255E-17
5054.62782573163  4.134886E-17
5060.14576100765  2.984709E-17
5065.66369628369  3.420440E-17
5071.18163155972  3.107942E-17
5076.69956683574  3.453912E-17
5082.21750211177  3.481976E-17
5087.7354373878  3.119627E-17
5093.25337266384  4.056945E-17
5098.77130793987  3.710893E-17
5104.2892432159  4.234473E-17
5109.80717849193  4.813087E-17
5115.32511376795  4.359506E-17
5120.84304904399  3.874872E-17
5126.36098432002  4.206120E-17
5131.87891959605  3.650719E-17
5137.39685487207  3.333230E-17
5142.9147901481  3.777893E-17
5148.43272542413  4.418167E-17
5153.95066070017  4.822812E-17
5159.4685959762  4.733559E-17
5164.98653125223  4.842454E-17
5170.50446652826  4.620152E-17
5176.02240180428  4.771241E-17
5181.54033708031  4.353500E-17
5187.05827235635  4.585152E-17
5192.57620763238  4.860456E-17
5198.09414290841  4.572906E-17
5203.61207818444  5.256378E-17
5209.13001346047  5.232492E-17
5214.64794873649  5.727385E-17
5220.16588401252  5.216640E-17
5225.68381928856  5.053911E-17
5231.20175456459  6.022792E-17
5236.71968984062  5.649904E-17
5242.23762511664  5.266047E-17
5247.75556039267  5.322477E-17
5253.2734956687  6.298029E-17
5258.79143094474  6.355933E-17
5264.30936622077  5.848330E-17
5269.8273014968  5.284446E-17
5275.34523677283  5.511577E-17
5280.86317204886  5.169696E-17
5286.38110732488  5.329964E-17
5291.89904260092  5.621710E-17
5297.41697787694  5.435847E-17
5302.93491315298  4.663545E-17
5308.452848429  4.958998E-17
5313.97078370503  4.808588E-17
5319.48871898107  5.648533E-17
5325.0066542571  4.818197E-17
5330.52458953313  5.274498E-17
5336.04252480916  5.294709E-17
5341.56046008519  5.782815E-17
5347.07839536122  5.220275E-17
5352.59633063725  5.264283E-17
5358.11426591328  4.735581E-17
5363.63220118931  4.382081E-17
5369.15013646534  4.864526E-17
5374.66807174136  5.373294E-17
5380.1860070174  5.138222E-17
5385.70394229343  4.693506E-17
5391.22187756945  4.919809E-17
5396.73981284549  5.666437E-17
5402.25774812152  5.176324E-17
5407.77568339755  4.910242E-17
5413.29361867358  5.140608E-17
5418.81155394961  4.815216E-17
5424.32948922563  5.322757E-17
5429.84742450167  3.836153E-17
5435.3653597777  4.869372E-17
5440.88329505373  4.440395E-17
5446.40123032975  4.769803E-17
5451.91916560578  4.733006E-17
5457.43710088181  4.641881E-17
5462.95503615785  4.178749E-17
5468.47297143388  4.829867E-17
5473.99090670991  4.264411E-17
5479.50884198593  5.006043E-17
5485.02677726196  4.634651E-17
5490.544712538  4.585451E-17
5496.06264781403  4.453453E-17
5501.58058309006  5.088599E-17
5507.09851836609  5.389618E-17
5512.61645364212  4.534782E-17
5518.13438891815  5.153333E-17
5523.65232419418  4.540734E-17
5529.17025947021  4.331434E-17
5534.68819474624  4.479820E-17
5540.20613002227  5.037771E-17
5545.72406529829  4.957599E-17
5551.24200057433  4.867297E-17
5556.75993585036  4.320096E-17
5562.27787112639  4.839394E-17
5567.79580640242  4.677193E-17
5573.31374167845  6.092533E-17
5578.83167695448  4.460605E-17
5584.34961223051  3.857542E-17
5589.86754750654  4.729490E-17
5595.38548278257  4.970355E-17
5600.90341805859  5.131283E-17
5606.42135333463  4.630152E-17
5611.93928861066  4.340805E-17
5617.45722388668  4.904440E-17
5622.97515916272  4.430322E-17
5628.49309443875  4.485260E-17
5634.01102971478  5.588887E-17
5639.52896499081  4.877491E-17
5645.04690026684  4.606494E-17
5650.56483554286  5.348653E-17
5656.0827708189  5.438924E-17
5661.60070609493  5.112724E-17
5667.11864137096  5.043042E-17
5672.63657664699  4.870362E-17
5678.15451192302  4.923198E-17
5683.67244719905  4.370425E-17
5689.19038247508  4.236073E-17
5694.70831775111  4.425798E-17
5700.22625302713  4.402094E-17
5705.74418830317  4.585724E-17
5711.2621235792  4.255826E-17
5716.78005885523  4.260940E-17
5722.29799413126  4.056479E-17
5727.81592940729  4.635687E-17
5733.33386468332  4.094359E-17
5738.85179995935  4.571759E-17
5744.36973523538  3.980971E-17
5749.88767051141  4.485983E-17
5755.40560578744  4.193136E-17
5760.92354106346  3.756448E-17
5766.4414763395  3.240107E-17
5771.95941161553  3.971497E-17
5777.47734689156  3.864170E-17
5782.99528216759  4.049289E-17
5788.51321744362  3.972597E-17
5794.03115271965  4.290195E-17
5799.54908799568  4.612851E-17
5805.06702327171  3.988999E-17
5810.58495854774  3.946226E-17
5816.10289382377  3.796561E-17
5821.6208290998  4.526394E-17
5827.13876437582  4.207111E-17
5832.65669965186  4.537834E-17
5838.17463492789  4.390395E-17
5843.69257020392  4.337706E-17
5849.21050547995  4.397093E-17
5854.72844075598  4.002210E-17
5860.24637603201  4.334547E-17
5865.76431130804  4.765747E-17
5871.28224658407  4.101367E-17
5876.8001818601  4.019560E-17
5882.31811713613  3.330539E-17
5887.83605241216  4.600407E-17
5893.35398768819  4.927857E-17
5898.87192296422  4.707163E-17
5904.38985824025  3.909989E-17
5909.90779351628  4.092437E-17
5915.42572879231  4.689654E-17
5920.94366406834  4.582361E-17
5926.46159934437  4.313391E-17
5931.9795346204  4.823168E-17
5937.49746989643  4.757557E-17
5943.01540517245  5.253851E-17
5948.53334044849  5.171987E-17
5954.05127572452  4.845523E-17
5959.56921100055  4.967309E-17
5965.08714627658  4.445083E-17
5970.60508155261  4.490326E-17
5976.12301682864  4.958733E-17
5981.64095210467  4.984877E-17
5987.1588873807  5.215565E-17
5992.67682265673  5.559294E-17
5998.19475793276  5.091899E-17
6003.71269320879  5.018735E-17
6009.23062848482  4.662798E-17
6014.74856376085  4.790586E-17
6020.26649903688  4.787835E-17
6025.78443431291  4.757164E-17
6031.30236958894  4.771051E-17
6036.82030486497  5.055821E-17
6042.338240141  5.442288E-17
6047.85617541703  5.896423E-17
6053.37411069306  5.286154E-17
6058.89204596909  5.098905E-17
6064.40998124512  5.248691E-17
6069.92791652115  5.260254E-17
6075.44585179718  5.862018E-17
6080.96378707321  5.855719E-17
6086.48172234924  6.320803E-17
6091.99965762527  5.562970E-17
6097.5175929013  5.311993E-17
6103.03552817733  5.873921E-17
6108.55346345336  5.570378E-17
6114.07139872939  6.145744E-17
6119.58933400542  5.983658E-17
6125.10726928145  5.818859E-17
6130.62520455748  5.379793E-17
6136.14313983351  5.583459E-17
6141.66107510954  5.510537E-17
6147.17901038557  5.625872E-17
6152.6969456616  6.502246E-17
6158.21488093763  6.755415E-17
6163.73281621366  5.135668E-17
6169.25075148969  5.381463E-17
6174.76868676572  6.271568E-17
6180.28662204175  6.174705E-17
6185.80455731778  6.177913E-17
6191.32249259381  6.357923E-17
6196.84042786984  5.860418E-17
6202.35836314587  5.829250E-17
6207.8762984219  6.306010E-17
6213.39423369792  7.025704E-17
6218.91216897396  6.398975E-17
6224.43010424999  5.813286E-17
6229.94803952602  6.167220E-17
6235.46597480205  6.160916E-17
6240.98391007808  6.600253E-17
6246.50184535411  6.276386E-17
6252.01978063014  6.442537E-17
6257.53771590617  6.489322E-17
6263.0556511822  6.556471E-17
6268.57358645823  6.131577E-17
6274.09152173426  5.163766E-17
6279.60945701029  6.009575E-17
6285.12739228632  6.697107E-17
6290.64532756235  6.149928E-17
6296.16326283838  6.015514E-17
6301.68119811441  5.814073E-17
6307.19913339044  6.502152E-17
6312.71706866647  7.158861E-17
6318.2350039425  5.875905E-17
6323.75293921853  5.998567E-17
6329.27087449456  5.945922E-17
6334.78880977059  6.114896E-17
6340.30674504662  6.146027E-17
6345.82468032265  5.931317E-17
6351.34261559868  6.203078E-17
6356.86055087471  5.539900E-17
6362.37848615074  6.304816E-17
6367.89642142677  6.702484E-17
6373.4143567028  6.293811E-17
6378.93229197883  5.551389E-17
6384.45022725486  6.809622E-17
6389.96816253089  6.398563E-17
6395.48609780692  6.419188E-17
6401.00403308295  6.759581E-17
6406.52196835898  6.704217E-17
6412.03990363501  6.216161E-17
6417.55783891104  5.812370E-17
6423.07577418707  6.263911E-17
6428.5937094631  6.041995E-17
6434.11164473913  6.355151E-17
6439.62958001516  6.236769E-17
6445.14751529119  5.944734E-17
6450.66545056722  6.039498E-17
6456.18338584325  7.051447E-17
6461.70132111928  6.411613E-17
6467.21925639531  6.055831E-17
6472.73719167134  6.041650E-17
6478.25512694737  5.624700E-17
6483.7730622234  5.632792E-17
6489.29099749943  5.481141E-17
6494.80893277546  5.499747E-17
6500.32686805149  5.685036E-17
6505.84480332752  5.473541E-17
6511.36273860355  5.297600E-17
6516.88067387958  4.839358E-17
6522.39860915561  4.937971E-17
6527.91654443164  4.636484E-17
6533.43447970767  4.763482E-17
6538.9524149837  5.387333E-17
6544.47035025973  5.066350E-17
6549.98828553576  5.395570E-17
6555.50622081179  4.519132E-17
6561.02415608782  5.981540E-17
6566.54209136385  5.211839E-17
6572.06002663988  4.537270E-17
6577.57796191591  4.920379E-17
6583.09589719194  4.416589E-17
6588.61383246797  4.575098E-17
6594.131767744  4.077983E-17
6599.64970302003  4.504283E-17
6605.16763829606  5.130958E-17
6610.68557357209  5.025768E-17
6616.20350884812  4.000583E-17
6621.72144412415  4.765518E-17
6627.23937940018  5.211994E-17
6632.75731467621  4.594654E-17
6638.27524995224  4.196130E-17
6643.79318522827  3.765104E-17
6649.3111205043  4.229205E-17
6654.82905578033  4.718918E-17
6660.34699105636  4.465189E-17
6665.86492633239  5.131411E-17
6671.38286160842  4.985669E-17
6676.90079688445  4.005702E-17
6682.41873216048  4.341574E-17
6687.93666743651  4.514719E-17
6693.45460271254  3.952030E-17
6698.97253798857  4.227622E-17
6704.4904732646  4.117749E-17
6710.00840854063  4.298379E-17
6715.52634381666  4.919755E-17
6721.04427909269  4.195748E-17
6726.56221436872  3.945028E-17
6732.08014964475  4.460112E-17
6737.59808492078  4.403579E-17
6743.11602019681  4.202528E-17
6748.63395547284  4.285137E-17
6754.15189074887  4.305199E-17
6759.6698260249  3.672746E-17
6765.18776130093  3.545081E-17
6770.70569657696  4.071660E-17
6776.22363185299  4.377014E-17
6781.74156712902  4.187481E-17
6787.25950240505  3.217658E-17
6792.77743768108  3.900064E-17
6798.29537295711  4.226786E-17
6803.81330823314  4.318478E-17
6809.33124350917  3.968370E-17
6814.8491787852  3.802596E-17
6820.36711406123  4.461316E-17
6825.88504933726  3.915391E-17
6831.40298461329  3.870696E-17
6836.92091988932  3.631474E-17
6842.43885516535  3.938247E-17
6847.95679044138  3.770268E-17
6853.47472571741  3.943385E-17
6858.99266099344  4.344613E-17
6864.51059626947  3.950879E-17
6870.0285315455  3.361210E-17
6875.54646682153  3.931327E-17
6881.06440209756  4.118605E-17
6886.58233737359  3.392409E-17
6892.10027264962  3.610071E-17
6897.61820792565  3.434817E-17
6903.13614320168  3.846640E-17
6908.65407847771  3.546480E-17
6914.17201375374  3.825273E-17
6919.68994902977  3.464352E-17
6925.2078843058  3.600791E-17
6930.72581958183  4.084842E-17
6936.24375485786  3.144409E-17
6941.76169013389  2.593077E-17
6947.27962540992  3.969001E-17
6952.79756068595  3.861476E-17
6958.31549596198  4.032648E-17
6963.83343123801  3.776429E-17
6969.35136651404  4.365982E-17
6974.86930179007  3.196216E-17
6980.3872370661  3.147571E-17
6985.90517234213  4.421172E-17
6991.42310761816  4.080152E-17
6996.94104289419  3.759476E-17
7002.45897817022  3.473810E-17
7007.97691344625  3.611557E-17
7013.49484872228  3.945508E-17
7019.01278399831  3.988258E-17
7024.53071927434  3.714018E-17
7030.04865455037  3.027682E-17
7035.5665898264  3.572882E-17
7041.08452510243  3.889725E-17
7046.60246037846  3.343845E-17
7052.12039565449  3.578649E-17
7057.63833093052  3.717938E-17
7063.15626620655  3.679218E-17
7068.67420148258  4.186935E-17
7074.19213675861  3.776755E-17
7079.71007203464  3.411288E-17
7085.22800731067  2.980756E-17
7090.7459425867  3.512001E-17
7096.26387786273  3.780676E-17
7101.78181313876  3.327441E-17
7107.29974841479  3.082404E-17
7112.81768369082  3.571419E-17
7118.33561896685  3.558006E-17
7123.85355424288  3.305434E-17
7129.37148951891  3.097762E-17
7134.88942479494  3.405411E-17
7140.40736007097  3.190039E-17
7145.925295347  3.862214E-17
7151.44323062303  3.148293E-17
7156.96116589906  3.013212E-17
7162.47910117509  3.394107E-17
7167.99703645112  2.737533E-17
7173.51497172715  3.376230E-17
7179.03290700318  3.726016E-17
7184.55084227921  3.442061E-17
7190.06877755524  3.151334E-17
7195.58671283127  3.284706E-17
7201.1046481073  3.578237E-17
7206.62258338333  4.009433E-17
7212.14051865936  4.334612E-17
7217.65845393539  3.371734E-17
7223.17638921142  3.175317E-17
7228.69432448745  3.523941E-17
7234.21225976348  3.795001E-17
7239.73019503951  3.616565E-17
7245.24813031554  4.036996E-17
7250.76606559157  4.739923E-17
7256.2840008676  3.172037E-17
7261.80193614363  3.386807E-17
7267.31987141966  3.174890E-17
7272.83780669569  4.294419E-17
7278.35574197172  4.269710E-17
7283.87367724775  4.205919E-17
7289.39161252378  4.070733E-17
7294.90954779981  3.458663E-17
7300.42748307584  4.253139E-17
7305.94541835187  4.969772E-17
7311.4633536279  3.808547E-17
7316.98128890393  4.019258E-17
7322.49922417996  4.726835E-17
7328.01715945599  4.109939E-17
7333.53509473202  3.710871E-17
7339.05303000805  4.062540E-17
7344.57096528408  4.307940E-17
7350.08890056011  4.678847E-17
7355.60683583614  5.097632E-17
7361.12477111217  4.842742E-17
7366.6427063882  4.227649E-17
7372.16064166423  3.988981E-17
7377.67857694026  4.375829E-17
7383.19651221629  4.185990E-17
7388.71444749232  4.264068E-17
7394.23238276835  4.574083E-17
7399.75031804438  4.388683E-17
7405.26825332041  3.321909E-17
7410.78618859644  4.625586E-17
7416.30412387247  4.626838E-17
7421.8220591485  4.917330E-17
7427.33999442453  4.836945E-17
7432.85792970056  4.175235E-17
7438.37586497659  3.966635E-17
7443.89380025262  4.128292E-17
7449.41173552865  4.158975E-17
7454.92967080468  4.400490E-17
7460.44760608071  5.052614E-17
7465.96554135674  4.399966E-17
7471.48347663277  3.435863E-17
7477.0014119088  4.099410E-17
7482.51934718483  5.264556E-17
7488.03728246086  4.900579E-17
7493.55521773689  4.597861E-17
7499.07315301292  4.464895E-17
7504.59108828895  3.963206E-17
7510.10902356498  4.139660E-17
7515.62695884101  3.647489E-17
7521.14489411704  4.569049E-17
7526.66282939307  4.907292E-17
7532.1807646691  4.342415E-17
7537.69869994513  3.862431E-17
7543.21663522116  3.966845E-17
7548.73457049719  4.379372E-17
7554.25250577322  4.952897E-17
7559.77044104925  4.177193E-17
7565.28837632528  4.110143E-17
7570.80631160131  4.617686E-17
7576.32424687734  4.137620E-17
7581.84218215337  5.837770E-17
7587.3601174294  5.487330E-17
7592.87805270543  4.960514E-17
7598.39598798146  4.557730E-17
7603.91392325749  3.239026E-17
7609.43185853352  3.356379E-17
7614.94979380955  5.165711E-17
7620.46772908558  5.285668E-17
7625.98566436161  3.938275E-17
7631.50359963764  4.201486E-17
7637.02153491367  3.612055E-17
7642.5394701897  3.619841E-17
7648.05740546573  5.036713E-17
7653.57534074176  3.673747E-17
7659.09327601779  3.722599E-17
7664.61121129382  3.698411E-17
7670.12914656985  3.337826E-17
7675.64708184588  3.420341E-17
7681.16501712191  4.445179E-17
7686.68295239794  3.465531E-17
7692.20088767397  3.688286E-17
7697.71882295  4.129347E-17
7703.23675822603  3.970271E-17
7708.75469350206  3.151919E-17
7714.27262877809  4.192580E-17
7719.79056405412  4.613642E-17
7725.30849933015  4.539445E-17
7730.82643460618  4.100281E-17
7736.34436988221  4.179248E-17
7741.86230515824  3.465729E-17
7747.38024043427  3.167747E-17
7752.8981757103  4.195837E-17
7758.41611098633  4.262272E-17
7763.93404626236  3.209466E-17
7769.45198153839  2.999131E-17
7774.96991681442  3.346607E-17
7780.48785209045  3.625026E-17
7786.00578736648  3.931132E-17
7791.52372264251  4.122984E-17
7797.04165791854  3.587474E-17
7802.55959319457  3.535079E-17
7808.0775284706  2.811200E-17
7813.59546374663  3.084136E-17
7819.11339902266  4.112481E-17
7824.63133429869  3.170805E-17
7830.14926957472  3.737878E-17
7835.66720485075  2.711348E-17
7841.18514012678  2.629526E-17
7846.70307540281  3.117241E-17
7852.22101067884  3.260139E-17
7857.73894595487  3.593876E-17
7863.2568812309  4.319084E-17
7868.77481650693  4.226408E-17
7874.29275178296  3.647439E-17
7879.81068705899  2.569597E-17
7885.32862233502  3.015629E-17
7890.84655761105  4.309149E-17
7896.36449288708  4.694504E-17
7901.88242816311  4.168484E-17
7907.40036343914  3.369216E-17
7912.91829871517  2.470284E-17
7918.4362339912  2.523383E-17
7923.95416926723  3.678931E-17
7929.47210454326  4.421891E-17
7934.99003981929  4.150934E-17
7940.50797509532  3.710319E-17
7946.02591037135  3.836640E-17
7951.54384564738  3.403939E-17
7957.06178092341  3.163301E-17
7962.57971619944  4.491596E-17
7968.09765147547  3.281829E-17
7973.6155867515  3.226424E-17
7979.13352202753  2.533847E-17
7984.65145730356  2.789068E-17
7990.16939257959  2.748327E-17
7995.68732785562  3.205660E-17
8001.20526313165  4.434206E-17
8006.72319840768  3.441963E-17
8012.24113368371  2.790198E-17
8017.75906895974  3.101457E-17
8023.27700423577  3.015472E-17
8028.7949395118  3.065375E-17
8034.31287478783  3.974182E-17
8039.83081006386  3.372517E-17
8045.34874533989  2.145790E-17
8050.86668061592  3.199241E-17
8056.38461589195  3.416974E-17
8061.90255116798  2.636920E-17
8067.42048644401  3.205430E-17
8072.93842172004  3.172946E-17
8078.45635699607  2.884676E-17
8083.9742922721  3.298489E-17
8089.49222754813  1.998456E-17
8095.01016282416  2.303391E-17
8100.52809810019  2.860074E-17
8106.04603337622  3.579009E-17
8111.56396865225  4.091349E-17
8117.08190392828  3.391522E-17
8122.59983920431  3.190603E-17
8128.11777448034  2.795881E-17
8133.63570975637  3.387998E-17
8139.1536450324  2.926488E-17
8144.67158030843  3.037360E-17
8150.18951558446  2.822797E-17
8155.70745086049  3.124860E-17
8161.22538613652  2.350930E-17
8166.74332141255  2.058771E-17
8172.26125668858  2.769994E-17
8177.77919196461  2.730002E-17
8183.29712724064  2.788600E-17
8188.81506251667  3.431558E-17
8194.3329977927  3.119262E-17
8199.85093306873  2.244384E-17
8205.36886834476  2.529446E-17
8210.88680362079  2.723583E-17
8216.40473889682  2.746380E-17
8221.92267417285  3.336280E-17
8227.44060944888  3.187093E-17
8232.95854472491  2.706181E-17
8238.47648000094  2.464761E-17
8243.99441527697  2.989319E-17
8249.512350553  2.868209E-17
8255.03028582903  3.680814E-17
8260.54822110506  3.120884E-17
8266.06615638109  3.094566E-17
8271.58409165712  2.838562E-17
8277.10202693315  3.074634E-17
8282.61996220918  2.789407E-17
8288.13789748521  2.715093E-17
8293.65583276124  3.812654E-17
8299.17376803727  3.719504E-17
8304.6917033133  2.923924E-17
8310.20963858933  3.055916E-17
8315.72757386536  3.743909E-17
8321.24550914139  2.987293E-17
8326.76344441742  2.958541E-17
8332.28137969345  4.248019E-17
8337.79931496948  3.659973E-17
8343.31725024551  2.384417E-17
8348.83518552154  3.058640E-17
8354.35312079757  3.326615E-17
8359.8710560736  2.938375E-17
8365.38899134963  3.577429E-17
8370.90692662566  2.345953E-17
8376.42486190169  2.505185E-17
8381.94279717772  2.669862E-17
8387.46073245375  2.635049E-17
8392.97866772978  3.614926E-17
8398.49660300581  3.833288E-17
8404.01453828184  3.894795E-17
8409.53247355787  3.573210E-17
8415.0504088339  2.701516E-17
8420.56834410993  3.099729E-17
8426.08627938596  2.610581E-17
8431.60421466199  2.714047E-17
8437.12214993802  4.371241E-17
8442.64008521405  3.701125E-17
8448.15802049008  2.577333E-17
8453.67595576611  2.766545E-17
8459.19389104214  2.885718E-17
8464.71182631817  2.701070E-17
8470.2297615942  2.111871E-17
8475.74769687023  2.702257E-17
8481.26563214626  3.124786E-17
8486.78356742229  2.650349E-17
8492.30150269832  2.855014E-17
8497.81943797435  3.555538E-17
8503.33737325038  3.193142E-17
8508.85530852641  2.514393E-17
8514.37324380244  2.491756E-17
8519.89117907847  2.613446E-17
8525.4091143545  2.400172E-17
8530.92704963053  3.782254E-17
8536.44498490656  1.927938E-17
8541.96292018259  2.699194E-17
8547.48085545862  3.221277E-17
8552.99879073465  2.218548E-17
8558.51672601068  2.152050E-17
8564.03466128671  2.220552E-17
8569.55259656274  2.301086E-17
8575.07053183877  1.905941E-17
8580.5884671148  2.094195E-17
8586.10640239083  2.741928E-17
8591.62433766686  2.067733E-17
8597.14227294289  2.399325E-17
8602.66020821892  2.104792E-17
8608.17814349495  1.789505E-17
8613.69607877098  1.404514E-17
8619.21401404701  2.360435E-17
8624.73194932304  3.913758E-17
8630.24988459907  2.995488E-17
8635.7678198751  2.235139E-17
8641.28575515113  2.189794E-17
8646.80369042716  1.209699E-17
8652.32162570319  2.299111E-17
8657.83956097922  3.119389E-17
8663.35749625525  1.565148E-17
8668.87543153128  1.327395E-17
8674.39336680731  1.970941E-17
8679.91130208334  9.505405E-18
8685.42923735937  1.539870E-17
8690.9471726354  1.832060E-17
8696.46510791143  2.437327E-17
8701.98304318746  2.537648E-17
8707.50097846349  2.546643E-17
8713.01891373952  2.738561E-17
8718.53684901555  1.068810E-17
8724.05478429158  2.358840E-17
8729.57271956761  1.859082E-17
8735.09065484364  2.203223E-17
8740.60859011967  2.851275E-17
8746.1265253957  2.432315E-17
8751.64446067173  2.768308E-17
8757.16239594776  3.031628E-17
8762.68033122379  2.587289E-17
8768.19826649982  2.548280E-17
8773.71620177585  2.946469E-17
8779.23413705188  1.958817E-17
8784.75207232791  2.397681E-17
8790.27000760394  3.841969E-17
8795.78794287997  3.126711E-17
8801.305878156  2.160134E-17
8806.82381343203  2.038232E-17
8812.34174870806  1.940794E-17
8817.85968398409  2.541964E-17
8823.37761926012  3.248177E-17
8828.89555453615  3.507043E-17
8834.41348981218  2.746967E-17
8839.93142508821  2.445267E-17
8845.44936036424  1.249545E-17
8850.96729564027  2.933794E-17
8856.4852309163  2.827159E-17
8862.00316619233  2.977501E-17
8867.52110146836  2.762010E-17
8873.03903674439  1.605744E-17
8878.55697202042  1.491691E-17
8884.07490729645  3.142830E-17
8889.59284257248  1.235758E-17
8895.11077784851  3.696149E-17
8900.62871312454  3.710011E-17
8906.14664840057  2.075829E-17
8911.6645836766  3.228374E-17
8917.18251895263  1.768811E-17
8922.70045422866  1.985584E-17
8928.21838950469  2.721589E-17
8933.73632478072  4.104930E-17
8939.25426005675  4.239339E-17
8944.77219533278  3.245824E-17
8950.29013060881  1.717558E-17
8955.80806588484  1.311407E-17
8961.32600116087  2.301302E-17
8966.8439364369  7.685793E-17
8972.36187171293  7.561275E-17
8977.87980698896  4.105256E-17
8983.39774226499  5.600497E-17
8988.91567754102  5.993223E-17
8994.43361281705  4.326046E-17
8999.95154809308  4.858040E-17
9005.46948336911  5.722111E-17
9010.98741864514  3.794410E-17
9016.50535392117  2.972325E-17
9022.0232891972  3.379272E-17
9027.54122447323  3.019301E-17
9033.05915974926  4.756054E-17
9038.57709502529  3.212549E-17
9044.09503030132  2.298582E-17
9049.61296557735  3.386222E-17
9055.13090085338  3.432787E-17
9060.64883612941  2.704597E-17
9066.16677140544  3.813739E-17
9071.68470668147  1.259537E-17
9077.2026419575  2.491542E-17
9082.72057723353  4.583963E-17
9088.23851250956  1.615533E-17
9093.75644778559  3.253061E-17
9099.27438306162  4.011233E-17
9104.79231833765  2.760394E-17
9110.31025361368  2.869629E-17
9115.82818888971  2.899756E-17
9121.34612416574  3.952737E-17
9126.86405944177  3.991824E-17
9132.3819947178  3.331538E-17
9137.89992999383  2.478622E-17
9143.41786526986  2.433114E-17
9148.93580054589  2.094517E-17
9154.45373582192  2.570267E-17
9159.97167109795  4.140734E-17
9165.48960637398  4.253615E-17
9171.00754165001  2.577347E-17
9176.52547692604  2.069238E-17
9182.04341220207  3.131064E-17
9187.5613474781  3.796579E-17
9193.07928275413  3.564415E-17
9198.59721803016  1.951626E-17
9204.11515330619  2.916386E-17
9209.63308858222  5.806685E-18
9215.15102385825  2.296099E-17
9220.66895913428  4.876154E-17
9226.18689441031  4.082713E-17
9231.70482968634  1.570615E-17
9237.22276496237  2.231830E-17
9242.7407002384  3.206194E-17
9248.25863551443  2.467462E-17
