3652.03100586  1.800500E-16
3657.5500097281  1.709232E-16
3663.0690135962  1.743900E-16
3668.5880174643  1.686873E-16
3674.1070213324  1.583076E-16
3679.6260252005  1.500550E-16
3685.1450290686  1.614001E-16
3690.6640329367  1.594179E-16
3696.1830368048  1.669172E-16
3701.7020406729  1.705155E-16
3707.221044541  1.566598E-16
3712.7400484091  1.533994E-16
3718.2590522772  1.489966E-16
3723.7780561453  1.524841E-16
3729.2970600134  1.545443E-16
3734.8160638815  1.445910E-16
3740.3350677496  1.530854E-16
3745.8540716177  1.546082E-16
3751.3730754858  1.498268E-16
3756.8920793539  1.487588E-16
3762.411083222  1.549538E-16
3767.9300870901  1.540058E-16
3773.4490909582  1.528980E-16
3778.9680948263  1.642882E-16
3784.4870986944  1.565550E-16
3790.0061025625  1.507990E-16
3795.5251064306  1.635482E-16
3801.0441102987  1.594807E-16
3806.5631141668  1.576328E-16
3812.0821180349  1.633976E-16
3817.601121903  1.573672E-16
3823.1201257711  1.554237E-16
3828.6391296392  1.514285E-16
3834.1581335073  1.567186E-16
3839.6771373754  1.579653E-16
3845.1961412435  1.708131E-16
3850.7151451116  1.595563E-16
3856.2341489797  1.516316E-16
3861.7531528478  1.623963E-16
3867.2721567159  1.549236E-16
3872.791160584  1.610848E-16
3878.3101644521  1.594076E-16
3883.8291683202  1.610658E-16
3889.3481721883  1.593421E-16
3894.8671760564  1.631990E-16
3900.3861799245  1.501105E-16
3905.9051837926  1.543047E-16
3911.4241876607  1.583276E-16
3916.9431915288  1.422972E-16
3922.4621953969  1.584825E-16
3927.981199265  1.565299E-16
3933.5002031331  1.561563E-16
3939.0192070012  1.569299E-16
3944.5382108693  1.555225E-16
3950.0572147374  1.509599E-16
3955.5762186055  1.574557E-16
3961.0952224736  1.681565E-16
3966.6142263417  1.618200E-16
3972.1332302098  1.656047E-16
3977.6522340779  1.779073E-16
3983.171237946  1.702485E-16
3988.6902418141  1.672776E-16
3994.2092456822  1.667739E-16
3999.7282495503  1.751004E-16
4005.2472534184  1.732219E-16
4010.7662572865  1.792037E-16
4016.2852611546  1.799719E-16
4021.8042650227  1.689342E-16
4027.3232688908  1.802438E-16
4032.8422727589  1.842283E-16
4038.361276627  1.828891E-16
4043.8802804951  1.854053E-16
4049.3992843632  1.872705E-16
4054.9182882313  1.853324E-16
4060.4372920994  1.802974E-16
4065.9562959675  1.890785E-16
4071.4752998356  1.917485E-16
4076.9943037037  1.864178E-16
4082.5133075718  2.039751E-16
4088.0323114399  1.936091E-16
4093.551315308  1.828171E-16
4099.0703191761  1.879543E-16
4104.5893230442  1.819575E-16
4110.1083269123  1.853513E-16
4115.6273307804  1.929404E-16
4121.1463346485  1.882145E-16
4126.6653385166  2.004049E-16
4132.1843423847  1.872033E-16
4137.7033462528  1.859077E-16
4143.2223501209  1.993666E-16
4148.741353989  1.930007E-16
4154.2603578571  1.796932E-16
4159.7793617252  1.909182E-16
4165.2983655933  1.922133E-16
4170.8173694614  1.918402E-16
4176.3363733295  1.973289E-16
4181.8553771976  1.945401E-16
4187.3743810657  1.923274E-16
4192.8933849338  1.899901E-16
4198.4123888019  1.965082E-16
4203.93139267  1.929888E-16
4209.4503965381  1.917392E-16
4214.9694004062  2.004118E-16
4220.4884042743  1.876023E-16
4226.0074081424  1.885638E-16
4231.5264120105  1.902540E-16
4237.0454158786  1.850647E-16
4242.5644197467  1.877024E-16
4248.0834236148  1.917290E-16
4253.6024274829  1.898782E-16
4259.121431351  1.789232E-16
4264.6404352191  1.837233E-16
4270.1594390872  1.837395E-16
4275.6784429553  1.759561E-16
4281.1974468234  1.715271E-16
4286.7164506915  1.796874E-16
4292.2354545596  1.804370E-16
4297.7544584277  1.680019E-16
4303.2734622958  1.662915E-16
4308.7924661639  1.734133E-16
4314.311470032  1.727419E-16
4319.8304739001  1.760573E-16
4325.3494777682  1.699814E-16
4330.8684816363  1.727012E-16
4336.38748550441  1.721887E-16
4341.9064893725  1.697952E-16
4347.4254932406  1.648844E-16
4352.9444971087  1.666640E-16
4358.4635009768  1.635263E-16
4363.9825048449  1.613319E-16
4369.501508713  1.610970E-16
4375.0205125811  1.619765E-16
4380.5395164492  1.603921E-16
4386.0585203173  1.538102E-16
4391.5775241854  1.542260E-16
4397.0965280535  1.608926E-16
4402.6155319216  1.636409E-16
4408.1345357897  1.556038E-16
4413.6535396578  1.688430E-16
4419.17254352591  1.725945E-16
4424.691547394  1.721310E-16
4430.2105512621  1.687344E-16
4435.7295551302  1.698097E-16
4441.2485589983  1.693823E-16
4446.7675628664  1.758231E-16
4452.2865667345  1.726292E-16
4457.8055706026  1.709713E-16
4463.3245744707  1.717443E-16
4468.8435783388  1.823805E-16
4474.3625822069  1.767010E-16
4479.881586075  1.668712E-16
4485.4005899431  1.713994E-16
4490.9195938112  1.762890E-16
4496.4385976793  1.802382E-16
4501.95760154741  1.800348E-16
4507.4766054155  1.805215E-16
4512.9956092836  1.797733E-16
4518.5146131517  1.797702E-16
4524.0336170198  1.749991E-16
4529.5526208879  1.725389E-16
4535.071624756  1.773414E-16
4540.5906286241  1.777097E-16
4546.1096324922  1.660404E-16
4551.6286363603  1.678601E-16
4557.1476402284  1.669307E-16
4562.6666440965  1.737285E-16
4568.1856479646  1.644548E-16
4573.7046518327  1.611987E-16
4579.2236557008  1.612651E-16
4584.7426595689  1.744530E-16
4590.261663437  1.607156E-16
4595.78066730511  1.607403E-16
4601.2996711732  1.602768E-16
4606.8186750413  1.602265E-16
4612.3376789094  1.588776E-16
4617.8566827775  1.593491E-16
4623.3756866456  1.583293E-16
4628.8946905137  1.560481E-16
4634.4136943818  1.610608E-16
4639.9326982499  1.586292E-16
4645.451702118  1.597907E-16
4650.9707059861  1.678603E-16
4656.4897098542  1.625174E-16
4662.0087137223  1.677457E-16
4667.5277175904  1.645626E-16
4673.0467214585  1.587121E-16
4678.56572532661  1.733445E-16
4684.0847291947  1.713853E-16
4689.6037330628  1.736266E-16
4695.1227369309  1.713732E-16
4700.641740799  1.662519E-16
4706.1607446671  1.573981E-16
4711.6797485352  1.631498E-16
4717.1987524033  1.593112E-16
4722.7177562714  1.624308E-16
4728.2367601395  1.602111E-16
4733.7557640076  1.612153E-16
4739.2747678757  1.616050E-16
4744.7937717438  1.570528E-16
4750.3127756119  1.522737E-16
4755.83177948  1.557170E-16
4761.35078334811  1.514066E-16
4766.8697872162  1.487694E-16
4772.3887910843  1.549176E-16
4777.9077949524  1.530969E-16
4783.4267988205  1.454888E-16
4788.9458026886  1.503643E-16
4794.4648065567  1.573453E-16
4799.9838104248  1.506467E-16
4805.5028142929  1.532956E-16
4811.021818161  1.525138E-16
4816.5408220291  1.523603E-16
4822.0598258972  1.491895E-16
4827.5788297653  1.521744E-16
4833.0978336334  1.492104E-16
4838.6168375015  1.479165E-16
4844.1358413696  1.505257E-16
4849.6548452377  1.463923E-16
4855.1738491058  1.480787E-16
4860.6928529739  1.393175E-16
4866.211856842  1.430151E-16
4871.7308607101  1.420136E-16
4877.2498645782  1.451054E-16
4882.7688684463  1.514106E-16
4888.2878723144  1.434718E-16
4893.8068761825  1.435480E-16
4899.3258800506  1.450279E-16
4904.8448839187  1.453242E-16
4910.3638877868  1.424630E-16
4915.8828916549  1.393396E-16
4921.401895523  1.400207E-16
4926.9208993911  1.373168E-16
4932.4399032592  1.324208E-16
4937.9589071273  1.342201E-16
4943.4779109954  1.376164E-16
4948.9969148635  1.324205E-16
4954.5159187316  1.337292E-16
4960.0349225997  1.386374E-16
4965.5539264678  1.305521E-16
4971.07293033591  1.348170E-16
4976.591934204  1.381776E-16
4982.1109380721  1.322346E-16
4987.6299419402  1.308832E-16
4993.1489458083  1.323269E-16
4998.6679496764  1.341789E-16
5004.18695354451  1.239153E-16
5009.7059574126  1.357870E-16
5015.22496128071  1.354986E-16
5020.74396514881  1.341920E-16
5026.26296901691  1.295491E-16
5031.78197288501  1.305252E-16
5037.30097675311  1.342438E-16
5042.81998062121  1.345540E-16
5048.3389844893  1.353595E-16
5053.85798835741  1.361732E-16
5059.37699222551  1.380542E-16
5064.8959960936  1.385979E-16
5070.41499996171  1.319164E-16
5075.93400382981  1.337275E-16
5081.45300769791  1.417623E-16
5086.97201156601  1.430985E-16
5092.4910154341  1.308464E-16
5098.0100193022  1.381572E-16
5103.52902317031  1.358323E-16
5109.04802703841  1.357106E-16
5114.5670309065  1.448837E-16
5120.08603477461  1.364342E-16
5125.60503864271  1.351980E-16
5131.1240425108  1.428907E-16
5136.64304637891  1.414254E-16
5142.16205024701  1.455632E-16
5147.6810541151  1.506881E-16
5153.20005798321  1.468045E-16
5158.71906185131  1.391208E-16
5164.2380657194  1.419115E-16
5169.75706958751  1.454736E-16
5175.2760734556  1.410111E-16
5180.7950773237  1.452806E-16
5186.31408119181  1.481528E-16
5191.83308505991  1.438542E-16
5197.35208892801  1.442162E-16
5202.87109279611  1.418293E-16
5208.39009666421  1.416044E-16
5213.9091005323  1.431601E-16
5219.42810440041  1.382486E-16
5224.94710826851  1.403981E-16
5230.4661121366  1.451879E-16
5235.98511600471  1.446887E-16
5241.50411987281  1.438788E-16
5247.0231237409  1.446599E-16
5252.54212760901  1.415789E-16
5258.0611314771  1.384700E-16
5263.5801353452  1.395040E-16
5269.0991392133  1.401459E-16
5274.61814308141  1.410758E-16
5280.1371469495  1.388671E-16
5285.65615081761  1.417645E-16
5291.17515468571  1.344516E-16
5296.69415855381  1.377870E-16
5302.21316242191  1.382197E-16
5307.73216629  1.424778E-16
5313.25117015811  1.351182E-16
5318.77017402621  1.298184E-16
5324.28917789431  1.275399E-16
5329.80818176241  1.307323E-16
5335.32718563051  1.319682E-16
5340.84618949861  1.319169E-16
5346.36519336671  1.372103E-16
5351.88419723481  1.291902E-16
5357.40320110291  1.286389E-16
5362.92220497101  1.275570E-16
5368.44120883911  1.262623E-16
5373.96021270721  1.277899E-16
5379.47921657531  1.262759E-16
5384.99822044341  1.289349E-16
5390.5172243115  1.274941E-16
5396.03622817961  1.285464E-16
5401.55523204771  1.344147E-16
5407.07423591581  1.306733E-16
5412.59323978391  1.280814E-16
5418.11224365201  1.260909E-16
5423.6312475201  1.252653E-16
5429.15025138821  1.190128E-16
5434.66925525631  1.260208E-16
5440.1882591244  1.209210E-16
5445.70726299251  1.234642E-16
5451.22626686061  1.189729E-16
5456.74527072871  1.334613E-16
5462.26427459681  1.165524E-16
5467.78327846491  1.155932E-16
5473.30228233301  1.167091E-16
5478.82128620111  1.180172E-16
5484.34029006921  1.190351E-16
5489.85929393731  1.164462E-16
5495.37829780541  1.160195E-16
5500.89730167351  1.135752E-16
5506.4163055416  1.149700E-16
5511.93530940971  1.145641E-16
5517.45431327781  1.133810E-16
5522.97331714591  1.162447E-16
5528.49232101401  1.192433E-16
5534.01132488211  1.110073E-16
5539.53032875021  1.088485E-16
5545.04933261831  1.142044E-16
5550.56833648641  1.097482E-16
5556.0873403545  1.061839E-16
5561.60634422261  1.109573E-16
5567.12534809071  1.063009E-16
5572.64435195881  1.097032E-16
5578.16335582691  1.127909E-16
5583.68235969501  1.063244E-16
5589.2013635631  9.691378E-17
5594.72036743121  1.076471E-16
5600.23937129931  1.033860E-16
5605.7583751674  1.032031E-16
5611.2773790355  1.018588E-16
5616.79638290361  1.048869E-16
5622.31538677171  1.034276E-16
5627.83439063981  1.051183E-16
5633.35339450791  1.077220E-16
5638.87239837601  1.095013E-16
5644.39140224411  1.027945E-16
5649.91040611221  1.051768E-16
5655.42940998031  1.092398E-16
5660.94841384841  1.026955E-16
5666.46741771651  1.009677E-16
5671.98642158461  1.078828E-16
5677.50542545271  1.023755E-16
5683.02442932081  1.004170E-16
5688.54343318891  9.982905E-17
5694.06243705701  1.042346E-16
5699.58144092511  1.033551E-16
5705.10044479321  1.009363E-16
5710.61944866131  9.700264E-17
5716.13845252941  9.751481E-17
5721.65745639751  9.661604E-17
5727.17646026561  9.967452E-17
5732.69546413371  1.061901E-16
5738.21446800181  9.275743E-17
5743.73347186991  1.034803E-16
5749.25247573801  1.024347E-16
5754.77147960611  9.912548E-17
5760.29048347421  1.050747E-16
5765.80948734231  1.059713E-16
5771.32849121041  1.032483E-16
5776.84749507851  1.037494E-16
5782.36649894661  1.013870E-16
5787.88550281471  1.072166E-16
5793.40450668281  1.094024E-16
5798.92351055091  1.056664E-16
5804.44251441901  9.846106E-17
5809.96151828711  9.896067E-17
5815.48052215521  1.092825E-16
5820.99952602331  1.069080E-16
5826.51852989141  1.041384E-16
5832.03753375951  1.062771E-16
5837.55653762761  1.099881E-16
5843.07554149571  1.113444E-16
5848.59454536381  1.050577E-16
5854.11354923191  1.086403E-16
5859.63255310001  1.061638E-16
5865.15155696811  1.015080E-16
5870.6705608362  1.115442E-16
5876.18956470431  1.065461E-16
5881.70856857241  1.008672E-16
5887.22757244051  1.128052E-16
5892.74657630861  1.130832E-16
5898.26558017671  1.127951E-16
5903.78458404481  1.119895E-16
5909.30358791291  1.162922E-16
5914.82259178101  1.086191E-16
5920.34159564911  1.083504E-16
5925.86059951721  1.145682E-16
5931.37960338531  1.165106E-16
5936.89860725341  1.154350E-16
5942.41761112151  1.120554E-16
5947.93661498961  1.106296E-16
5953.45561885771  1.050411E-16
5958.97462272581  1.049223E-16
5964.49362659391  1.069039E-16
5970.01263046201  1.048061E-16
5975.53163433011  1.037951E-16
5981.05063819821  1.100771E-16
5986.56964206631  1.102483E-16
5992.08864593441  1.087896E-16
5997.60764980251  1.055520E-16
6003.12665367061  1.030824E-16
6008.64565753871  1.067199E-16
6014.16466140681  1.084674E-16
6019.68366527491  1.015064E-16
6025.20266914301  1.070523E-16
6030.72167301111  1.089615E-16
6036.24067687921  1.024489E-16
6041.75968074731  9.991235E-17
6047.27868461541  9.337337E-17
6052.79768848351  9.464068E-17
6058.31669235161  9.729696E-17
6063.83569621971  1.010760E-16
6069.35470008781  9.815728E-17
6074.87370395591  1.048895E-16
6080.39270782401  9.372786E-17
6085.91171169211  9.837388E-17
6091.43071556021  9.461389E-17
6096.94971942831  9.529695E-17
6102.46872329641  9.043795E-17
6107.98772716451  1.012544E-16
6113.50673103261  9.794540E-17
6119.02573490071  1.002984E-16
6124.54473876881  9.582353E-17
6130.06374263691  1.016342E-16
6135.58274650501  1.016266E-16
6141.10175037311  1.030078E-16
6146.62075424121  1.019442E-16
6152.13975810931  1.008618E-16
6157.65876197741  9.955502E-17
6163.17776584551  1.058447E-16
6168.69676971361  9.630342E-17
6174.21577358171  1.010702E-16
6179.73477744981  9.428915E-17
6185.25378131791  1.009465E-16
6190.77278518601  9.755067E-17
6196.29178905411  9.780422E-17
6201.81079292221  9.216526E-17
6207.32979679031  9.338669E-17
6212.8488006584  9.409514E-17
6218.36780452651  9.430903E-17
6223.88680839461  9.055259E-17
6229.40581226271  9.690927E-17
6234.92481613081  9.339626E-17
6240.44381999891  9.438774E-17
6245.96282386701  9.850811E-17
6251.48182773511  9.572160E-17
6257.00083160321  9.384477E-17
6262.51983547131  9.363618E-17
6268.03883933941  9.032887E-17
6273.55784320751  8.976058E-17
6279.07684707561  8.640744E-17
6284.59585094371  8.661024E-17
6290.11485481181  8.453323E-17
6295.63385867991  9.111964E-17
6301.15286254801  9.200844E-17
6306.67186641611  8.672477E-17
6312.19087028421  9.194741E-17
6317.70987415231  8.866789E-17
6323.22887802041  8.650591E-17
6328.74788188851  9.461199E-17
6334.26688575661  8.969690E-17
6339.78588962471  8.826170E-17
6345.30489349281  8.945694E-17
6350.82389736091  8.846942E-17
6356.34290122901  9.142578E-17
6361.86190509711  9.199851E-17
6367.38090896521  9.054819E-17
6372.89991283331  9.321919E-17
6378.41891670141  8.909876E-17
6383.93792056951  9.006080E-17
6389.45692443761  9.204066E-17
6394.97592830571  9.120637E-17
6400.49493217381  8.442618E-17
6406.01393604191  8.402763E-17
6411.53293991001  8.679981E-17
6417.05194377811  9.242008E-17
6422.57094764621  9.404632E-17
6428.08995151431  8.633562E-17
6433.60895538241  9.230153E-17
6439.12795925051  8.602948E-17
6444.64696311861  8.487780E-17
6450.16596698671  8.922515E-17
6455.68497085481  8.812242E-17
6461.20397472291  8.574503E-17
6466.72297859101  8.877368E-17
6472.24198245911  9.422477E-17
6477.76098632721  8.824054E-17
6483.27999019531  8.191812E-17
6488.79899406341  8.051091E-17
6494.31799793151  8.268605E-17
6499.83700179961  8.577568E-17
6505.35600566771  8.682385E-17
6510.87500953581  8.479021E-17
6516.39401340391  8.353384E-17
6521.91301727201  8.059781E-17
6527.43202114011  8.281728E-17
6532.95102500821  8.412373E-17
6538.47002887631  7.501918E-17
6543.98903274441  8.500088E-17
6549.50803661251  8.422996E-17
6555.02704048061  8.154332E-17
6560.54604434871  8.219088E-17
6566.06504821681  7.839782E-17
6571.58405208491  8.006444E-17
6577.10305595301  7.880064E-17
6582.62205982111  8.315404E-17
6588.14106368921  8.424760E-17
6593.66006755731  8.301907E-17
6599.17907142541  8.482525E-17
6604.69807529351  8.107570E-17
6610.21707916161  8.592201E-17
6615.73608302971  7.432230E-17
6621.25508689781  8.076490E-17
6626.77409076591  8.170019E-17
6632.29309463401  7.992523E-17
6637.81209850211  8.512568E-17
6643.33110237021  8.333106E-17
6648.85010623831  7.787729E-17
6654.36911010641  7.647600E-17
6659.88811397451  8.048643E-17
6665.40711784261  7.842195E-17
6670.92612171071  8.039486E-17
6676.44512557881  8.247847E-17
6681.96412944691  8.141614E-17
6687.48313331501  8.297636E-17
6693.00213718311  8.566922E-17
6698.52114105121  8.654735E-17
6704.04014491931  8.201596E-17
6709.55914878741  8.235253E-17
6715.07815265551  8.689112E-17
6720.59715652361  8.455920E-17
6726.11616039171  8.181877E-17
6731.63516425981  8.630304E-17
6737.15416812791  8.851601E-17
6742.67317199601  8.569906E-17
6748.19217586411  8.486783E-17
6753.71117973221  7.894639E-17
6759.23018360031  8.402727E-17
6764.74918746841  7.889226E-17
6770.26819133651  7.997913E-17
6775.78719520461  8.510542E-17
6781.30619907271  8.504722E-17
6786.82520294081  7.960832E-17
6792.34420680891  7.869087E-17
6797.86321067701  8.058041E-17
6803.38221454511  7.846641E-17
6808.90121841321  7.945814E-17
6814.42022228131  8.076406E-17
6819.93922614941  8.775677E-17
6825.45823001751  9.694784E-17
6830.97723388561  9.645589E-17
6836.49623775371  9.329558E-17
6842.01524162181  9.134362E-17
6847.53424548991  9.171897E-17
6853.05324935801  9.077548E-17
6858.57225322611  8.833446E-17
6864.09125709421  7.511666E-17
6869.61026096231  6.994077E-17
6875.12926483041  6.706862E-17
6880.64826869851  6.473962E-17
6886.16727256661  7.271535E-17
6891.68627643471  6.960407E-17
6897.20528030281  6.518029E-17
6902.72428417091  7.041298E-17
6908.24328803901  7.160333E-17
6913.76229190711  7.604567E-17
6919.28129577521  7.545229E-17
6924.80029964331  7.161118E-17
6930.31930351141  6.797387E-17
6935.83830737951  6.914850E-17
6941.35731124761  7.676294E-17
6946.87631511571  7.716299E-17
6952.39531898381  6.817104E-17
6957.91432285191  6.754384E-17
6963.43332672001  6.812775E-17
6968.95233058811  7.366892E-17
6974.47133445621  6.663371E-17
6979.99033832431  7.358106E-17
6985.50934219241  7.481555E-17
6991.02834606051  6.967690E-17
6996.54734992861  6.831575E-17
7002.06635379671  6.878011E-17
7007.58535766481  6.967493E-17
7013.10436153291  6.586035E-17
7018.62336540101  6.783877E-17
7024.14236926911  6.516909E-17
7029.66137313721  6.477690E-17
7035.18037700531  6.459985E-17
7040.69938087341  6.160311E-17
7046.21838474151  6.233891E-17
7051.73738860961  6.319546E-17
7057.25639247771  6.416950E-17
7062.77539634581  6.168955E-17
7068.29440021391  6.516414E-17
7073.81340408201  5.857541E-17
7079.33240795011  6.611093E-17
7084.85141181821  6.929398E-17
7090.37041568631  6.548085E-17
7095.88941955441  6.307517E-17
7101.40842342251  6.330992E-17
7106.92742729061  6.460538E-17
7112.44643115871  6.427211E-17
7117.96543502681  7.154735E-17
7123.48443889491  6.635661E-17
7129.00344276301  6.887102E-17
7134.52244663111  7.001938E-17
7140.04145049921  7.118700E-17
7145.56045436731  8.011709E-17
7151.07945823541  7.416262E-17
7156.59846210351  7.333484E-17
7162.11746597161  7.182345E-17
7167.63646983971  7.397408E-17
7173.15547370781  7.692131E-17
7178.67447757591  7.360437E-17
7184.19348144401  6.670440E-17
7189.71248531211  7.239741E-17
7195.23148918021  7.665596E-17
7200.75049304831  6.848620E-17
7206.26949691641  7.012819E-17
7211.78850078451  7.574118E-17
7217.30750465261  7.202260E-17
7222.82650852071  7.291688E-17
7228.34551238881  7.361814E-17
7233.86451625691  6.778261E-17
7239.38352012501  7.742332E-17
7244.90252399311  7.811186E-17
7250.42152786121  6.758365E-17
7255.94053172931  6.530617E-17
7261.45953559741  6.371789E-17
7266.97853946551  6.717769E-17
7272.49754333361  7.200451E-17
7278.01654720171  7.156483E-17
7283.53555106981  6.331587E-17
7289.05455493791  5.910757E-17
7294.57355880601  6.003782E-17
7300.09256267411  6.782323E-17
7305.61156654221  6.394735E-17
7311.13057041031  5.680622E-17
7316.64957427841  5.705386E-17
7322.16857814651  5.518867E-17
7327.68758201461  6.345662E-17
7333.20658588271  6.279679E-17
7338.72558975081  5.812621E-17
7344.24459361891  5.744163E-17
7349.76359748701  5.889090E-17
7355.28260135511  5.994268E-17
7360.80160522321  5.787860E-17
7366.32060909131  6.110298E-17
7371.83961295941  5.568252E-17
7377.35861682751  5.916766E-17
7382.87762069561  6.072243E-17
7388.39662456371  6.579521E-17
7393.91562843181  6.054539E-17
7399.43463229991  6.280939E-17
7404.95363616801  5.891264E-17
7410.47264003611  6.696240E-17
7415.99164390421  6.146522E-17
7421.51064777231  7.043884E-17
7427.02965164041  6.891347E-17
7432.54865550851  5.724688E-17
7438.06765937661  6.100902E-17
7443.58666324471  6.420997E-17
7449.10566711281  5.944672E-17
7454.62467098091  6.126641E-17
7460.14367484901  6.643908E-17
7465.66267871711  6.007563E-17
7471.18168258521  6.433254E-17
7476.70068645331  6.800397E-17
7482.21969032141  6.423970E-17
7487.73869418951  6.914866E-17
7493.25769805761  6.807352E-17
7498.77670192571  6.293833E-17
7504.29570579381  6.744598E-17
7509.81470966191  6.688422E-17
7515.33371353001  6.937475E-17
7520.85271739811  7.014185E-17
7526.37172126621  6.987625E-17
7531.89072513431  6.655822E-17
7537.40972900241  6.828636E-17
7542.92873287051  7.222339E-17
7548.44773673861  9.482819E-17
7553.96674060671  1.173425E-16
7559.48574447481  1.812723E-16
7565.00474834291  2.258799E-16
7570.52375221101  1.896963E-16
7576.04275607911  1.652423E-16
7581.56175994721  1.651475E-16
7587.08076381531  1.489531E-16
7592.59976768341  1.342827E-16
7598.11877155151  8.254036E-17
7603.63777541961  5.552784E-17
7609.15677928771  4.454471E-17
7614.67578315581  5.046191E-17
7620.19478702391  5.689206E-17
7625.71379089201  5.302683E-17
7631.23279476011  4.555964E-17
7636.75179862821  4.031229E-17
7642.27080249631  4.304160E-17
7647.78980636441  4.840724E-17
7653.30881023251  5.792565E-17
7658.82781410061  6.280605E-17
7664.34681796871  5.762206E-17
7669.86582183681  5.759256E-17
7675.38482570491  6.079008E-17
7680.90382957301  6.773534E-17
7686.42283344111  7.613383E-17
7691.94183730921  6.871345E-17
7697.46084117731  6.350231E-17
7702.97984504541  5.752511E-17
7708.49884891351  5.912891E-17
7714.01785278161  7.204490E-17
7719.53685664971  6.786145E-17
7725.05586051781  7.488434E-17
7730.57486438591  6.422053E-17
7736.09386825401  6.315575E-17
7741.61287212211  6.156270E-17
7747.13187599021  7.387342E-17
7752.65087985831  7.110852E-17
7758.16988372641  6.806937E-17
7763.68888759451  7.359359E-17
7769.20789146261  6.523584E-17
7774.72689533071  5.935728E-17
7780.24589919881  5.785751E-17
7785.76490306691  6.195216E-17
7791.28390693501  7.031651E-17
7796.80291080311  7.087354E-17
7802.32191467121  6.102768E-17
7807.84091853931  4.928336E-17
7813.35992240741  5.378701E-17
7818.87892627551  6.288856E-17
7824.39793014361  6.683670E-17
7829.91693401171  7.019214E-17
7835.43593787981  5.689637E-17
7840.95494174791  5.801407E-17
7846.47394561601  5.540500E-17
7851.99294948411  5.426914E-17
7857.51195335221  6.503965E-17
7863.03095722031  7.213104E-17
7868.54996108841  6.588304E-17
7874.06896495651  6.262868E-17
7879.58796882461  4.532896E-17
7885.10697269271  5.557726E-17
7890.62597656081  6.021566E-17
7896.14498042891  6.184909E-17
7901.66398429701  6.363346E-17
7907.18298816511  5.255436E-17
7912.70199203321  5.157257E-17
7918.22099590131  5.633866E-17
7923.73999976941  5.495074E-17
7929.25900363751  6.279411E-17
7934.77800750561  6.236995E-17
7940.29701137371  6.019550E-17
7945.81601524181  5.649675E-17
7951.33501910991  5.701613E-17
7956.85402297801  5.578772E-17
7962.37302684611  6.486981E-17
7967.89203071421  6.238680E-17
7973.41103458231  5.783666E-17
7978.93003845041  5.402846E-17
7984.44904231851  5.519890E-17
7989.96804618661  5.719582E-17
7995.48705005471  5.960301E-17
8001.00605392281  5.476306E-17
8006.52505779091  5.143378E-17
8012.04406165901  5.504534E-17
8017.56306552711  4.830508E-17
8023.08206939521  4.629165E-17
8028.60107326331  4.997291E-17
8034.12007713141  5.297781E-17
8039.63908099951  5.933597E-17
8045.15808486761  5.886067E-17
8050.67708873571  5.005418E-17
8056.19609260381  4.604900E-17
8061.71509647191  5.133425E-17
8067.23410034001  4.856811E-17
8072.75310420811  4.815131E-17
8078.27210807621  5.347543E-17
8083.79111194431  4.449237E-17
8089.31011581241  4.467758E-17
8094.82911968051  4.312210E-17
8100.34812354861  5.255948E-17
8105.86712741671  6.062543E-17
8111.38613128481  5.724914E-17
8116.90513515291  5.094354E-17
8122.42413902101  5.840826E-17
8127.94314288911  4.859340E-17
8133.46214675721  4.869617E-17
8138.98115062531  5.704855E-17
8144.50015449341  4.996887E-17
8150.01915836151  5.413925E-17
8155.53816222961  5.481561E-17
8161.05716609771  5.370006E-17
8166.57616996581  5.243462E-17
8172.09517383391  4.797708E-17
8177.61417770201  5.263698E-17
8183.13318157011  5.673186E-17
8188.65218543821  5.587761E-17
8194.17118930631  5.275348E-17
8199.69019317441  5.027555E-17
8205.20919704251  5.119331E-17
8210.72820091061  4.835162E-17
8216.24720477871  5.171036E-17
8221.76620864681  6.059314E-17
8227.28521251491  5.398180E-17
8232.80421638301  4.461351E-17
8238.32322025111  5.277742E-17
8243.84222411921  5.456009E-17
8249.36122798731  5.293868E-17
8254.88023185541  6.658132E-17
8260.39923572351  5.639400E-17
8265.91823959161  5.574653E-17
8271.43724345971  5.716024E-17
8276.95624732781  4.468375E-17
8282.47525119591  5.647738E-17
8287.99425506401  5.104999E-17
8293.51325893211  5.428311E-17
8299.03226280021  6.524393E-17
8304.55126666831  4.351231E-17
8310.07027053641  4.223201E-17
8315.58927440451  5.130997E-17
8321.10827827261  4.551095E-17
8326.62728214071  4.424172E-17
8332.14628600881  5.003714E-17
8337.66528987691  5.002814E-17
8343.18429374501  4.002132E-17
8348.70329761311  3.216269E-17
8354.22230148121  3.123182E-17
8359.74130534931  4.180207E-17
8365.26030921741  6.336487E-17
8370.77931308551  4.599407E-17
8376.29831695361  5.184038E-17
8381.81732082171  4.777707E-17
8387.33632468981  4.722221E-17
8392.85532855791  5.103570E-17
8398.37433242601  5.391511E-17
8403.89333629411  5.772344E-17
8409.41234016221  5.054900E-17
8414.93134403031  4.666949E-17
8420.45034789841  4.174044E-17
8425.96935176651  3.523579E-17
8431.48835563461  4.086975E-17
8437.00735950271  4.630115E-17
8442.52636337081  4.961936E-17
8448.04536723891  5.443648E-17
8453.56437110701  4.214964E-17
8459.08337497511  4.232577E-17
8464.60237884321  3.619931E-17
8470.12138271131  3.937382E-17
8475.64038657941  5.011226E-17
8481.15939044751  5.010646E-17
8486.67839431561  4.813093E-17
8492.19739818371  4.262404E-17
8497.71640205181  4.206341E-17
8503.23540591991  4.081233E-17
8508.75440978801  4.222691E-17
8514.27341365611  4.739993E-17
8519.79241752421  4.318888E-17
8525.31142139231  4.509815E-17
8530.83042526041  3.944143E-17
8536.34942912851  3.344252E-17
8541.86843299661  3.387517E-17
8547.38743686471  3.648556E-17
8552.90644073281  4.484284E-17
8558.42544460091  3.917348E-17
8563.94444846901  4.233251E-17
8569.46345233711  3.696566E-17
8574.98245620521  3.981424E-17
8580.50146007331  3.309537E-17
8586.02046394141  3.419824E-17
8591.53946780951  4.081213E-17
8597.05847167761  3.948320E-17
8602.57747554571  4.366371E-17
8608.09647941381  3.452960E-17
8613.61548328191  3.198383E-17
8619.13448715001  3.514301E-17
8624.65349101811  3.838046E-17
8630.17249488621  4.447702E-17
8635.69149875431  4.460943E-17
8641.21050262241  3.733803E-17
8646.72950649051  3.267480E-17
8652.24851035861  3.082686E-17
8657.76751422671  3.987239E-17
8663.28651809481  3.980515E-17
8668.80552196291  3.743474E-17
8674.32452583101  4.416231E-17
8679.84352969911  4.459054E-17
8685.36253356721  3.927907E-17
8690.88153743531  3.472438E-17
8696.40054130341  4.588464E-17
8701.91954517151  4.172028E-17
8707.43854903961  4.565368E-17
8712.95755290771  4.253275E-17
8718.47655677581  3.866103E-17
8723.99556064391  3.524179E-17
8729.51456451201  2.791901E-17
8735.03356838011  3.733534E-17
8740.55257224821  4.708775E-17
8746.07157611631  4.717643E-17
8751.59057998441  4.952607E-17
8757.10958385251  4.022768E-17
8762.62858772061  3.289691E-17
8768.14759158871  4.472777E-17
8773.66659545681  3.930936E-17
8779.18559932491  4.002874E-17
8784.70460319301  5.027751E-17
8790.22360706111  4.181286E-17
8795.74261092921  3.717617E-17
8801.26161479731  3.570988E-17
8806.78061866541  3.492654E-17
8812.29962253351  3.848426E-17
8817.81862640161  3.610608E-17
8823.33763026971  5.614128E-17
8828.85663413781  6.517600E-17
8834.37563800591  4.716634E-17
8839.89464187401  2.555780E-17
8845.41364574211  3.925044E-17
8850.93264961021  4.797720E-17
8856.45165347831  4.473986E-17
8861.97065734641  4.919591E-17
8867.48966121451  4.640091E-17
8873.00866508261  3.987199E-17
8878.52766895071  3.946246E-17
8884.04667281881  2.848394E-17
8889.56567668691  4.578116E-17
8895.08468055501  4.562201E-17
8900.60368442311  5.103416E-17
8906.12268829121  3.787386E-17
8911.64169215931  2.729632E-17
8917.16069602741  4.264356E-17
8922.67969989551  4.357795E-17
8928.19870376361  5.713080E-17
8933.71770763171  5.244625E-17
8939.23671149981  6.401332E-17
8944.75571536791  4.339727E-17
8950.27471923601  3.958063E-17
8955.79372310411  3.755068E-17
8961.31272697221  4.499474E-17
8966.83173084031  6.518770E-17
8972.35073470841  5.368542E-17
8977.86973857651  4.169081E-17
8983.38874244461  4.664911E-17
8988.90774631271  5.191305E-17
8994.42675018081  4.336415E-17
8999.94575404891  4.223083E-17
9005.46475791701  4.330159E-17
9010.98376178511  4.088621E-17
9016.50276565321  3.689882E-17
9022.02176952131  4.297492E-17
9027.54077338941  3.821212E-17
9033.05977725751  5.494809E-17
9038.57878112561  4.300155E-17
9044.09778499371  3.671340E-17
9049.61678886181  4.075511E-17
9055.13579272991  2.804381E-17
9060.65479659801  3.669497E-17
9066.17380046611  4.707041E-17
9071.69280433421  3.775377E-17
9077.21180820231  3.034357E-17
9082.73081207041  2.285870E-17
9088.24981593851  4.670145E-17
9093.76881980661  5.301181E-17
9099.28782367471  3.770165E-17
9104.80682754281  3.091989E-17
9110.32583141091  4.013982E-17
9115.84483527901  4.454090E-17
9121.36383914711  4.390919E-17
9126.88284301521  3.540289E-17
9132.40184688331  3.967107E-17
9137.92085075141  3.804147E-17
9143.43985461951  3.489760E-17
9148.95885848761  3.866280E-17
9154.47786235571  4.380542E-17
9159.99686622381  4.292320E-17
9165.51587009191  3.701339E-17
9171.03487396001  3.185699E-17
9176.55387782811  3.287433E-17
9182.07288169621  3.698839E-17
9187.59188556431  3.874026E-17
9193.11088943241  3.968864E-17
9198.62989330051  5.077769E-17
9204.14889716861  0.
9209.66790103671  0.
9215.18690490481  0.
9220.70590877291  0.
9226.22491264101  0.
9231.74391650911  0.
9237.26292037721  0.
9242.78192424531  0.
9248.30092811341  0.
