3654.49853516  5.227398E-17
3660.01509857553  6.298404E-17
3665.53166199106  6.391199E-17
3671.04822540659  6.037826E-17
3676.56478882212  5.976235E-17
3682.08135223765  6.185146E-17
3687.59791565318  6.085046E-17
3693.11447906871  6.196137E-17
3698.63104248424  6.288606E-17
3704.14760589977  6.050411E-17
3709.6641693153  5.787225E-17
3715.18073273083  5.538122E-17
3720.69729614636  6.741482E-17
3726.21385956189  5.839767E-17
3731.73042297742  6.687590E-17
3737.24698639295  5.797966E-17
3742.76354980848  5.773585E-17
3748.28011322401  5.762024E-17
3753.79667663954  5.662104E-17
3759.31324005507  6.735255E-17
3764.8298034706  6.074664E-17
3770.34636688613  5.601591E-17
3775.86293030166  6.337558E-17
3781.37949371719  5.967166E-17
3786.89605713272  6.724263E-17
3792.41262054825  6.355615E-17
3797.92918396378  5.229761E-17
3803.44574737931  6.359905E-17
3808.96231079484  5.710650E-17
3814.47887421037  6.101748E-17
3819.9954376259  6.055137E-17
3825.51200104143  5.944768E-17
3831.02856445696  6.390932E-17
3836.54512787249  6.280730E-17
3842.06169128802  6.335054E-17
3847.57825470355  6.696626E-17
3853.09481811908  6.204687E-17
3858.61138153461  6.145640E-17
3864.12794495014  5.989094E-17
3869.64450836567  6.111466E-17
3875.1610717812  6.921982E-17
3880.67763519673  5.815393E-17
3886.19419861226  6.835843E-17
3891.71076202779  6.003264E-17
3897.22732544332  6.650993E-17
3902.74388885885  6.461529E-17
3908.26045227438  6.849285E-17
3913.77701568991  6.164476E-17
3919.29357910544  6.915481E-17
3924.81014252097  6.946084E-17
3930.3267059365  6.574363E-17
3935.84326935203  6.565037E-17
3941.35983276756  6.727970E-17
3946.87639618309  7.051739E-17
3952.39295959862  6.883667E-17
3957.90952301415  6.570196E-17
3963.42608642968  6.987589E-17
3968.94264984521  7.060898E-17
3974.45921326074  7.206286E-17
3979.97577667627  7.013390E-17
3985.4923400918  7.274357E-17
3991.00890350733  6.820188E-17
3996.52546692286  6.708673E-17
4002.04203033839  7.531395E-17
4007.55859375392  7.272702E-17
4013.07515716945  7.328322E-17
4018.59172058498  7.833710E-17
4024.10828400051  7.309534E-17
4029.62484741604  7.687242E-17
4035.14141083157  7.176137E-17
4040.6579742471  7.678497E-17
4046.17453766263  7.763244E-17
4051.69110107816  7.330232E-17
4057.20766449369  7.574507E-17
4062.72422790922  7.400109E-17
4068.24079132475  7.399494E-17
4073.75735474028  7.681443E-17
4079.27391815581  7.493501E-17
4084.79048157134  7.530355E-17
4090.30704498687  7.849571E-17
4095.8236084024  7.219557E-17
4101.34017181793  7.648216E-17
4106.85673523346  7.634531E-17
4112.37329864899  7.700150E-17
4117.88986206452  8.326263E-17
4123.40642548005  7.570329E-17
4128.92298889558  8.018040E-17
4134.43955231111  7.932284E-17
4139.95611572664  8.337938E-17
4145.47267914217  8.808460E-17
4150.9892425577  7.550081E-17
4156.50580597323  8.830001E-17
4162.02236938876  8.356941E-17
4167.53893280429  8.342789E-17
4173.05549621982  8.436247E-17
4178.57205963535  8.148765E-17
4184.08862305088  8.360533E-17
4189.60518646641  8.183517E-17
4195.12174988194  8.263432E-17
4200.63831329747  7.401883E-17
4206.154876713  8.286705E-17
4211.67144012853  7.817100E-17
4217.18800354406  8.402907E-17
4222.70456695959  7.901257E-17
4228.22113037512  8.456752E-17
4233.73769379065  8.257544E-17
4239.25425720618  8.403440E-17
4244.77082062171  8.375745E-17
4250.28738403724  8.565476E-17
4255.80394745277  8.310179E-17
4261.3205108683  8.659927E-17
4266.83707428383  8.109319E-17
4272.35363769936  8.188500E-17
4277.87020111489  8.367430E-17
4283.38676453042  7.754211E-17
4288.90332794595  8.062727E-17
4294.41989136148  8.054037E-17
4299.93645477701  9.015942E-17
4305.45301819254  8.066272E-17
4310.96958160807  8.347025E-17
4316.4861450236  8.211937E-17
4322.00270843913  8.734690E-17
4327.51927185466  8.239910E-17
4333.03583527019  7.976458E-17
4338.55239868572  8.012547E-17
4344.06896210125  7.778959E-17
4349.58552551678  7.342917E-17
4355.10208893231  7.499029E-17
4360.61865234784  7.401465E-17
4366.13521576337  8.393172E-17
4371.6517791789  7.958645E-17
4377.16834259443  8.273616E-17
4382.68490600996  8.546429E-17
4388.20146942549  8.542108E-17
4393.71803284102  8.035586E-17
4399.23459625655  8.273648E-17
4404.75115967208  8.255855E-17
4410.26772308761  8.504389E-17
4415.78428650314  8.611265E-17
4421.30084991867  9.150144E-17
4426.8174133342  9.264182E-17
4432.33397674973  9.340194E-17
4437.85054016526  9.548958E-17
4443.36710358079  9.702010E-17
4448.88366699632  1.009215E-16
4454.40023041185  9.818530E-17
4459.91679382738  9.937142E-17
4465.43335724291  9.980086E-17
4470.94992065844  9.673941E-17
4476.46648407397  1.061355E-16
4481.9830474895  1.038226E-16
4487.49961090503  1.019020E-16
4493.01617432056  1.053441E-16
4498.53273773609  1.041091E-16
4504.04930115162  1.071448E-16
4509.56586456715  1.046032E-16
4515.08242798268  1.076771E-16
4520.59899139821  1.077878E-16
4526.11555481374  1.108897E-16
4531.63211822927  1.163529E-16
4537.1486816448  1.136690E-16
4542.66524506033  1.150179E-16
4548.18180847586  1.091424E-16
4553.6983718914  1.174715E-16
4559.21493530692  1.118224E-16
4564.73149872245  1.157472E-16
4570.24806213798  1.108590E-16
4575.76462555351  1.150662E-16
4581.28118896904  1.130206E-16
4586.79775238457  1.145809E-16
4592.3143158001  1.061584E-16
4597.83087921563  1.042202E-16
4603.34744263116  1.101824E-16
4608.86400604669  1.070841E-16
4614.38056946222  1.016145E-16
4619.89713287776  1.078472E-16
4625.41369629328  1.054362E-16
4630.93025970881  1.063409E-16
4636.44682312434  1.076124E-16
4641.96338653987  1.010153E-16
4647.4799499554  9.953797E-17
4652.99651337093  1.018755E-16
4658.51307678646  1.048379E-16
4664.02964020199  9.988803E-17
4669.54620361752  9.551959E-17
4675.06276703305  1.012953E-16
4680.57933044859  9.893883E-17
4686.09589386411  1.007069E-16
4691.61245727964  9.530944E-17
4697.12902069517  9.632809E-17
4702.6455841107  9.941196E-17
4708.16214752623  9.735083E-17
4713.67871094176  9.988835E-17
4719.19527435729  9.253291E-17
4724.71183777282  9.687493E-17
4730.22840118835  9.673880E-17
4735.74496460388  9.355203E-17
4741.26152801941  9.055443E-17
4746.77809143494  9.230363E-17
4752.29465485047  9.519348E-17
4757.811218266  9.267004E-17
4763.32778168153  9.040720E-17
4768.84434509706  9.003825E-17
4774.36090851259  8.950022E-17
4779.87747192812  9.405991E-17
4785.39403534365  9.187486E-17
4790.91059875919  9.314576E-17
4796.42716217471  9.029194E-17
4801.94372559024  8.535235E-17
4807.46028900577  8.629718E-17
4812.9768524213  9.086177E-17
4818.49341583683  8.794549E-17
4824.00997925237  8.964884E-17
4829.52654266789  8.791673E-17
4835.04310608342  8.471034E-17
4840.55966949895  8.998586E-17
4846.07623291448  8.985721E-17
4851.59279633001  8.520130E-17
4857.10935974554  8.653046E-17
4862.62592316107  8.806591E-17
4868.1424865766  9.037577E-17
4873.65904999213  9.278922E-17
4879.17561340766  8.960239E-17
4884.69217682319  8.804307E-17
4890.20874023872  8.523503E-17
4895.72530365425  8.955716E-17
4901.24186706978  8.768842E-17
4906.75843048531  9.036482E-17
4912.27499390084  8.678646E-17
4917.79155731637  8.501352E-17
4923.30812073191  8.443383E-17
4928.82468414743  8.751808E-17
4934.34124756296  8.830251E-17
4939.85781097849  8.417307E-17
4945.37437439402  8.748195E-17
4950.89093780955  8.791551E-17
4956.40750122508  9.028667E-17
4961.92406464061  8.514336E-17
4967.44062805614  8.260696E-17
4972.95719147167  8.067120E-17
4978.4737548872  8.120598E-17
4983.99031830273  7.931198E-17
4989.50688171827  8.279403E-17
4995.02344513379  8.413853E-17
5000.54000854932  8.004178E-17
5006.05657196486  8.148010E-17
5011.57313538038  8.309486E-17
5017.08969879591  8.369208E-17
5022.60626221144  8.603969E-17
5028.12282562698  8.975603E-17
5033.6393890425  7.783993E-17
5039.15595245803  8.199786E-17
5044.67251587357  8.501874E-17
5050.1890792891  8.529346E-17
5055.70564270463  8.573861E-17
5061.22220612016  8.068905E-17
5066.73876953569  8.856199E-17
5072.25533295121  8.613017E-17
5077.77189636675  8.857735E-17
5083.28845978227  8.671891E-17
5088.80502319781  8.761284E-17
5094.32158661334  9.448542E-17
5099.83815002886  9.562534E-17
5105.35471344439  9.356812E-17
5110.87127685993  9.301103E-17
5116.38784027546  1.001828E-16
5121.90440369099  1.071703E-16
5127.42096710652  1.019797E-16
5132.93753052204  1.070943E-16
5138.45409393757  1.084748E-16
5143.97065735311  1.142487E-16
5149.48722076864  1.107537E-16
5155.00378418416  1.098572E-16
5160.5203475997  1.097645E-16
5166.03691101522  1.175422E-16
5171.55347443075  1.156553E-16
5177.07003784629  1.113964E-16
5182.58660126181  1.158230E-16
5188.10316467734  1.208077E-16
5193.61972809288  1.201829E-16
5199.13629150841  1.237856E-16
5204.65285492393  1.252016E-16
5210.16941833947  1.238739E-16
5215.68598175499  1.303284E-16
5221.20254517052  1.296830E-16
5226.71910858606  1.291041E-16
5232.23567200159  1.353549E-16
5237.75223541711  1.312383E-16
5243.26879883264  1.350348E-16
5248.78536224818  1.329503E-16
5254.30192566371  1.304210E-16
5259.81848907924  1.335384E-16
5265.33505249476  1.332704E-16
5270.85161591029  1.267553E-16
5276.36817932583  1.277173E-16
5281.88474274136  1.267187E-16
5287.40130615689  1.305519E-16
5292.91786957242  1.271297E-16
5298.43443298794  1.215655E-16
5303.95099640348  1.257426E-16
5309.46755981901  1.178742E-16
5314.98412323454  1.212232E-16
5320.50068665006  1.220145E-16
5326.0172500656  1.209339E-16
5331.53381348112  1.195253E-16
5337.05037689665  1.202069E-16
5342.56694031219  1.211703E-16
5348.08350372771  1.166398E-16
5353.60006714325  1.150394E-16
5359.11663055878  1.198834E-16
5364.6331939743  1.179619E-16
5370.14975738984  1.124023E-16
5375.66632080537  1.098196E-16
5381.18288422089  1.070799E-16
5386.69944763643  1.090990E-16
5392.21601105196  1.041729E-16
5397.73257446748  1.100830E-16
5403.24913788302  1.058805E-16
5408.76570129855  1.109655E-16
5414.28226471408  1.053164E-16
5419.79882812961  1.034172E-16
5425.31539154514  1.109248E-16
5430.83195496067  1.077952E-16
5436.3485183762  1.037452E-16
5441.86508179173  1.073105E-16
5447.38164520726  1.014386E-16
5452.89820862279  1.062277E-16
5458.41477203832  1.072168E-16
5463.93133545385  1.109195E-16
5469.44789886937  1.113898E-16
5474.9644622849  1.085027E-16
5480.48102570044  1.029133E-16
5485.99758911597  1.034831E-16
5491.5141525315  1.083768E-16
5497.03071594703  1.081584E-16
5502.54727936255  1.041552E-16
5508.06384277809  1.093505E-16
5513.58040619362  1.053545E-16
5519.09696960915  1.036569E-16
5524.61353302467  1.033926E-16
5530.13009644021  1.058796E-16
5535.64665985573  1.031143E-16
5541.16322327127  1.057594E-16
5546.6797866868  1.104851E-16
5552.19635010232  1.060697E-16
5557.71291351786  1.055592E-16
5563.22947693339  1.087654E-16
5568.74604034891  1.036980E-16
5574.26260376445  1.072817E-16
5579.77916717998  1.052850E-16
5585.29573059551  1.036445E-16
5590.81229401104  9.659504E-17
5596.32885742657  1.072417E-16
5601.84542084209  1.017303E-16
5607.36198425763  1.035651E-16
5612.87854767316  1.005103E-16
5618.39511108868  1.043864E-16
5623.91167450422  1.114810E-16
5629.42823791975  1.050802E-16
5634.94480133528  1.007592E-16
5640.46136475081  1.030224E-16
5645.97792816634  1.016000E-16
5651.49449158186  1.017435E-16
5657.0110549974  1.033889E-16
5662.52761841293  1.017363E-16
5668.04418182846  1.016738E-16
5673.56074524399  9.336620E-17
5679.07730865951  9.496839E-17
5684.59387207505  1.023249E-16
5690.11043549058  9.746837E-17
5695.62699890611  9.683420E-17
5701.14356232163  9.577037E-17
5706.66012573716  9.818480E-17
5712.1766891527  9.181833E-17
5717.69325256823  9.194044E-17
5723.20981598376  9.181002E-17
5728.72637939929  9.160977E-17
5734.24294281482  8.887397E-17
5739.75950623034  9.414596E-17
5745.27606964588  9.005364E-17
5750.7926330614  9.133663E-17
5756.30919647694  8.491857E-17
5761.82575989247  8.639518E-17
5767.342323308  8.412148E-17
5772.85888672352  8.872313E-17
5778.37545013906  8.679603E-17
5783.89201355459  9.064376E-17
5789.40857697012  9.211990E-17
5794.92514038565  9.243815E-17
5800.44170380118  9.174579E-17
5805.95826721671  9.414628E-17
5811.47483063224  8.928929E-17
5816.99139404777  8.504115E-17
5822.50795746329  8.853426E-17
5828.02452087883  9.277222E-17
5833.54108429436  9.041038E-17
5839.05764770989  9.098804E-17
5844.57421112542  9.180620E-17
5850.09077454095  9.147953E-17
5855.60733795648  9.181063E-17
5861.12390137201  8.737376E-17
5866.64046478754  8.740674E-17
5872.15702820307  9.540293E-17
5877.6735916186  9.152953E-17
5883.19015503413  9.070898E-17
5888.70671844966  9.550165E-17
5894.22328186519  1.010789E-16
5899.73984528072  9.881848E-17
5905.25640869624  9.922996E-17
5910.77297211178  1.024181E-16
5916.28953552731  1.010171E-16
5921.80609894284  9.919762E-17
5927.32266235837  9.902073E-17
5932.8392257739  9.734252E-17
5938.35578918942  9.907066E-17
5943.87235260496  1.028352E-16
5949.38891602049  1.021021E-16
5954.90547943602  9.725374E-17
5960.42204285155  1.035764E-16
5965.93860626708  1.075646E-16
5971.45516968261  1.080290E-16
5976.97173309814  1.078397E-16
5982.48829651367  1.076059E-16
5988.00485992919  1.083162E-16
5993.52142334473  1.094413E-16
5999.03798676026  1.127781E-16
6004.55455017578  1.079862E-16
6010.07111359132  1.058410E-16
6015.58767700684  1.078390E-16
6021.10424042238  1.152835E-16
6026.62080383791  1.145952E-16
6032.13736725344  1.095919E-16
6037.65393066897  1.151109E-16
6043.1704940845  1.178531E-16
6048.68705750003  1.186307E-16
6054.20362091556  1.264798E-16
6059.72018433109  1.224959E-16
6065.23674774662  1.149859E-16
6070.75331116215  1.290943E-16
6076.26987457768  1.175336E-16
6081.78643799321  1.152249E-16
6087.30300140874  1.175057E-16
6092.81956482427  1.229387E-16
6098.3361282398  1.172151E-16
6103.85269165533  1.219131E-16
6109.36925507086  1.197528E-16
6114.88581848639  1.139085E-16
6120.40238190192  1.128908E-16
6125.91894531745  1.182275E-16
6131.43550873298  1.157710E-16
6136.95207214851  1.122247E-16
6142.46863556403  1.129073E-16
6147.98519897957  1.108958E-16
6153.5017623951  1.203228E-16
6159.01832581063  1.195766E-16
6164.53488922616  1.186137E-16
6170.05145264169  1.193943E-16
6175.56801605722  1.219904E-16
6181.08457947275  1.164790E-16
6186.60114288828  1.277355E-16
6192.1177063038  1.210622E-16
6197.63426971934  1.244924E-16
6203.15083313487  1.263791E-16
6208.6673965504  1.264906E-16
6214.18395996593  1.296706E-16
6219.70052338146  1.261275E-16
6225.21708679699  1.282536E-16
6230.73365021252  1.215751E-16
6236.25021362805  1.232299E-16
6241.76677704358  1.267007E-16
6247.28334045911  1.321534E-16
6252.79990387464  1.294193E-16
6258.31646729017  1.249880E-16
6263.8330307057  1.326463E-16
6269.34959412123  1.288953E-16
6274.86615753676  1.208875E-16
6280.38272095229  1.228179E-16
6285.89928436782  1.251338E-16
6291.41584778335  1.211960E-16
6296.93241119888  1.147964E-16
6302.44897461441  1.180972E-16
6307.96553802994  1.201793E-16
6313.48210144547  1.200405E-16
6318.998664861  1.158612E-16
6324.51522827653  1.194709E-16
6330.03179169206  1.241032E-16
6335.54835510759  1.200033E-16
6341.06491852312  1.217296E-16
6346.58148193865  1.268970E-16
6352.09804535418  1.178071E-16
6357.61460876971  1.205740E-16
6363.13117218524  1.234284E-16
6368.64773560077  1.212563E-16
6374.1642990163  1.212391E-16
6379.68086243183  1.214929E-16
6385.19742584736  1.229709E-16
6390.71398926289  1.210188E-16
6396.23055267842  1.155056E-16
6401.74711609395  1.206927E-16
6407.26367950948  1.229228E-16
6412.78024292501  1.171470E-16
6418.29680634054  1.240176E-16
6423.81336975607  1.152847E-16
6429.3299331716  1.168837E-16
6434.84649658713  1.221509E-16
6440.36306000266  1.279289E-16
6445.87962341819  1.158320E-16
6451.39618683371  1.147241E-16
6456.91275024925  1.154762E-16
6462.42931366478  1.140683E-16
6467.94587708031  1.101039E-16
6473.46244049584  1.076982E-16
6478.97900391137  1.107176E-16
6484.4955673269  1.049798E-16
6490.01213074243  1.019479E-16
6495.52869415796  1.020500E-16
6501.04525757349  1.009175E-16
6506.56182098902  1.027763E-16
6512.07838440455  1.027256E-16
6517.59494782008  1.020297E-16
6523.11151123561  1.007062E-16
6528.62807465114  1.026883E-16
6534.14463806667  1.011353E-16
6539.6612014822  9.685022E-17
6545.17776489773  9.951218E-17
6550.69432831326  9.936669E-17
6556.21089172879  9.976396E-17
6561.72745514432  9.331053E-17
6567.24401855985  9.213500E-17
6572.76058197538  9.880497E-17
6578.27714539091  9.560413E-17
6583.79370880644  9.300804E-17
6589.31027222197  9.383923E-17
6594.8268356375  9.325707E-17
6600.34339905303  9.615058E-17
6605.85996246856  9.242520E-17
6611.37652588409  8.867416E-17
6616.89308929962  9.071105E-17
6622.40965271515  8.949712E-17
6627.92621613068  9.377884E-17
6633.44277954621  8.771725E-17
6638.95934296174  9.361204E-17
6644.47590637727  9.445147E-17
6649.9924697928  8.906958E-17
6655.50903320833  8.602362E-17
6661.02559662386  9.030145E-17
6666.54216003939  8.622392E-17
6672.05872345492  8.840795E-17
6677.57528687045  8.860797E-17
6683.09185028598  8.124570E-17
6688.60841370151  8.283681E-17
6694.12497711704  8.667639E-17
6699.64154053257  8.435980E-17
6705.1581039481  8.454632E-17
6710.67466736363  8.812015E-17
6716.19123077916  8.453221E-17
6721.70779419469  8.316683E-17
6727.22435761022  8.723735E-17
6732.74092102575  8.850704E-17
6738.25748444128  8.641232E-17
6743.77404785681  8.710533E-17
6749.29061127234  8.449650E-17
6754.80717468787  8.209317E-17
6760.3237381034  8.790239E-17
6765.84030151893  8.137296E-17
6771.35686493446  8.106118E-17
6776.87342834999  8.305130E-17
6782.38999176552  8.056135E-17
6787.90655518105  8.091263E-17
6793.42311859658  8.033599E-17
6798.93968201211  7.925353E-17
6804.45624542764  8.111664E-17
6809.97280884317  7.454550E-17
6815.4893722587  7.654025E-17
6821.00593567423  7.691704E-17
6826.52249908976  7.762200E-17
6832.03906250529  8.115981E-17
6837.55562592082  8.291351E-17
6843.07218933635  8.119338E-17
6848.58875275188  7.682159E-17
6854.10531616741  7.808350E-17
6859.62187958294  7.844053E-17
6865.13844299847  7.887031E-17
6870.655006414  7.537317E-17
6876.17156982953  6.736638E-17
6881.68813324505  7.242084E-17
6887.20469666059  7.992524E-17
6892.72126007612  7.552990E-17
6898.23782349165  7.029749E-17
6903.75438690718  7.191889E-17
6909.27095032271  7.336635E-17
6914.78751373824  7.723827E-17
6920.30407715377  7.473183E-17
6925.8206405693  7.660455E-17
6931.33720398483  7.657756E-17
6936.85376740036  7.613785E-17
6942.37033081589  7.367158E-17
6947.88689423142  7.596421E-17
6953.40345764695  7.524284E-17
6958.92002106248  7.677270E-17
6964.43658447801  7.569683E-17
6969.95314789354  7.202755E-17
6975.46971130907  7.801516E-17
6980.9862747246  7.606533E-17
6986.50283814013  7.691675E-17
6992.01940155566  7.469641E-17
6997.53596497119  7.395451E-17
7003.05252838672  7.585603E-17
7008.56909180225  8.016656E-17
7014.08565521778  7.986866E-17
7019.60221863331  7.649333E-17
7025.11878204884  7.592537E-17
7030.63534546437  7.418252E-17
7036.1519088799  7.274847E-17
7041.66847229543  7.750497E-17
7047.18503571096  7.398344E-17
7052.70159912649  7.368604E-17
7058.21816254202  7.377020E-17
7063.73472595755  7.000248E-17
7069.25128937308  7.684064E-17
7074.76785278861  7.267383E-17
7080.28441620414  6.753632E-17
7085.80097961967  6.964112E-17
7091.3175430352  7.616898E-17
7096.83410645073  7.067702E-17
7102.35066986626  6.901478E-17
7107.86723328179  6.696660E-17
7113.38379669732  6.770129E-17
7118.90036011285  7.207326E-17
7124.41692352838  7.460579E-17
7129.93348694391  7.203503E-17
7135.45005035944  6.685886E-17
7140.96661377497  6.743464E-17
7146.4831771905  7.380201E-17
7151.99974060603  7.229316E-17
7157.51630402156  6.756629E-17
7163.03286743709  6.687846E-17
7168.54943085262  6.872619E-17
7174.06599426815  6.649027E-17
7179.58255768368  6.697592E-17
7185.09912109921  6.761736E-17
7190.61568451474  7.067814E-17
7196.13224793027  7.833371E-17
7201.6488113458  7.356122E-17
7207.16537476133  6.821400E-17
7212.68193817686  7.558121E-17
7218.19850159239  7.395009E-17
7223.71506500792  7.366297E-17
7229.23162842345  7.856404E-17
7234.74819183898  7.464420E-17
7240.26475525451  7.599776E-17
7245.78131867004  7.041736E-17
7251.29788208557  7.877416E-17
7256.8144455011  7.724045E-17
7262.33100891663  7.986073E-17
7267.84757233216  7.561872E-17
7273.36413574769  8.156860E-17
7278.88069916322  8.450897E-17
7284.39726257875  8.736386E-17
7289.91382599428  7.370268E-17
7295.43038940981  7.611373E-17
7300.94695282534  7.708420E-17
7306.46351624087  8.039156E-17
7311.9800796564  8.467802E-17
7317.49664307193  7.727360E-17
7323.01320648746  7.852594E-17
7328.52976990299  8.529711E-17
7334.04633331852  8.490182E-17
7339.56289673405  8.399761E-17
7345.07946014958  8.516161E-17
7350.59602356511  8.615310E-17
7356.11258698064  8.293159E-17
7361.62915039617  8.274061E-17
7367.1457138117  8.578625E-17
7372.66227722723  8.656063E-17
7378.17884064276  7.843545E-17
7383.69540405829  7.906585E-17
7389.21196747382  8.803268E-17
7394.72853088935  8.959259E-17
7400.24509430488  8.464827E-17
7405.76165772041  7.906461E-17
7411.27822113594  7.966333E-17
7416.79478455147  8.681387E-17
7422.311347967  8.967387E-17
7427.82791138253  8.526512E-17
7433.34447479806  9.016867E-17
7438.86103821359  8.307399E-17
7444.37760162912  8.331910E-17
7449.89416504465  8.975571E-17
7455.41072846018  8.613212E-17
7460.92729187571  8.461850E-17
7466.44385529124  7.999457E-17
7471.96041870677  8.395027E-17
7477.4769821223  8.841813E-17
7482.99354553783  8.836725E-17
7488.51010895336  8.810545E-17
7494.02667236889  8.747172E-17
7499.54323578442  8.680474E-17
7505.05979919995  8.180170E-17
7510.57636261548  8.416943E-17
7516.09292603101  9.459137E-17
7521.60948944654  9.204735E-17
7527.12605286207  8.452944E-17
7532.6426162776  8.461050E-17
7538.15917969313  8.738494E-17
7543.67574310866  8.995293E-17
7549.19230652419  9.265994E-17
7554.70886993972  1.021216E-16
7560.22543335525  8.915272E-17
7565.74199677078  8.968904E-17
7571.25856018631  8.438220E-17
7576.77512360184  8.698498E-17
7582.29168701737  9.090680E-17
7587.8082504329  9.929051E-17
7593.32481384843  1.155444E-16
7598.84137726396  1.041191E-16
7604.35794067949  7.422276E-17
7609.87450409502  6.357267E-17
7615.39106751055  7.977404E-17
7620.90763092608  8.420015E-17
7626.42419434161  7.254956E-17
7631.94075775714  7.037788E-17
7637.45732117267  6.981662E-17
7642.9738845882  6.813857E-17
7648.49044800373  7.227518E-17
7654.00701141926  8.081314E-17
7659.52357483479  8.168409E-17
7665.04013825032  7.743473E-17
7670.55670166585  7.343666E-17
7676.07326508138  7.714397E-17
7681.58982849691  8.226291E-17
7687.10639191244  8.572965E-17
7692.62295532797  8.669125E-17
7698.1395187435  8.066968E-17
7703.65608215903  7.845929E-17
7709.17264557456  7.216136E-17
7714.68920899009  8.420548E-17
7720.20577240562  9.064164E-17
7725.72233582115  9.049928E-17
7731.23889923668  7.388314E-17
7736.75546265221  7.227316E-17
7742.27202606774  7.282089E-17
7747.78858948327  7.731558E-17
7753.3051528988  8.652140E-17
7758.82171631433  7.611404E-17
7764.33827972986  7.110333E-17
7769.85484314539  6.605635E-17
7775.37140656092  6.176105E-17
7780.88796997645  6.934903E-17
7786.40453339198  7.204711E-17
7791.92109680751  7.835783E-17
7797.43766022304  8.078049E-17
7802.95422363857  7.465328E-17
7808.4707870541  6.685153E-17
7813.98735046963  6.544232E-17
7819.50391388516  7.299421E-17
7825.02047730069  7.149437E-17
7830.53704071622  7.092809E-17
7836.05360413175  7.130743E-17
7841.57016754728  6.428970E-17
7847.08673096281  6.011709E-17
7852.60329437834  6.160168E-17
7858.11985779387  6.677104E-17
7863.6364212094  7.182998E-17
7869.15298462493  7.900243E-17
7874.66954804046  5.882157E-17
7880.18611145599  5.990437E-17
7885.70267487152  7.017088E-17
7891.21923828705  6.952913E-17
7896.73580170258  7.263459E-17
7902.25236511811  7.143017E-17
7907.76892853364  6.703663E-17
7913.28549194917  6.752565E-17
7918.8020553647  6.137973E-17
7924.31861878023  6.626440E-17
7929.83518219576  6.830739E-17
7935.35174561129  7.272041E-17
7940.86830902682  6.308514E-17
7946.38487244235  6.373792E-17
7951.90143585788  6.455014E-17
7957.41799927341  6.213320E-17
7962.93456268894  6.942210E-17
7968.45112610447  7.037692E-17
7973.96768952  6.400161E-17
7979.48425293553  6.283736E-17
7985.00081635106  5.228216E-17
7990.51737976659  5.955286E-17
7996.03394318212  5.985110E-17
8001.55050659765  7.152166E-17
8007.06707001318  6.835279E-17
8012.58363342871  6.478394E-17
8018.10019684424  6.037902E-17
8023.61676025977  5.922769E-17
8029.1333236753  5.634087E-17
8034.64988709083  6.254309E-17
8040.16645050636  6.000022E-17
8045.68301392189  5.990511E-17
8051.19957733742  6.145821E-17
8056.71614075295  5.744161E-17
8062.23270416848  6.073568E-17
8067.74926758401  6.248857E-17
8073.26583099954  6.222946E-17
8078.78239441507  5.927612E-17
8084.2989578306  6.361577E-17
8089.81552124613  6.222910E-17
8095.33208466166  5.576518E-17
8100.84864807719  6.209839E-17
8106.36521149272  5.588140E-17
8111.88177490825  6.743350E-17
8117.39833832378  6.284712E-17
8122.91490173931  6.083332E-17
8128.43146515484  5.206416E-17
8133.94802857037  5.432553E-17
8139.4645919859  5.863891E-17
8144.98115540143  6.660970E-17
8150.49771881696  6.371658E-17
8156.01428223249  5.895357E-17
8161.53084564802  5.952149E-17
8167.04740906355  5.922529E-17
8172.56397247908  5.973605E-17
8178.08053589461  6.414512E-17
8183.59709931014  6.449529E-17
8189.11366272567  5.988899E-17
8194.6302261412  5.481153E-17
8200.14678955673  5.617329E-17
8205.66335297226  5.736737E-17
8211.17991638779  6.151539E-17
8216.69647980332  6.728912E-17
8222.21304321885  7.046092E-17
8227.72960663438  6.403845E-17
8233.24617004991  6.234922E-17
8238.76273346544  5.963590E-17
8244.27929688097  6.343418E-17
8249.7958602965  5.763659E-17
8255.31242371203  6.223779E-17
8260.82898712756  7.103830E-17
8266.34555054309  6.105916E-17
8271.86211395862  5.888726E-17
8277.37867737415  5.481419E-17
8282.89524078968  5.417445E-17
8288.41180420521  6.164198E-17
8293.92836762074  6.878146E-17
8299.44493103627  7.357018E-17
8304.9614944518  6.199734E-17
8310.47805786733  6.358938E-17
8315.99462128286  6.049282E-17
8321.51118469839  5.574422E-17
8327.02774811392  6.076230E-17
8332.54431152945  6.354078E-17
8338.06087494498  5.847954E-17
8343.57743836051  5.870090E-17
8349.09400177604  5.222840E-17
8354.61056519157  5.376320E-17
8360.1271286071  5.993851E-17
8365.64369202263  6.591802E-17
8371.16025543816  6.512789E-17
8376.67681885369  6.445131E-17
8382.19338226922  5.607341E-17
8387.70994568475  5.977609E-17
8393.22650910028  6.135308E-17
8398.74307251581  6.987645E-17
8404.25963593134  6.468840E-17
8409.77619934687  5.641653E-17
8415.2927627624  6.602922E-17
8420.80932617793  5.563418E-17
8426.32588959346  5.162322E-17
8431.84245300899  6.568465E-17
8437.35901642452  6.616144E-17
8442.87557984005  6.563600E-17
8448.39214325558  6.255462E-17
8453.90870667111  6.113784E-17
8459.42527008664  5.360485E-17
8464.94183350217  5.937779E-17
8470.4583969177  6.190809E-17
8475.97496033323  6.343606E-17
8481.49152374876  6.649377E-17
8487.00808716429  6.725177E-17
8492.52465057982  6.019117E-17
8498.04121399535  5.141596E-17
8503.55777741088  5.830803E-17
8509.07434082641  5.624458E-17
8514.59090424194  6.036941E-17
8520.10746765747  6.324919E-17
8525.624031073  5.377428E-17
8531.14059448853  5.603395E-17
8536.65715790406  5.560275E-17
8542.17372131959  4.462067E-17
8547.69028473512  4.872087E-17
8553.20684815065  5.855392E-17
8558.72341156618  5.213978E-17
8564.23997498171  5.338736E-17
8569.75653839724  5.718500E-17
8575.27310181277  4.605625E-17
8580.7896652283  4.467333E-17
8586.30622864383  5.168779E-17
8591.82279205936  5.272805E-17
8597.33935547489  5.161624E-17
8602.85591889042  4.990509E-17
8608.37248230595  4.198878E-17
8613.88904572148  3.804867E-17
8619.40560913701  4.455897E-17
8624.92217255254  4.619949E-17
8630.43873596807  4.284566E-17
8635.9552993836  4.170962E-17
8641.47186279913  5.049900E-17
8646.98842621466  4.499503E-17
8652.50498963019  3.089783E-17
8658.02155304572  3.988740E-17
8663.53811646125  3.826019E-17
8669.05467987678  3.975599E-17
8674.57124329231  4.340658E-17
8680.08780670784  4.463461E-17
8685.60437012337  3.989035E-17
8691.1209335389  4.227441E-17
8696.63749695443  4.649642E-17
8702.15406036996  5.464065E-17
8707.67062378549  5.640224E-17
8713.18718720102  5.172650E-17
8718.70375061655  5.234489E-17
8724.22031403208  5.177040E-17
8729.73687744761  4.506250E-17
8735.25344086314  4.933366E-17
8740.77000427867  4.795745E-17
8746.2865676942  6.054459E-17
8751.80313110973  6.033275E-17
8757.31969452526  4.804289E-17
8762.83625794079  4.277378E-17
8768.35282135632  4.985190E-17
8773.86938477185  3.997479E-17
8779.38594818738  4.556842E-17
8784.90251160291  5.910768E-17
8790.41907501844  5.436370E-17
8795.93563843397  4.805630E-17
8801.4522018495  5.047862E-17
8806.96876526503  4.845561E-17
8812.48532868056  5.401104E-17
8818.00189209609  6.001909E-17
8823.51845551162  6.388943E-17
8829.03501892715  7.634498E-17
8834.55158234268  5.345661E-17
8840.06814575821  4.964872E-17
8845.58470917374  4.587805E-17
8851.10127258927  6.085099E-17
8856.6178360048  5.877294E-17
8862.13439942033  6.317753E-17
8867.65096283586  6.558283E-17
8873.16752625139  5.516629E-17
8878.68408966692  4.280056E-17
8884.20065308245  5.152446E-17
8889.71721649798  5.286314E-17
8895.23377991351  6.465412E-17
8900.75034332904  6.220379E-17
8906.26690674457  6.188423E-17
8911.7834701601  5.872189E-17
8917.30003357563  5.306723E-17
8922.81659699116  6.635808E-17
8928.33316040669  7.050010E-17
8933.84972382222  7.245778E-17
8939.36628723775  6.768601E-17
8944.88285065328  5.477670E-17
8950.39941406881  4.585290E-17
8955.91597748434  5.920410E-17
8961.43254089987  6.888308E-17
8966.9491043154  5.993896E-17
8972.46566773093  5.609298E-17
8977.98223114646  5.954362E-17
8983.49879456199  5.924840E-17
8989.01535797752  5.709299E-17
8994.53192139305  6.419800E-17
9000.04848480858  6.638744E-17
9005.56504822411  7.491312E-17
9011.08161163964  6.743679E-17
9016.59817505517  5.532365E-17
9022.1147384707  6.018929E-17
9027.63130188623  7.733436E-17
9033.14786530176  6.982625E-17
9038.66442871729  5.538417E-17
9044.18099213282  6.095984E-17
9049.69755554835  4.869538E-17
9055.21411896388  6.758200E-17
9060.73068237941  5.042035E-17
9066.24724579494  6.667973E-17
9071.76380921047  5.976801E-17
9077.280372626  4.901014E-17
9082.79693604153  6.382303E-17
9088.31349945706  4.795068E-17
9093.83006287259  7.013220E-17
9099.34662628812  6.363032E-17
9104.86318970365  6.626043E-17
9110.37975311918  5.361952E-17
9115.89631653471  5.907216E-17
9121.41287995024  6.694748E-17
9126.92944336577  6.750101E-17
9132.4460067813  6.046360E-17
9137.96257019683  5.095839E-17
9143.47913361236  5.040162E-17
9148.99569702789  5.631766E-17
9154.51226044342  6.005653E-17
9160.02882385895  6.411283E-17
9165.54538727448  5.877826E-17
9171.06195069001  4.463026E-17
9176.57851410554  4.535765E-17
9182.09507752107  6.098461E-17
9187.6116409366  6.250956E-17
9193.12820435213  4.848797E-17
9198.64476776766  4.631506E-17
9204.16133118319  4.229951E-17
9209.67789459872  4.159989E-17
9215.19445801425  5.392959E-17
9220.71102142978  4.778501E-17
9226.22758484531  5.234057E-17
9231.74414826084  4.236195E-17
9237.26071167637  3.856727E-17
9242.7772750919  5.625070E-17
9248.29383850743  4.031059E-17
