3650.15991211  -8.698069E-18
3655.67827749315  5.617059E-18
3661.1966428763  -5.503431E-19
3666.71500825945  -5.289806E-18
3672.2333736426  7.077033E-18
3677.75173902575  -7.834928E-19
3683.2701044089  6.560368E-18
3688.78846979205  2.359667E-17
3694.3068351752  -1.256702E-17
3699.82520055835  -6.452157E-18
3705.3435659415  2.159409E-18
3710.86193132465  -6.947628E-18
3716.3802967078  4.027554E-17
3721.89866209095  2.957548E-17
3727.4170274741  -8.866115E-19
3732.93539285725  1.974498E-19
3738.4537582404  -1.475070E-17
3743.97212362355  -2.003003E-17
3749.4904890067  1.508192E-17
3755.00885438985  7.676831E-19
3760.527219773  -8.301572E-19
3766.04558515615  2.155422E-17
3771.5639505393  2.975134E-17
3777.08231592245  -1.036996E-17
3782.6006813056  -8.817255E-18
3788.11904668875  2.155158E-17
3793.6374120719  -1.228577E-17
3799.15577745505  3.952068E-17
3804.6741428382  -1.167061E-17
3810.19250822135  4.987081E-18
3815.7108736045  7.513560E-18
3821.22923898765  -2.933175E-19
3826.7476043708  3.423715E-17
3832.26596975395  2.178894E-17
3837.7843351371  1.207398E-17
3843.30270052025  -5.068534E-18
3848.8210659034  3.870129E-18
3854.33943128655  1.240649E-17
3859.8577966697  1.654537E-17
3865.37616205285  2.124578E-17
3870.894527436  1.340079E-17
3876.41289281915  2.413340E-17
3881.9312582023  -1.819094E-18
3887.44962358545  -1.355369E-18
3892.9679889686  7.390985E-18
3898.48635435175  1.124866E-17
3904.0047197349  1.531015E-17
3909.52308511805  1.254434E-17
3915.0414505012  -3.873171E-18
3920.55981588435  1.074039E-17
3926.0781812675  5.325171E-18
3931.59654665065  -2.778309E-18
3937.1149120338  -9.257223E-18
3942.63327741695  1.551155E-17
3948.1516428001  1.402502E-17
3953.67000818325  7.960469E-18
3959.1883735664  1.734310E-17
3964.70673894955  1.674326E-17
3970.2251043327  -3.388526E-18
3975.74346971585  2.480657E-18
3981.261835099  2.170540E-17
3986.78020048215  2.047612E-17
3992.2985658653  1.755933E-17
3997.81693124845  -4.460255E-18
4003.3352966316  1.197570E-17
4008.85366201475  1.390773E-17
4014.3720273979  4.161088E-18
4019.89039278105  1.326536E-17
4025.4087581642  5.061098E-18
4030.92712354735  -1.008298E-17
4036.4454889305  2.402880E-19
4041.96385431365  1.575074E-17
4047.4822196968  7.887521E-18
4053.00058507995  6.038789E-18
4058.5189504631  6.303649E-18
4064.03731584625  6.448884E-18
4069.5556812294  4.329667E-18
4075.07404661255  -9.049642E-19
4080.5924119957  1.963622E-17
4086.11077737885  2.526956E-18
4091.629142762  1.547212E-17
4097.14750814515  4.785927E-18
4102.6658735283  1.002647E-17
4108.18423891145  2.909085E-18
4113.7026042946  -1.721487E-17
4119.22096967775  -6.274598E-18
4124.7393350609  2.417351E-18
4130.25770044405  7.962696E-20
4135.7760658272  -2.113433E-18
4141.29443121035  5.490486E-18
4146.8127965935  1.067185E-17
4152.33116197665  1.656548E-17
4157.8495273598  9.803123E-18
4163.36789274295  8.537810E-18
4168.8862581261  5.692492E-18
4174.40462350925  1.711438E-18
4179.9229888924  3.013208E-18
4185.44135427555  8.517767E-18
4190.9597196587  3.220343E-19
4196.47808504185  1.935052E-17
4201.996450425  4.804015E-18
4207.51481580815  -7.033660E-18
4213.0331811913  5.309424E-18
4218.55154657445  4.829753E-18
4224.0699119576  -8.664941E-18
4229.58827734075  -8.703067E-18
4235.1066427239  2.256351E-18
4240.62500810705  8.004447E-18
4246.1433734902  8.447762E-18
4251.66173887335  7.471699E-18
4257.1801042565  9.606101E-18
4262.69846963965  1.291292E-17
4268.2168350228  2.755199E-19
4273.73520040595  -1.947248E-18
4279.2535657891  1.251821E-17
4284.77193117225  1.135863E-17
4290.2902965554  8.469382E-18
4295.80866193855  1.474232E-17
4301.3270273217  9.344661E-18
4306.84539270485  9.614390E-18
4312.363758088  1.021274E-17
4317.88212347115  1.967122E-18
4323.4004888543  5.714536E-18
4328.91885423745  6.759540E-18
4334.4372196206  1.357169E-19
4339.95558500375  3.506693E-18
4345.4739503869  1.985004E-17
4350.99231577005  1.203257E-17
4356.5106811532  2.886720E-18
4362.02904653635  1.117754E-17
4367.5474119195  5.052115E-18
4373.06577730265  1.203357E-17
4378.5841426858  2.606715E-18
4384.10250806895  1.487047E-17
4389.6208734521  1.492002E-17
4395.13923883525  1.375501E-17
4400.6576042184  5.718297E-18
4406.17596960155  1.012393E-17
4411.6943349847  6.382111E-18
4417.21270036785  1.211244E-18
4422.731065751  -6.976040E-19
4428.24943113415  6.301712E-18
4433.7677965173  9.977367E-18
4439.28616190045  1.472148E-17
4444.8045272836  -1.597655E-18
4450.32289266675  -3.599698E-18
4455.8412580499  1.017043E-17
4461.35962343305  -1.435371E-18
4466.8779888162  9.423792E-18
4472.39635419935  7.013526E-18
4477.9147195825  6.772508E-19
4483.43308496565  3.957401E-18
4488.9514503488  9.478110E-18
4494.46981573195  2.940189E-18
4499.9881811151  1.159599E-17
4505.50654649825  1.993697E-17
4511.0249118814  1.338183E-17
4516.54327726455  6.365718E-18
4522.0616426477  2.113968E-17
4527.58000803085  2.628960E-17
4533.098373414  1.374358E-17
4538.61673879715  2.159384E-17
4544.1351041803  1.323667E-17
4549.65346956345  1.599524E-17
4555.1718349466  2.420992E-17
4560.69020032975  1.034619E-17
4566.2085657129  1.657514E-17
4571.72693109605  1.877356E-17
4577.2452964792  1.762344E-17
4582.76366186235  1.603571E-17
4588.2820272455  1.840105E-17
4593.80039262865  2.162290E-17
4599.3187580118  1.802756E-17
4604.83712339495  9.364488E-18
4610.3554887781  1.120399E-17
4615.87385416125  1.449292E-17
4621.3922195444  2.423523E-17
4626.91058492755  1.623649E-17
4632.4289503107  1.595141E-17
4637.94731569385  1.878199E-17
4643.465681077  2.127769E-17
4648.98404646015  1.704961E-17
4654.5024118433  2.281616E-17
4660.02077722645  2.015038E-17
4665.5391426096  1.682732E-17
4671.05750799275  1.396730E-17
4676.5758733759  3.245310E-17
4682.09423875905  1.314191E-17
4687.6126041422  9.333180E-18
4693.13096952535  2.441633E-17
4698.6493349085  7.423774E-18
4704.16770029165  1.424846E-17
4709.6860656748  1.138460E-17
4715.20443105795  1.002033E-17
4720.7227964411  1.317802E-17
4726.24116182425  1.733660E-17
4731.7595272074  9.084097E-18
4737.27789259055  2.253939E-17
4742.7962579737  2.231805E-17
4748.31462335685  6.602850E-18
4753.83298874  8.224187E-18
4759.35135412315  1.533703E-17
4764.8697195063  1.808246E-17
4770.38808488945  2.785946E-18
4775.9064502726  3.331245E-18
4781.42481565575  7.746163E-18
4786.9431810389  1.187954E-17
4792.46154642205  9.687030E-18
4797.9799118052  2.005733E-17
4803.49827718835  4.404957E-18
4809.0166425715  1.831698E-17
4814.53500795465  -4.998177E-19
4820.0533733378  1.106546E-17
4825.57173872096  1.402064E-17
4831.0901041041  -5.415448E-18
4836.60846948725  2.076962E-17
4842.1268348704  1.406597E-17
4847.64520025355  1.657401E-17
4853.1635656367  1.622813E-17
4858.68193101985  9.108148E-18
4864.200296403  9.285099E-18
4869.71866178615  1.644987E-17
4875.2370271693  1.831282E-17
4880.75539255245  1.107886E-17
4886.2737579356  6.789179E-19
4891.79212331875  1.024865E-17
4897.3104887019  1.813834E-17
4902.82885408505  2.390450E-17
4908.3472194682  1.595229E-17
4913.86558485135  1.308778E-17
4919.3839502345  4.967328E-18
4924.90231561765  1.264208E-17
4930.4206810008  1.240399E-17
4935.93904638396  7.377270E-18
4941.4574117671  9.283002E-18
4946.97577715025  -4.273450E-19
4952.4941425334  4.094239E-18
4958.01250791655  2.080887E-17
4963.53087329971  2.035932E-17
4969.04923868286  9.817202E-18
4974.56760406601  1.171977E-17
4980.08596944915  2.229133E-18
4985.6043348323  9.660556E-18
4991.12270021545  1.475786E-17
4996.6410655986  1.908663E-17
5002.15943098175  2.512127E-17
5007.67779636491  1.108933E-17
5013.19616174805  1.944013E-17
5018.71452713121  7.695801E-18
5024.23289251435  1.024879E-17
5029.75125789751  6.921968E-18
5035.26962328065  2.060947E-17
5040.7879886638  1.535208E-17
5046.30635404696  1.388589E-17
5051.82471943011  2.220968E-18
5057.34308481326  1.253982E-17
5062.8614501964  2.094930E-17
5068.37981557955  1.680528E-17
5073.89818096271  1.221429E-17
5079.41654634586  1.703379E-17
5084.93491172901  2.320986E-17
5090.45327711216  8.425634E-18
5095.97164249531  1.338192E-17
5101.49000787846  6.266612E-18
5107.00837326161  1.097298E-17
5112.52673864476  1.374473E-17
5118.04510402791  1.848949E-17
5123.56346941106  1.268436E-17
5129.0818347942  1.598064E-17
5134.60020017736  2.287876E-17
5140.1185655605  2.323127E-17
5145.63693094365  7.349526E-18
5151.1552963268  1.093939E-17
5156.67366170996  1.305901E-17
5162.19202709311  6.538802E-18
5167.71039247625  1.916920E-17
5173.2287578594  1.796953E-17
5178.74712324255  2.475529E-17
5184.2654886257  2.073272E-17
5189.78385400885  2.324684E-17
5195.302219392  2.430857E-17
5200.82058477516  2.459654E-17
5206.3389501583  1.996178E-17
5211.85731554145  2.811688E-17
5217.3756809246  1.785814E-17
5222.89404630775  1.946499E-17
5228.4124116909  2.354657E-17
5233.93077707405  2.906074E-17
5239.44914245721  3.242016E-17
5244.96750784035  2.966257E-17
5250.4858732235  3.181079E-17
5256.00423860665  1.864030E-17
5261.52260398981  2.372208E-17
5267.04096937295  2.940680E-17
5272.5593347561  3.235714E-17
5278.07770013926  4.481912E-17
5283.5960655224  2.245332E-17
5289.11443090556  2.208488E-17
5294.6327962887  3.377054E-17
5300.15116167185  3.157227E-17
5305.669527055  3.342879E-17
5311.18789243815  2.317410E-17
5316.70625782131  2.137696E-17
5322.22462320445  2.156939E-17
5327.7429885876  2.410830E-17
5333.26135397075  2.468984E-17
5338.77971935391  2.124774E-17
5344.29808473705  1.782506E-17
5349.8164501202  2.555172E-17
5355.33481550335  2.263518E-17
5360.8531808865  2.719818E-17
5366.37154626966  1.370987E-17
5371.8899116528  1.912790E-17
5377.40827703595  2.206189E-17
5382.9266424191  2.604886E-17
5388.44500780225  1.998578E-17
5393.9633731854  1.947728E-17
5399.48173856855  2.373206E-17
5405.00010395171  1.648179E-17
5410.51846933485  1.671370E-17
5416.03683471801  1.490551E-17
5421.55520010116  2.367527E-17
5427.07356548431  2.512678E-17
5432.59193086745  1.652114E-17
5438.1102962506  2.900809E-17
5443.62866163376  2.858400E-17
5449.1470270169  2.563770E-17
5454.66539240005  2.549397E-17
5460.1837577832  3.152441E-17
5465.70212316635  2.370898E-17
5471.2204885495  2.807479E-17
5476.73885393265  3.079678E-17
5482.25721931581  1.811260E-17
5487.77558469895  1.871883E-17
5493.29395008211  3.487962E-17
5498.81231546525  1.992152E-17
5504.33068084841  7.257319E-18
5509.84904623155  1.652786E-17
5515.3674116147  1.666747E-17
5520.88577699786  4.654650E-18
5526.404142381  2.177100E-17
5531.92250776416  1.993322E-17
5537.44087314731  2.727682E-17
5542.95923853046  2.136339E-17
5548.4776039136  1.597134E-17
5553.99596929675  1.210681E-17
5559.51433467991  2.893242E-17
5565.03270006306  -4.233374E-18
5570.55106544621  5.508355E-18
5576.06943082936  5.666537E-17
5581.5877962125  2.049367E-17
5587.10616159565  3.404112E-17
5592.6245269788  1.688901E-17
5598.14289236196  2.290321E-17
5603.6612577451  2.415049E-17
5609.17962312825  1.747464E-17
5614.69798851141  2.171205E-17
5620.21635389456  1.853564E-17
5625.7347192777  2.177709E-17
5631.25308466085  1.382293E-17
5636.77145004401  1.766855E-17
5642.28981542716  2.416548E-17
5647.80818081031  2.559937E-17
5653.32654619346  2.335746E-17
5658.8449115766  2.003584E-17
5664.36327695975  1.777828E-17
5669.88164234291  2.238462E-17
5675.40000772606  1.960646E-17
5680.91837310921  2.522238E-17
5686.43673849236  3.452742E-17
5691.95510387551  6.590216E-18
5697.47346925866  1.801972E-17
5702.99183464181  1.665743E-17
5708.51020002496  1.480603E-17
5714.02856540811  8.632886E-18
5719.54693079126  1.751227E-17
5725.06529617441  1.159107E-17
5730.58366155756  1.914184E-17
5736.1020269407  2.448365E-17
5741.62039232385  2.434992E-17
5747.138757707  2.211143E-17
5752.65712309016  7.908204E-18
5758.17548847331  2.144460E-17
5763.69385385646  1.432572E-17
5769.21221923961  2.088269E-17
5774.73058462276  1.487621E-17
5780.24895000591  1.504782E-17
5785.76731538906  2.185073E-17
5791.28568077221  2.777421E-17
5796.80404615536  1.752458E-17
5802.32241153851  1.666208E-17
5807.84077692166  2.404020E-17
5813.35914230481  1.821674E-17
5818.87750768796  1.946065E-17
5824.39587307111  2.948268E-17
5829.91423845426  2.732735E-17
5835.43260383741  2.448803E-17
5840.95096922056  2.104728E-17
5846.46933460371  1.326058E-17
5851.98769998686  1.373822E-17
5857.50606537001  1.986687E-17
5863.02443075316  2.069491E-17
5868.54279613631  1.380813E-17
5874.06116151946  1.520411E-17
5879.57952690261  2.088070E-17
5885.09789228575  1.200872E-17
5890.61625766891  1.958449E-17
5896.13462305206  2.714079E-17
5901.65298843521  1.681090E-17
5907.17135381836  1.713317E-17
5912.68971920151  2.154922E-17
5918.20808458466  1.944986E-17
5923.72644996781  2.356677E-17
5929.24481535096  1.762736E-17
5934.76318073411  1.641006E-17
5940.28154611726  1.827471E-17
5945.79991150041  2.006544E-17
5951.31827688356  2.154194E-17
5956.83664226671  2.620957E-17
5962.35500764986  2.183997E-17
5967.87337303301  1.891305E-17
5973.39173841616  2.165483E-17
5978.91010379931  2.416688E-17
5984.42846918246  2.003485E-17
5989.94683456561  1.592081E-17
5995.46519994876  2.569658E-17
6000.98356533191  2.559361E-17
6006.50193071506  2.369920E-17
6012.02029609821  2.332835E-17
6017.53866148136  2.726587E-17
6023.05702686451  1.981650E-17
6028.57539224766  1.607906E-17
6034.09375763081  2.647083E-17
6039.61212301396  2.488442E-17
6045.13048839711  2.599101E-17
6050.64885378026  1.750422E-17
6056.16721916341  2.855188E-17
6061.68558454656  2.379029E-17
6067.20394992971  1.800584E-17
6072.72231531286  1.956424E-17
6078.24068069601  2.397001E-17
6083.75904607916  2.931058E-17
6089.27741146231  3.547044E-17
6094.79577684546  3.924984E-17
6100.31414222861  3.109772E-17
6105.83250761176  2.676004E-17
6111.35087299491  3.317541E-17
6116.86923837806  1.927722E-17
6122.38760376121  2.515949E-17
6127.90596914436  2.523045E-17
6133.42433452751  3.587929E-17
6138.94269991066  2.790881E-17
6144.46106529381  3.265714E-17
6149.97943067696  3.094993E-17
6155.49779606011  1.614570E-17
6161.01616144326  3.095606E-17
6166.53452682641  3.077994E-17
6172.05289220956  2.838320E-17
6177.57125759271  2.623872E-17
6183.08962297586  2.113621E-17
6188.60798835901  3.601095E-17
6194.12635374216  3.276105E-17
6199.64471912531  2.845165E-17
6205.16308450846  2.157317E-17
6210.68144989161  3.124483E-17
6216.19981527476  2.992100E-17
6221.71818065791  2.271074E-17
6227.23654604106  3.025782E-17
6232.75491142421  2.331088E-17
6238.27327680736  3.332592E-17
6243.79164219051  3.282025E-17
6249.31000757366  2.465613E-17
6254.82837295681  2.194676E-17
6260.34673833996  2.188529E-17
6265.86510372311  3.191678E-17
6271.38346910626  2.473042E-17
6276.90183448941  2.271192E-17
6282.42019987256  2.660177E-17
6287.93856525571  1.119454E-17
6293.45693063886  1.603544E-17
6298.97529602201  2.762811E-17
6304.49366140516  7.200687E-18
6310.01202678831  5.287752E-18
6315.53039217146  2.092471E-17
6321.04875755461  3.442455E-17
6326.56712293776  2.268991E-17
6332.08548832091  3.144798E-17
6337.60385370406  2.446598E-17
6343.12221908721  2.008204E-17
6348.64058447036  1.764160E-17
6354.15894985351  2.832595E-17
6359.67731523666  3.898619E-17
6365.19568061981  2.670492E-17
6370.71404600296  3.927906E-17
6376.23241138611  3.511495E-17
6381.75077676926  3.147271E-17
6387.26914215241  3.321195E-17
6392.78750753556  2.129265E-17
6398.30587291871  2.635051E-17
6403.82423830186  2.109594E-17
6409.34260368501  3.123428E-17
6414.86096906816  2.609018E-17
6420.37933445131  3.056525E-17
6425.89769983446  2.464338E-17
6431.41606521761  2.982732E-17
6436.93443060076  2.255473E-17
6442.45279598391  2.858092E-17
6447.97116136706  3.067831E-17
6453.48952675021  2.670360E-17
6459.00789213336  2.610982E-17
6464.52625751651  2.310074E-17
6470.04462289966  1.854201E-17
6475.56298828281  2.293347E-17
6481.08135366596  3.034886E-17
6486.59971904911  1.747159E-17
6492.11808443226  2.117302E-17
6497.63644981541  1.865673E-17
6503.15481519856  2.131087E-17
6508.67318058171  2.880413E-17
6514.19154596486  2.380710E-17
6519.70991134801  2.399361E-17
6525.22827673116  2.080227E-17
6530.74664211431  2.142142E-17
6536.26500749746  1.683967E-17
6541.78337288061  2.538149E-17
6547.30173826376  2.403276E-17
6552.82010364691  1.756071E-17
6558.33846903006  1.748356E-17
6563.85683441321  1.990572E-17
6569.37519979636  2.042050E-17
6574.89356517951  1.672846E-17
6580.41193056266  1.950097E-17
6585.93029594581  2.809645E-17
6591.44866132896  2.760798E-17
6596.96702671211  2.368468E-17
6602.48539209526  2.079180E-17
6608.00375747841  2.056303E-17
6613.52212286156  2.056776E-17
6619.04048824471  2.336246E-17
6624.55885362786  2.043427E-17
6630.07721901101  2.829668E-17
6635.59558439416  2.626093E-17
6641.11394977731  2.338229E-17
6646.63231516046  1.501657E-17
6652.15068054361  1.408587E-17
6657.66904592676  1.763903E-17
6663.18741130991  1.995052E-17
6668.70577669306  2.366367E-17
6674.22414207621  2.737197E-17
6679.74250745936  2.354975E-17
6685.26087284251  2.330311E-17
6690.77923822566  1.717814E-17
6696.29760360881  1.878079E-17
6701.81596899196  2.595353E-17
6707.33433437511  2.037581E-17
6712.85269975826  1.928678E-17
6718.37106514141  1.882709E-17
6723.88943052456  1.569212E-17
6729.40779590771  2.009513E-17
6734.92616129086  2.100046E-17
6740.44452667401  2.613764E-17
6745.96289205716  1.871337E-17
6751.48125744031  1.652285E-17
6756.99962282346  2.242649E-17
6762.51798820661  2.335767E-17
6768.03635358976  2.964291E-17
6773.55471897291  1.640391E-17
6779.07308435606  1.560148E-17
6784.59144973921  2.742038E-17
6790.10981512236  2.006826E-17
6795.62818050551  2.625162E-17
6801.14654588866  2.190088E-17
6806.66491127181  2.545995E-17
6812.18327665496  1.921593E-17
6817.70164203811  1.903208E-17
6823.22000742126  2.246444E-17
6828.73837280441  1.951124E-17
6834.25673818756  2.650602E-17
6839.77510357071  2.128527E-17
6845.29346895386  1.836118E-17
6850.81183433701  2.025040E-17
6856.33019972016  2.645189E-17
6861.84856510331  2.010848E-17
6867.36693048646  8.273115E-18
6872.88529586961  1.466402E-17
6878.40366125276  2.380060E-17
6883.92202663591  2.141567E-17
6889.44039201906  2.338718E-17
6894.95875740221  2.454021E-17
6900.47712278536  1.155958E-17
6905.99548816851  2.329383E-17
6911.51385355166  3.292716E-17
6917.03221893481  1.991427E-17
6922.55058431796  1.726156E-17
6928.06894970111  9.986070E-18
6933.58731508426  2.173230E-17
6939.10568046741  2.199108E-17
6944.62404585056  1.228447E-17
6950.14241123371  2.585734E-17
6955.66077661686  2.259151E-17
6961.17914200001  1.351588E-17
6966.69750738316  1.026246E-17
6972.21587276631  7.467576E-18
6977.73423814946  1.971247E-17
6983.25260353261  2.440972E-17
6988.77096891576  1.453946E-17
6994.28933429891  1.379447E-17
6999.80769968206  2.654546E-17
7005.32606506521  2.496107E-17
7010.84443044836  2.214133E-17
7016.36279583151  2.392532E-17
7021.88116121466  1.660663E-17
7027.39952659781  2.443117E-17
7032.91789198096  1.922617E-17
7038.43625736411  1.743653E-17
7043.95462274726  2.497221E-17
7049.47298813041  2.132013E-17
7054.99135351356  2.397647E-17
7060.50971889671  2.950828E-17
7066.02808427986  2.361513E-17
7071.54644966301  1.832710E-17
7077.06481504616  2.597579E-17
7082.58318042931  2.162707E-17
7088.10154581246  2.696238E-17
7093.61991119561  2.678482E-17
7099.13827657876  2.358090E-17
7104.65664196191  1.643833E-17
7110.17500734506  2.282541E-17
7115.69337272821  2.359157E-17
7121.21173811136  2.122813E-17
7126.73010349451  1.573736E-17
7132.24846887766  1.491886E-17
7137.76683426081  1.706700E-17
7143.28519964396  2.409595E-17
7148.80356502711  1.713816E-17
7154.32193041026  1.467176E-17
7159.84029579341  2.389765E-17
7165.35866117656  1.680824E-17
7170.87702655971  1.796975E-17
7176.39539194286  1.766688E-17
7181.91375732601  8.045115E-18
7187.43212270916  1.173806E-17
7192.95048809231  1.722156E-17
7198.46885347546  1.599013E-17
7203.98721885861  2.039899E-17
7209.50558424176  1.475137E-17
7215.02394962491  7.117908E-18
7220.54231500806  1.651470E-17
7226.06068039121  1.641247E-17
7231.57904577436  8.081807E-18
7237.09741115751  1.774487E-17
7242.61577654066  2.742052E-17
7248.13414192381  2.250503E-17
7253.65250730696  2.254876E-17
7259.17087269011  2.142485E-17
7264.68923807326  1.754020E-17
7270.20760345641  2.874499E-17
7275.72596883956  4.439725E-17
7281.24433422271  2.731248E-17
7286.76269960586  2.076715E-17
7292.28106498901  1.953357E-17
7297.79943037216  2.319552E-17
7303.31779575531  2.688718E-17
7308.83616113846  2.594399E-17
7314.35452652161  2.430035E-17
7319.87289190476  1.801565E-17
7325.39125728791  2.470526E-17
7330.90962267106  3.219406E-17
7336.42798805421  2.839458E-17
7341.94635343736  3.303625E-17
7347.46471882051  1.635045E-17
7352.98308420366  1.512797E-17
7358.50144958681  3.273556E-17
7364.01981496996  3.164223E-17
7369.53818035311  3.177249E-17
7375.05654573626  2.078277E-17
7380.57491111941  2.031995E-17
7386.09327650256  2.224285E-17
7391.61164188571  3.324833E-17
7397.13000726886  1.766431E-17
7402.64837265201  2.873039E-17
7408.16673803516  1.853655E-17
7413.68510341831  2.281640E-17
7419.20346880146  2.842639E-17
7424.72183418461  2.404696E-17
7430.24019956776  2.687991E-17
7435.75856495091  9.531003E-18
7441.27693033406  1.824968E-17
7446.79529571721  2.176084E-17
7452.31366110036  2.420653E-17
7457.83202648351  2.677529E-17
7463.35039186666  2.027274E-17
7468.86875724981  1.482484E-17
7474.38712263296  2.829265E-17
7479.90548801611  3.492150E-17
7485.42385339926  2.205450E-17
7490.94221878241  2.462076E-17
7496.46058416556  3.231648E-17
7501.97894954871  2.981654E-17
7507.49731493186  1.994448E-17
7513.01568031501  2.267793E-17
7518.53404569816  2.822479E-17
7524.05241108131  3.353615E-17
7529.57077646446  2.613027E-17
7535.08914184761  2.289645E-17
7540.60750723076  2.112030E-17
7546.12587261391  2.719460E-17
7551.64423799706  3.189058E-17
7557.16260338021  2.085602E-17
7562.68096876336  2.425218E-17
7568.19933414651  1.852053E-17
7573.71769952966  2.196524E-17
7579.23606491281  3.771653E-17
7584.75443029596  2.994689E-17
7590.27279567911  3.563501E-17
7595.79116106226  3.628796E-17
7601.30952644541  3.126257E-17
7606.82789182856  2.241770E-17
7612.34625721171  1.707461E-17
7617.86462259486  3.196482E-17
7623.38298797801  3.318528E-17
7628.90135336116  2.977427E-17
7634.41971874431  2.112325E-17
7639.93808412746  -6.343664E-20
7645.45644951061  2.014654E-17
7650.97481489376  4.121956E-17
7656.49318027691  2.487164E-17
7662.01154566006  1.217861E-17
7667.52991104321  2.095176E-17
7673.04827642636  1.823887E-17
7678.56664180951  1.546077E-17
7684.08500719266  2.893157E-17
7689.60337257581  3.112719E-17
7695.12173795896  2.039364E-17
7700.64010334211  2.372508E-17
7706.15846872526  1.027313E-17
7711.67683410841  5.126640E-17
7717.19519949156  5.104345E-17
7722.71356487471  4.813878E-17
7728.23193025786  3.263790E-17
7733.75029564101  1.415124E-17
7739.26866102416  9.593201E-18
7744.78702640731  2.587552E-17
7750.30539179046  4.964964E-17
7755.82375717361  4.769856E-17
7761.34212255676  3.286327E-17
7766.86048793991  2.454030E-17
7772.37885332306  2.054207E-17
7777.89721870621  6.655898E-18
7783.41558408936  1.722671E-17
7788.93394947251  3.046606E-17
7794.45231485566  3.610471E-17
7799.97068023881  2.139949E-17
7805.48904562196  1.520351E-17
7811.00741100511  2.282250E-17
7816.52577638826  2.077358E-17
7822.04414177141  2.369971E-17
7827.56250715456  2.243793E-17
7833.08087253771  1.835709E-17
7838.59923792086  6.597009E-18
7844.11760330401  -7.549504E-19
7849.63596868716  8.436846E-18
7855.15433407031  4.289388E-17
7860.67269945346  3.764336E-17
7866.19106483661  2.646953E-17
7871.70943021976  1.239776E-17
7877.22779560291  7.330497E-18
7882.74616098606  1.157873E-17
7888.26452636921  1.711978E-17
7893.78289175236  2.132834E-17
7899.30125713551  1.673115E-17
7904.81962251866  6.233600E-18
7910.33798790181  -1.096158E-17
7915.85635328496  -1.794155E-17
7921.37471866811  1.039198E-17
7926.89308405126  4.564633E-17
7932.41144943441  2.618916E-18
7937.92981481756  1.710911E-18
7943.44818020071  5.708742E-18
7948.96654558386  6.163728E-18
7954.48491096701  8.381501E-18
7960.00327635016  1.803327E-17
7965.52164173331  1.958446E-17
7971.04000711646  1.984846E-17
7976.55837249961  1.543546E-17
7982.07673788276  1.246790E-17
7987.59510326591  -2.132742E-17
7993.11346864906  3.639215E-18
7998.63183403221  2.015709E-17
8004.15019941536  1.610205E-17
8009.66856479851  2.394925E-17
8015.18693018166  1.616199E-17
8020.70529556481  4.442361E-18
8026.22366094796  2.691316E-19
8031.74202633111  2.353947E-17
8037.26039171426  1.894345E-17
8042.77875709741  1.671896E-17
8048.29712248056  2.389483E-17
8053.81548786371  7.175094E-18
8059.33385324686  6.744506E-18
8064.85221863001  2.245844E-17
8070.37058401316  7.292392E-18
8075.88894939631  1.976651E-17
8081.40731477946  2.928970E-17
8086.92568016261  2.438340E-17
8092.44404554576  1.697659E-17
8097.96241092891  7.804998E-18
8103.48077631206  1.901317E-17
8108.99914169521  3.447803E-18
8114.51750707836  2.194449E-17
8120.03587246151  2.112254E-17
8125.55423784466  1.702322E-17
8131.07260322781  1.372578E-17
8136.59096861096  1.589893E-17
8142.10933399411  2.307500E-17
8147.62769937726  2.816238E-17
8153.14606476041  1.846278E-17
8158.66443014356  2.415174E-17
8164.18279552671  1.030347E-17
8169.70116090986  2.735782E-18
8175.21952629301  6.451675E-18
8180.73789167616  1.251064E-17
8186.25625705931  1.817580E-17
8191.77462244246  1.018172E-17
8197.29298782561  2.224410E-17
8202.81135320876  1.733101E-17
8208.32971859191  1.097701E-17
8213.84808397506  2.272330E-17
8219.36644935821  1.012028E-17
8224.88481474136  1.318707E-17
8230.40318012451  1.942083E-17
8235.92154550766  1.813677E-17
8241.43991089081  1.191018E-17
8246.95827627396  9.042392E-18
8252.47664165711  2.892453E-17
8257.99500704026  2.900595E-17
8263.51337242341  1.943044E-17
8269.03173780656  2.113183E-17
8274.55010318971  -2.894481E-18
8280.06846857286  -8.210539E-18
8285.58683395601  1.352716E-18
8291.10519933916  2.809502E-17
8296.62356472231  2.638111E-17
8302.14193010546  1.720891E-17
8307.66029548861  1.744738E-17
8313.17866087176  1.681654E-17
8318.69702625491  2.663844E-17
8324.21539163806  2.781197E-17
8329.73375702121  2.255732E-17
8335.25212240436  1.168173E-17
8340.77048778751  -8.211807E-18
8346.28885317066  -1.448141E-17
8351.80721855381  -1.499835E-17
8357.32558393696  5.253023E-18
8362.84394932011  9.205359E-18
8368.36231470326  1.319547E-17
8373.88068008641  5.067686E-18
8379.39904546956  8.399314E-18
8384.91741085271  2.202894E-17
8390.43577623586  -1.971060E-18
8395.95414161901  2.334564E-17
8401.47250700216  4.900833E-17
8406.99087238531  3.070278E-17
8412.50923776846  1.075887E-17
8418.02760315161  2.370610E-17
8423.54596853476  -6.691963E-18
8429.06433391791  -1.613932E-17
8434.58269930106  9.319692E-18
8440.10106468421  3.023108E-17
8445.61943006736  2.450203E-17
8451.13779545051  8.735750E-18
8456.65616083366  1.508023E-17
8462.17452621681  6.668849E-18
8467.69289159996  -9.069231E-18
8473.21125698311  1.329772E-17
8478.72962236626  2.452831E-17
8484.24798774941  4.712405E-18
8489.76635313256  9.842044E-18
8495.28471851571  1.814286E-17
8500.80308389886  9.050596E-18
8506.32144928201  8.508716E-18
8511.83981466516  2.318043E-17
8517.35818004831  3.221323E-17
8522.87654543146  9.113020E-18
8528.39491081461  2.001619E-17
8533.91327619776  1.320516E-17
8539.43164158091  9.490129E-18
8544.95000696406  1.854009E-17
8550.46837234721  2.129135E-17
8555.98673773036  1.354975E-17
8561.50510311351  1.858499E-17
8567.02346849666  2.243779E-17
8572.54183387981  2.523553E-17
8578.06019926296  1.308395E-17
8583.57856464611  3.249221E-18
8589.09693002926  2.263982E-17
8594.61529541241  3.272989E-17
8600.13366079556  3.218092E-17
8605.65202617871  2.171883E-17
8611.17039156186  2.546574E-18
8616.68875694501  -1.387638E-17
8622.20712232816  2.999473E-18
8627.72548771131  2.870130E-17
8633.24385309446  2.180702E-17
8638.76221847761  2.631667E-17
8644.28058386076  2.972404E-17
8649.79894924391  -2.056614E-17
8655.31731462706  -5.109866E-17
8660.83568001021  -2.258133E-17
8666.35404539336  1.473636E-17
8671.87241077651  4.119926E-17
8677.39077615966  3.010608E-17
8682.90914154281  2.419516E-17
8688.42750692596  1.318714E-17
8693.94587230911  1.386858E-17
8699.46423769226  8.252758E-18
8704.98260307541  3.148872E-18
8710.50096845856  2.005008E-17
8716.01933384171  6.536220E-18
8721.53769922486  -5.865041E-18
8727.05606460801  8.913965E-18
8732.57442999116  3.130163E-17
8738.09279537431  3.319649E-17
8743.61116075746  2.986694E-17
8749.12952614061  4.407915E-17
8754.64789152376  3.270902E-17
8760.16625690691  -1.056369E-17
8765.68462229006  -4.160887E-17
8771.20298767321  8.160418E-19
8776.72135305636  2.359144E-17
8782.23971843951  1.834910E-17
8787.75808382266  1.791309E-17
8793.27644920581  8.413774E-18
8798.79481458896  1.224675E-17
8804.31317997211  3.670988E-17
8809.83154535526  1.842695E-17
8815.34991073841  4.706246E-17
8820.86827612156  1.158856E-16
8826.38664150471  8.081316E-17
8831.90500688786  1.651410E-17
8837.42337227101  4.184747E-17
8842.94173765416  -5.788389E-18
8848.46010303731  2.827016E-17
8853.97846842046  5.163608E-18
8859.49683380361  1.183067E-17
8865.01519918676  3.113020E-17
8870.53356456991  1.289198E-17
8876.05192995306  -2.630298E-17
8881.57029533621  -2.784295E-17
8887.08866071936  2.417869E-17
8892.60702610251  2.709742E-17
8898.12539148566  2.101150E-17
8903.64375686881  3.092619E-17
8909.16212225196  -1.721236E-17
8914.68048763511  -3.158891E-17
8920.19885301826  -1.435597E-17
8925.71721840141  2.309031E-17
8931.23558378456  4.102009E-17
8936.75394916771  3.030368E-17
8942.27231455086  1.776829E-17
8947.79067993401  6.498396E-18
8953.30904531716  1.586277E-18
8958.82741070031  3.050752E-17
8964.34577608346  4.239442E-17
8969.86414146661  3.350233E-17
8975.38250684976  1.749544E-17
8980.90087223291  1.396479E-17
8986.41923761606  7.937714E-18
8991.93760299921  2.940496E-17
8997.45596838236  4.529631E-17
9002.97433376551  4.947235E-17
9008.49269914866  4.852620E-17
9014.01106453181  3.998760E-17
9019.52942991496  4.940856E-17
9025.04779529811  4.385929E-17
9030.56616068126  2.646642E-17
9036.08452606441  2.638581E-17
9041.60289144756  1.437864E-17
9047.12125683071  2.007887E-17
9052.63962221386  5.129764E-17
9058.15798759701  3.327631E-17
9063.67635298016  2.989813E-17
9069.19471836331  3.069364E-17
9074.71308374646  1.560892E-17
9080.23144912961  1.563909E-17
9085.74981451276  3.487792E-17
9091.26817989591  3.001356E-17
9096.78654527906  1.403560E-17
9102.30491066221  2.166486E-17
9107.82327604536  1.089528E-17
9113.34164142851  2.157573E-17
9118.86000681166  1.192109E-17
9124.37837219481  1.894199E-17
9129.89673757796  2.510751E-17
9135.41510296111  2.885769E-17
9140.93346834426  2.022698E-17
9146.45183372741  1.583551E-18
9151.97019911056  2.480898E-17
9157.48856449371  4.736244E-17
9163.00692987686  2.413226E-17
9168.52529526001  3.335721E-18
9174.04366064316  2.894078E-17
9179.56202602631  2.156149E-17
9185.08039140946  6.994241E-18
9190.59875679261  6.237908E-18
9196.11712217576  1.743652E-17
9201.63548755891  3.032234E-17
9207.15385294206  2.593843E-17
9212.67221832521  4.669129E-17
9218.19058370836  3.476383E-17
9223.70894909151  3.267107E-17
9229.22731447466  5.749901E-19
9234.74567985781  1.240161E-17
9240.26404524096  3.213636E-17
9245.78241062411  1.767546E-17
