3652.46850586  1.925616E-16
3657.98807096544  1.955323E-16
3663.50763607088  1.865874E-16
3669.02720117632  1.914719E-16
3674.54676628176  1.722326E-16
3680.0663313872  1.775822E-16
3685.58589649264  1.780109E-16
3691.10546159808  1.786768E-16
3696.62502670352  1.812182E-16
3702.14459180896  1.766382E-16
3707.6641569144  1.713318E-16
3713.18372201984  1.671860E-16
3718.70328712528  1.805758E-16
3724.22285223072  1.697008E-16
3729.74241733616  1.775017E-16
3735.2619824416  1.794403E-16
3740.78154754704  1.719114E-16
3746.30111265248  1.778885E-16
3751.82067775792  1.866865E-16
3757.34024286336  1.841157E-16
3762.8598079688  1.843951E-16
3768.37937307424  1.762593E-16
3773.89893817968  1.728199E-16
3779.41850328512  1.797052E-16
3784.93806839056  1.797461E-16
3790.457633496  1.853169E-16
3795.97719860144  1.802735E-16
3801.49676370688  1.867304E-16
3807.01632881232  1.916295E-16
3812.53589391776  1.854109E-16
3818.0554590232  1.848792E-16
3823.57502412864  1.957705E-16
3829.09458923408  1.960839E-16
3834.61415433952  1.911778E-16
3840.13371944496  1.875897E-16
3845.6532845504  1.944549E-16
3851.17284965584  1.848016E-16
3856.69241476128  1.842298E-16
3862.21197986672  1.856907E-16
3867.73154497216  1.875672E-16
3873.2511100776  1.882805E-16
3878.77067518304  1.842904E-16
3884.29024028848  1.954408E-16
3889.80980539392  1.933226E-16
3895.32937049936  1.898162E-16
3900.8489356048  1.804574E-16
3906.36850071024  1.834821E-16
3911.88806581568  1.868483E-16
3917.40763092112  1.912618E-16
3922.92719602656  1.820354E-16
3928.446761132  1.845265E-16
3933.96632623744  1.924705E-16
3939.48589134288  1.854411E-16
3945.00545644832  1.840271E-16
3950.52502155376  1.944586E-16
3956.0445866592  1.973840E-16
3961.56415176464  1.950783E-16
3967.08371687008  1.931227E-16
3972.60328197552  1.846036E-16
3978.12284708096  1.932682E-16
3983.6424121864  1.998144E-16
3989.16197729184  1.953815E-16
3994.68154239728  1.971405E-16
4000.20110750272  1.960630E-16
4005.72067260816  1.927779E-16
4011.2402377136  1.918063E-16
4016.75980281904  1.921131E-16
4022.27936792448  1.952445E-16
4027.79893302992  1.988713E-16
4033.31849813536  1.969711E-16
4038.8380632408  1.923054E-16
4044.35762834624  1.992920E-16
4049.87719345168  2.000862E-16
4055.39675855712  1.997545E-16
4060.91632366256  2.015556E-16
4066.435888768  2.016507E-16
4071.95545387344  2.035454E-16
4077.47501897888  2.059657E-16
4082.99458408432  1.981916E-16
4088.51414918976  1.998670E-16
4094.0337142952  2.039773E-16
4099.55327940064  2.006138E-16
4105.07284450608  2.063863E-16
4110.59240961152  1.996689E-16
4116.11197471696  1.976107E-16
4121.6315398224  2.010888E-16
4127.15110492784  2.048300E-16
4132.67067003328  2.068878E-16
4138.19023513872  2.004087E-16
4143.70980024416  2.008716E-16
4149.2293653496  1.999828E-16
4154.74893045504  2.000239E-16
4160.26849556048  1.976986E-16
4165.78806066592  2.032117E-16
4171.30762577136  2.004397E-16
4176.8271908768  2.009246E-16
4182.34675598224  2.019706E-16
4187.86632108768  2.004434E-16
4193.38588619312  1.986230E-16
4198.90545129856  1.956278E-16
4204.425016404  1.967986E-16
4209.94458150944  1.971649E-16
4215.46414661488  2.002916E-16
4220.98371172032  1.910155E-16
4226.50327682576  1.955363E-16
4232.0228419312  1.952633E-16
4237.54240703664  1.929630E-16
4243.06197214208  1.808577E-16
4248.58153724752  1.861761E-16
4254.10110235296  1.925987E-16
4259.6206674584  1.847977E-16
4265.14023256384  1.870781E-16
4270.65979766928  1.863396E-16
4276.17936277472  1.863904E-16
4281.69892788016  1.897470E-16
4287.2184929856  1.814311E-16
4292.73805809104  1.849434E-16
4298.25762319648  1.792055E-16
4303.77718830192  1.860257E-16
4309.29675340736  1.864015E-16
4314.8163185128  1.860605E-16
4320.33588361824  1.831332E-16
4325.85544872368  1.769560E-16
4331.37501382912  1.792614E-16
4336.89457893456  1.831415E-16
4342.41414404  1.812054E-16
4347.93370914544  1.770986E-16
4353.45327425088  1.753009E-16
4358.97283935632  1.724112E-16
4364.49240446176  1.705241E-16
4370.0119695672  1.780658E-16
4375.53153467264  1.695000E-16
4381.05109977808  1.695398E-16
4386.57066488352  1.676239E-16
4392.09022998896  1.668971E-16
4397.6097950944  1.742279E-16
4403.12936019984  1.688387E-16
4408.64892530528  1.733468E-16
4414.16849041072  1.748343E-16
4419.68805551616  1.804426E-16
4425.2076206216  1.777292E-16
4430.72718572704  1.818875E-16
4436.24675083248  1.791366E-16
4441.76631593792  1.822233E-16
4447.28588104336  1.811395E-16
4452.8054461488  1.801791E-16
4458.32501125424  1.847960E-16
4463.84457635968  1.881785E-16
4469.36414146512  1.794910E-16
4474.88370657056  1.856825E-16
4480.403271676  1.835212E-16
4485.92283678144  1.862772E-16
4491.44240188688  1.825659E-16
4496.96196699232  1.794517E-16
4502.48153209776  1.880959E-16
4508.0010972032  1.878495E-16
4513.52066230864  1.879423E-16
4519.04022741408  1.881402E-16
4524.55979251952  1.884208E-16
4530.07935762496  1.851542E-16
4535.5989227304  1.846845E-16
4541.11848783584  1.822230E-16
4546.63805294128  1.793885E-16
4552.15761804672  1.811344E-16
4557.67718315216  1.769047E-16
4563.1967482576  1.817386E-16
4568.71631336304  1.789910E-16
4574.23587846848  1.753835E-16
4579.75544357392  1.742796E-16
4585.27500867936  1.727558E-16
4590.7945737848  1.728528E-16
4596.31413889024  1.678646E-16
4601.83370399568  1.656451E-16
4607.35326910112  1.718328E-16
4612.87283420656  1.713073E-16
4618.392399312  1.760528E-16
4623.91196441744  1.771811E-16
4629.43152952288  1.714474E-16
4634.95109462832  1.752092E-16
4640.47065973376  1.746731E-16
4645.9902248392  1.709644E-16
4651.50978994464  1.750830E-16
4657.02935505008  1.728739E-16
4662.54892015552  1.795400E-16
4668.06848526096  1.817944E-16
4673.5880503664  1.760371E-16
4679.10761547184  1.765883E-16
4684.62718057728  1.793077E-16
4690.14674568272  1.802065E-16
4695.66631078816  1.740636E-16
4701.1858758936  1.753215E-16
4706.70544099904  1.737798E-16
4712.22500610448  1.755505E-16
4717.74457120992  1.681271E-16
4723.26413631536  1.671391E-16
4728.7837014208  1.664436E-16
4734.30326652624  1.698040E-16
4739.82283163168  1.642264E-16
4745.34239673712  1.642675E-16
4750.86196184256  1.601519E-16
4756.381526948  1.602930E-16
4761.90109205344  1.598736E-16
4767.42065715888  1.589579E-16
4772.94022226432  1.631135E-16
4778.45978736976  1.652209E-16
4783.9793524752  1.647280E-16
4789.49891758064  1.604257E-16
4795.01848268608  1.594684E-16
4800.53804779152  1.598258E-16
4806.05761289696  1.605306E-16
4811.5771780024  1.614551E-16
4817.09674310784  1.580863E-16
4822.61630821328  1.587274E-16
4828.13587331872  1.544891E-16
4833.65543842417  1.567718E-16
4839.1750035296  1.473739E-16
4844.69456863504  1.494963E-16
4850.21413374049  1.543857E-16
4855.73369884592  1.459814E-16
4861.25326395136  1.501147E-16
4866.7728290568  1.559625E-16
4872.29239416224  1.567839E-16
4877.81195926768  1.555094E-16
4883.33152437312  1.493116E-16
4888.85108947856  1.521011E-16
4894.370654584  1.473463E-16
4899.89021968944  1.513408E-16
4905.40978479488  1.472609E-16
4910.92934990032  1.527877E-16
4916.44891500576  1.490487E-16
4921.9684801112  1.456042E-16
4927.48804521664  1.423676E-16
4933.00761032208  1.462074E-16
4938.52717542752  1.483345E-16
4944.04674053296  1.427264E-16
4949.5663056384  1.450422E-16
4955.08587074385  1.448103E-16
4960.60543584928  1.474295E-16
4966.12500095472  1.450605E-16
4971.64456606016  1.464007E-16
4977.1641311656  1.498004E-16
4982.68369627104  1.454580E-16
4988.20326137648  1.461360E-16
4993.72282648192  1.483550E-16
4999.24239158736  1.472837E-16
5004.76195669281  1.429657E-16
5010.28152179824  1.500986E-16
5015.80108690368  1.501451E-16
5021.32065200913  1.524193E-16
5026.84021711456  1.505761E-16
5032.35978222  1.505101E-16
5037.87934732545  1.495759E-16
5043.39891243088  1.472711E-16
5048.91847753633  1.480878E-16
5054.43804264177  1.469945E-16
5059.9576077472  1.506778E-16
5065.47717285265  1.490383E-16
5070.99673795809  1.430607E-16
5076.51630306353  1.435555E-16
5082.03586816897  1.460466E-16
5087.55543327441  1.452575E-16
5093.07499837985  1.409670E-16
5098.59456348529  1.471836E-16
5104.11412859073  1.459891E-16
5109.63369369616  1.480975E-16
5115.15325880161  1.470887E-16
5120.67282390705  1.479122E-16
5126.19238901248  1.522210E-16
5131.71195411793  1.475284E-16
5137.23151922336  1.475508E-16
5142.7510843288  1.514150E-16
5148.27064943425  1.477814E-16
5153.79021453968  1.461903E-16
5159.30977964513  1.496140E-16
5164.82934475057  1.486031E-16
5170.348909856  1.515629E-16
5175.86847496145  1.469823E-16
5181.38804006689  1.467984E-16
5186.90760517232  1.453059E-16
5192.42717027776  1.430799E-16
5197.94673538321  1.427590E-16
5203.46630048864  1.403460E-16
5208.98586559408  1.432529E-16
5214.50543069953  1.413727E-16
5220.02499580496  1.439406E-16
5225.54456091041  1.426963E-16
5231.06412601585  1.435110E-16
5236.58369112128  1.458027E-16
5242.10325622673  1.440867E-16
5247.62282133217  1.437782E-16
5253.14238643761  1.415062E-16
5258.66195154305  1.379581E-16
5264.18151664849  1.363162E-16
5269.70108175393  1.391470E-16
5275.22064685937  1.407738E-16
5280.74021196481  1.377432E-16
5286.25977707025  1.361632E-16
5291.77934217569  1.395897E-16
5297.29890728113  1.363178E-16
5302.81847238657  1.347196E-16
5308.33803749201  1.402646E-16
5313.85760259745  1.384102E-16
5319.37716770289  1.396373E-16
5324.89673280833  1.328294E-16
5330.41629791377  1.383970E-16
5335.9358630192  1.448989E-16
5341.45542812465  1.410024E-16
5346.97499323009  1.355961E-16
5352.49455833552  1.374015E-16
5358.01412344097  1.374035E-16
5363.53368854641  1.361953E-16
5369.05325365184  1.345056E-16
5374.57281875729  1.363608E-16
5380.09238386273  1.304891E-16
5385.61194896816  1.344642E-16
5391.13151407361  1.332592E-16
5396.65107917905  1.340751E-16
5402.17064428449  1.346835E-16
5407.69020938992  1.321185E-16
5413.20977449537  1.355058E-16
5418.7293396008  1.333555E-16
5424.24890470624  1.332605E-16
5429.76846981169  1.363721E-16
5435.28803491712  1.324886E-16
5440.80760002256  1.304430E-16
5446.32716512801  1.284525E-16
5451.84673023344  1.298051E-16
5457.36629533888  1.322318E-16
5462.88586044432  1.270622E-16
5468.40542554977  1.254479E-16
5473.9249906552  1.228736E-16
5479.44455576064  1.231061E-16
5484.96412086609  1.220050E-16
5490.48368597152  1.223662E-16
5496.00325107697  1.245958E-16
5501.52281618241  1.240775E-16
5507.04238128784  1.218798E-16
5512.56194639329  1.240246E-16
5518.08151149873  1.217502E-16
5523.60107660417  1.237020E-16
5529.12064170961  1.221137E-16
5534.64020681505  1.202538E-16
5540.15977192049  1.231935E-16
5545.67933702592  1.245407E-16
5551.19890213137  1.231072E-16
5556.7184672368  1.124916E-16
5562.23803234225  1.184950E-16
5567.75759744769  1.158642E-16
5573.27716255312  1.217514E-16
5578.79672765857  1.116261E-16
5584.31629276401  1.140095E-16
5589.83585786945  1.150710E-16
5595.35542297489  1.131769E-16
5600.87498808033  1.149860E-16
5606.39455318577  1.122612E-16
5611.91411829121  1.172183E-16
5617.43368339665  1.173498E-16
5622.95324850209  1.179728E-16
5628.47281360753  1.139399E-16
5633.99237871297  1.162919E-16
5639.5119438184  1.098918E-16
5645.03150892385  1.164363E-16
5650.55107402929  1.109021E-16
5656.07063913473  1.151361E-16
5661.59020424017  1.136788E-16
5667.10976934561  1.104288E-16
5672.62933445105  1.153433E-16
5678.14889955648  1.101299E-16
5683.66846466193  1.145275E-16
5689.18802976737  1.101575E-16
5694.7075948728  1.086436E-16
5700.22715997825  1.153788E-16
5705.74672508369  1.118938E-16
5711.26629018913  1.086202E-16
5716.78585529457  1.081387E-16
5722.30542040001  1.073533E-16
5727.82498550545  1.087896E-16
5733.34455061089  1.071706E-16
5738.86411571633  1.126921E-16
5744.38368082177  1.129645E-16
5749.90324592721  1.026353E-16
5755.42281103265  1.029398E-16
5760.94237613809  1.082910E-16
5766.46194124353  1.116830E-16
5771.98150634897  1.103349E-16
5777.50107145441  1.072712E-16
5783.02063655985  1.095631E-16
5788.54020166529  1.107798E-16
5794.05976677073  1.175100E-16
5799.57933187617  1.153225E-16
5805.09889698161  1.110802E-16
5810.61846208705  1.089015E-16
5816.13802719249  1.088145E-16
5821.65759229793  1.099556E-16
5827.17715740337  1.107985E-16
5832.69672250881  1.133116E-16
5838.21628761424  1.135810E-16
5843.73585271969  1.095259E-16
5849.25541782513  1.101841E-16
5854.77498293056  1.114108E-16
5860.29454803601  1.126215E-16
5865.81411314145  1.123318E-16
5871.33367824689  1.148960E-16
5876.85324335232  1.153726E-16
5882.37280845777  1.154204E-16
5887.89237356321  1.143018E-16
5893.41193866864  1.162518E-16
5898.93150377409  1.134150E-16
5904.45106887953  1.158727E-16
5909.97063398496  1.123093E-16
5915.49019909041  1.112931E-16
5921.00976419585  1.147724E-16
5926.52932930129  1.080422E-16
5932.04889440673  1.103778E-16
5937.56845951217  1.135820E-16
5943.08802461761  1.113610E-16
5948.60758972305  1.110822E-16
5954.12715482849  1.068227E-16
5959.64671993393  1.068549E-16
5965.16628503937  1.085676E-16
5970.68585014481  1.070067E-16
5976.20541525025  1.105925E-16
5981.72498035569  1.107813E-16
5987.24454546113  1.070366E-16
5992.76411056657  1.039291E-16
5998.28367567201  1.028856E-16
6003.80324077745  1.087632E-16
6009.32280588289  1.068843E-16
6014.84237098833  1.041354E-16
6020.36193609377  1.031559E-16
6025.88150119921  1.018301E-16
6031.40106630465  1.012591E-16
6036.92063141009  1.025734E-16
6042.44019651553  1.004901E-16
6047.95976162097  1.004983E-16
6053.47932672641  1.023769E-16
6058.99889183185  9.876737E-17
6064.51845693729  9.962298E-17
6070.03802204273  1.011498E-16
6075.55758714817  1.006300E-16
6081.07715225361  1.047903E-16
6086.59671735905  1.015337E-16
6092.11628246449  9.775026E-17
6097.63584756993  9.847909E-17
6103.15541267537  9.985826E-17
6108.67497778081  9.879874E-17
6114.19454288625  1.033792E-16
6119.71410799169  9.718118E-17
6125.23367309713  1.005322E-16
6130.75323820257  1.013448E-16
6136.27280330801  1.022816E-16
6141.79236841345  1.000182E-16
6147.31193351889  1.022548E-16
6152.83149862433  1.017001E-16
6158.35106372977  9.824762E-17
6163.87062883521  9.770370E-17
6169.39019394065  9.588424E-17
6174.90975904609  9.931680E-17
6180.42932415153  9.426775E-17
6185.94888925697  9.943165E-17
6191.46845436241  9.764320E-17
6196.98801946785  9.577718E-17
6202.50758457329  9.630139E-17
6208.02714967873  9.951735E-17
6213.54671478417  1.006159E-16
6219.06627988961  9.580643E-17
6224.58584499505  9.549039E-17
6230.10541010049  9.609255E-17
6235.62497520593  9.331327E-17
6241.14454031137  9.336945E-17
6246.66410541681  9.338293E-17
6252.18367052225  9.721455E-17
6257.70323562769  9.561680E-17
6263.22280073313  9.375906E-17
6268.74236583857  9.553831E-17
6274.26193094401  9.665011E-17
6279.78149604945  9.904562E-17
6285.30106115488  9.398408E-17
6290.82062626033  8.891761E-17
6296.34019136577  8.989937E-17
6301.85975647121  8.989905E-17
6307.37932157665  9.544224E-17
6312.89888668209  9.474567E-17
6318.41845178753  9.382355E-17
6323.93801689297  9.240951E-17
6329.45758199841  9.120562E-17
6334.97714710385  9.062595E-17
6340.49671220929  9.129451E-17
6346.01627731473  9.566565E-17
6351.53584242017  9.184147E-17
6357.05540752561  9.257583E-17
6362.57497263105  9.281426E-17
6368.09453773649  9.354656E-17
6373.61410284193  9.196628E-17
6379.13366794737  9.419920E-17
6384.65323305281  9.393574E-17
6390.17279815825  9.363483E-17
6395.69236326369  9.086283E-17
6401.21192836913  9.110403E-17
6406.73149347457  9.355252E-17
6412.25105858001  9.297676E-17
6417.77062368545  9.139007E-17
6423.29018879089  8.996335E-17
6428.80975389633  9.014785E-17
6434.32931900177  9.068838E-17
6439.84888410721  8.900637E-17
6445.36844921265  8.995755E-17
6450.88801431809  9.524776E-17
6456.40757942353  8.782149E-17
6461.92714452897  8.860311E-17
6467.44670963441  9.113480E-17
6472.96627473985  9.076036E-17
6478.48583984529  8.799305E-17
6484.00540495073  8.902622E-17
6489.52497005617  9.058256E-17
6495.04453516161  9.056274E-17
6500.56410026705  9.036997E-17
6506.08366537249  8.645082E-17
6511.60323047793  8.753586E-17
6517.12279558337  9.154954E-17
6522.64236068881  8.870319E-17
6528.16192579425  8.615822E-17
6533.68149089969  8.919465E-17
6539.20105600513  9.038888E-17
6544.72062111057  8.425062E-17
6550.24018621601  8.676275E-17
6555.75975132145  8.529714E-17
6561.27931642689  8.983197E-17
6566.79888153233  8.328031E-17
6572.31844663777  9.131030E-17
6577.83801174321  8.584510E-17
6583.35757684865  9.056472E-17
6588.87714195409  8.678419E-17
6594.39670705953  8.873047E-17
6599.91627216497  8.729143E-17
6605.43583727041  8.442720E-17
6610.95540237585  9.090514E-17
6616.47496748129  8.713507E-17
6621.99453258673  9.097541E-17
6627.51409769217  8.948898E-17
6633.03366279761  8.805650E-17
6638.55322790305  8.849964E-17
6644.07279300849  8.725345E-17
6649.59235811393  8.680774E-17
6655.11192321937  8.545976E-17
6660.63148832481  8.621381E-17
6666.15105343025  8.672809E-17
6671.67061853569  8.730339E-17
6677.19018364113  8.985241E-17
6682.70974874657  8.950041E-17
6688.22931385201  8.973011E-17
6693.74887895745  8.961980E-17
6699.26844406289  8.935049E-17
6704.78800916833  8.738366E-17
6710.30757427377  8.517196E-17
6715.82713937921  8.846016E-17
6721.34670448465  8.761856E-17
6726.86626959009  8.638003E-17
6732.38583469553  8.813778E-17
6737.90539980097  8.876562E-17
6743.42496490641  8.688012E-17
6748.94453001185  8.211204E-17
6754.46409511729  8.655977E-17
6759.98366022273  8.497659E-17
6765.50322532817  8.390412E-17
6771.02279043361  8.297592E-17
6776.54235553905  8.444928E-17
6782.06192064449  8.307911E-17
6787.58148574993  8.805153E-17
6793.10105085537  8.943542E-17
6798.62061596081  8.697236E-17
6804.14018106625  8.703927E-17
6809.65974617169  8.472933E-17
6815.17931127713  8.351132E-17
6820.69887638257  8.565253E-17
6826.21844148801  8.582003E-17
6831.73800659345  8.392592E-17
6837.25757169889  8.173714E-17
6842.77713680433  8.569132E-17
6848.29670190977  7.944902E-17
6853.81626701521  8.558177E-17
6859.33583212065  8.997375E-17
6864.85539722609  9.104443E-17
6870.37496233153  8.884255E-17
6875.89452743697  7.696390E-17
6881.41409254241  7.898425E-17
6886.93365764785  8.668922E-17
6892.45322275329  8.398766E-17
6897.97278785873  7.825673E-17
6903.49235296417  7.747120E-17
6909.01191806961  7.361653E-17
6914.53148317505  8.023472E-17
6920.05104828049  7.893830E-17
6925.57061338593  7.879132E-17
6931.09017849137  7.948386E-17
6936.60974359681  7.779014E-17
6942.12930870225  7.995292E-17
6947.64887380769  7.766377E-17
6953.16843891313  7.798242E-17
6958.68800401857  7.467112E-17
6964.20756912401  7.113909E-17
6969.72713422945  6.913237E-17
6975.24669933489  7.275267E-17
6980.76626444033  7.093550E-17
6986.28582954577  7.186187E-17
6991.80539465121  7.478519E-17
6997.32495975665  6.978731E-17
7002.84452486209  7.356400E-17
7008.36408996753  7.099369E-17
7013.88365507297  7.167809E-17
7019.40322017841  7.445236E-17
7024.92278528385  6.946543E-17
7030.44235038929  6.653153E-17
7035.96191549473  6.721700E-17
7041.48148060017  7.000621E-17
7047.00104570561  7.261772E-17
7052.52061081105  7.076488E-17
7058.04017591649  7.036149E-17
7063.55974102193  6.790247E-17
7069.07930612737  6.773096E-17
7074.59887123281  6.957177E-17
7080.11843633825  7.023753E-17
7085.63800144369  6.911829E-17
7091.15756654913  7.073966E-17
7096.67713165457  7.088639E-17
7102.19669676001  6.554170E-17
7107.71626186545  6.971010E-17
7113.23582697089  7.072461E-17
7118.75539207633  7.127813E-17
7124.27495718177  7.378271E-17
7129.79452228721  6.837940E-17
7135.31408739265  7.350182E-17
7140.83365249809  7.209961E-17
7146.35321760353  7.742423E-17
7151.87278270897  7.194200E-17
7157.39234781441  6.818384E-17
7162.91191291985  7.079757E-17
7168.43147802529  7.623902E-17
7173.95104313073  7.330479E-17
7179.47060823617  6.939380E-17
7184.99017334161  7.030262E-17
7190.50973844705  7.219352E-17
7196.02930355249  7.173058E-17
7201.54886865793  6.956984E-17
7207.06843376337  6.933263E-17
7212.58799886881  6.770814E-17
7218.10756397425  6.708007E-17
7223.62712907969  6.894808E-17
7229.14669418513  6.809595E-17
7234.66625929057  6.299442E-17
7240.18582439601  6.264044E-17
7245.70538950145  6.734612E-17
7251.22495460689  6.736143E-17
7256.74451971233  6.157344E-17
7262.26408481777  5.885877E-17
7267.78364992321  5.884446E-17
7273.30321502865  5.959220E-17
7278.82278013409  6.296680E-17
7284.34234523953  6.558448E-17
7289.86191034497  5.627093E-17
7295.38147545041  5.508241E-17
7300.90104055585  6.017395E-17
7306.42060566129  5.371212E-17
7311.94017076673  5.137483E-17
7317.45973587217  5.731518E-17
7322.97930097761  5.725116E-17
7328.49886608305  5.761230E-17
7334.01843118849  5.914824E-17
7339.53799629393  6.182272E-17
7345.05756139937  5.678765E-17
7350.57712650481  5.315704E-17
7356.09669161025  5.911859E-17
7361.61625671569  6.352459E-17
7367.13582182113  6.842758E-17
7372.65538692657  6.029599E-17
7378.17495203201  6.458250E-17
7383.69451713745  6.370876E-17
7389.21408224289  6.811836E-17
7394.73364734833  6.703153E-17
7400.25321245377  6.813815E-17
7405.77277755921  7.049620E-17
7411.29234266465  6.616158E-17
7416.81190777009  6.329568E-17
7422.33147287553  6.908431E-17
7427.85103798097  6.828355E-17
7433.37060308641  6.800031E-17
7438.89016819185  6.703138E-17
7444.40973329729  6.623534E-17
7449.92929840273  6.563287E-17
7455.44886350817  6.951932E-17
7460.96842861361  6.973931E-17
7466.48799371905  6.750113E-17
7472.00755882449  7.032534E-17
7477.52712392993  7.019375E-17
7483.04668903537  6.997918E-17
7488.56625414081  7.141580E-17
7494.08581924625  7.107804E-17
7499.60538435169  7.096194E-17
7505.12494945713  7.053059E-17
7510.64451456257  6.689809E-17
7516.16407966801  7.357193E-17
7521.68364477345  7.437518E-17
7527.20320987889  7.334280E-17
7532.72277498433  6.803982E-17
7538.24234008977  6.916573E-17
7543.76190519521  6.789230E-17
7549.28147030065  7.395276E-17
7554.80103540609  7.575865E-17
7560.32060051153  7.296562E-17
7565.84016561697  7.035181E-17
7571.35973072241  6.151080E-17
7576.87929582785  6.870084E-17
7582.39886093329  7.576398E-17
7587.91842603873  8.502331E-17
7593.43799114417  1.088778E-16
7598.95755624961  1.128699E-16
7604.47712135505  8.918189E-17
7609.99668646049  6.191256E-17
7615.51625156593  5.638919E-17
7621.03581667137  8.016268E-17
7626.55538177681  9.104734E-17
7632.07494688225  7.826466E-17
7637.59451198769  6.679108E-17
7643.11407709313  6.345598E-17
7648.63364219857  6.513423E-17
7654.15320730401  7.235484E-17
7659.67277240945  7.656427E-17
7665.19233751489  6.652363E-17
7670.71190262033  6.862463E-17
7676.23146772577  6.609648E-17
7681.75103283121  6.798935E-17
7687.27059793665  6.904463E-17
7692.79016304209  7.241774E-17
7698.30972814753  7.487256E-17
7703.82929325297  6.563490E-17
7709.34885835841  6.579187E-17
7714.86842346385  7.142441E-17
7720.38798856929  7.393997E-17
7725.90755367473  7.254648E-17
7731.42711878017  6.878264E-17
7736.94668388561  6.352705E-17
7742.46624899105  7.476187E-17
7747.98581409649  7.347466E-17
7753.50537920193  7.329233E-17
7759.02494430737  7.513336E-17
7764.54450941281  6.791089E-17
7770.06407451825  6.456974E-17
7775.58363962369  6.226731E-17
7781.10320472913  6.303128E-17
7786.62276983457  6.996565E-17
7792.14233494001  7.878956E-17
7797.66190004545  7.529814E-17
7803.18146515089  6.639791E-17
7808.70103025633  5.921756E-17
7814.22059536177  6.686158E-17
7819.74016046721  6.971556E-17
7825.25972557265  6.371667E-17
7830.77929067809  6.760967E-17
7836.29885578353  6.458515E-17
7841.81842088897  6.343886E-17
7847.33798599441  5.935847E-17
7852.85755109985  5.746065E-17
7858.37711620529  6.341609E-17
7863.89668131073  5.747756E-17
7869.41624641617  5.851382E-17
7874.93581152161  6.192203E-17
7880.45537662705  5.652747E-17
7885.97494173249  5.737276E-17
7891.49450683793  6.369841E-17
7897.01407194337  6.286236E-17
7902.53363704881  5.677580E-17
7908.05320215425  5.546077E-17
7913.57276725969  5.960971E-17
7919.09233236513  5.530565E-17
7924.61189747057  5.335634E-17
7930.13146257601  5.925870E-17
7935.65102768145  6.558746E-17
7941.17059278689  6.001696E-17
7946.69015789233  5.967167E-17
7952.20972299777  5.181186E-17
7957.72928810321  5.348207E-17
7963.24885320865  5.902565E-17
7968.76841831409  5.735334E-17
7974.28798341953  6.171483E-17
7979.80754852497  5.319571E-17
7985.32711363041  5.043720E-17
7990.84667873585  5.727997E-17
7996.36624384129  5.238059E-17
8001.88580894673  5.425835E-17
8007.40537405217  5.322897E-17
8012.92493915761  5.525665E-17
8018.44450426305  5.525208E-17
8023.96406936849  5.514965E-17
8029.48363447393  5.198510E-17
8035.00319957937  5.216189E-17
8040.52276468481  5.320509E-17
8046.04232979025  5.287327E-17
8051.56189489569  4.768358E-17
8057.08146000113  4.957083E-17
8062.60102510657  5.051157E-17
8068.12059021201  4.982484E-17
8073.64015531745  5.129976E-17
8079.15972042289  5.242216E-17
8084.67928552833  5.025805E-17
8090.19885063377  5.323658E-17
8095.71841573921  4.893507E-17
8101.23798084465  4.985460E-17
8106.75754595009  5.404847E-17
8112.27711105553  5.647003E-17
8117.79667616097  5.706887E-17
8123.31624126641  5.294292E-17
8128.83580637185  5.399197E-17
8134.35537147729  4.766365E-17
8139.87493658273  5.612478E-17
8145.39450168817  5.281716E-17
8150.91406679361  5.296014E-17
8156.43363189905  5.500223E-17
8161.95319700449  5.562248E-17
8167.47276210993  5.083388E-17
8172.99232721537  5.116342E-17
8178.51189232081  5.325339E-17
8184.03145742625  5.260953E-17
8189.55102253169  5.700267E-17
8195.07058763713  5.514404E-17
8200.59015274257  5.136114E-17
8206.10971784801  5.117369E-17
8211.62928295345  5.201186E-17
8217.14884805889  5.176431E-17
8222.66841316433  5.744847E-17
8228.18797826977  6.026405E-17
8233.70754337521  5.499821E-17
8239.22710848065  4.999547E-17
8244.74667358609  4.887277E-17
8250.26623869153  5.474136E-17
8255.78580379697  5.237627E-17
8261.30536890241  5.741480E-17
8266.82493400785  5.696698E-17
8272.34449911329  5.527841E-17
8277.86406421873  5.071105E-17
8283.38362932417  5.382922E-17
8288.90319442961  5.386584E-17
8294.42275953505  6.152152E-17
8299.94232464049  5.840064E-17
8305.46188974593  5.870948E-17
8310.98145485137  5.767167E-17
8316.50101995681  5.613544E-17
8322.02058506225  5.225914E-17
8327.54015016769  5.515092E-17
8333.05971527313  5.976604E-17
8338.57928037857  5.470455E-17
8344.09884548401  4.815767E-17
8349.61841058945  4.103705E-17
8355.13797569489  3.990668E-17
8360.65754080033  4.875802E-17
8366.17710590577  5.368031E-17
8371.69667101121  6.011223E-17
8377.21623611665  5.564550E-17
8382.73580122209  5.408480E-17
8388.25536632753  4.538640E-17
8393.77493143297  4.545079E-17
8399.29449653841  5.622769E-17
8404.81406164385  6.137842E-17
8410.33362674929  6.080026E-17
8415.85319185473  5.450988E-17
8421.37275696017  4.649359E-17
8426.89232206561  4.488097E-17
8432.41188717105  4.350520E-17
8437.93145227649  5.392013E-17
8443.45101738193  4.873310E-17
8448.97058248737  4.790267E-17
8454.49014759281  5.175292E-17
8460.00971269825  4.805436E-17
8465.52927780369  4.346085E-17
8471.04884290913  4.747226E-17
8476.56840801457  4.949728E-17
8482.08797312001  4.810361E-17
8487.60753822545  5.042165E-17
8493.12710333089  4.623406E-17
8498.64666843633  4.378433E-17
8504.16623354177  4.918682E-17
8509.68579864721  4.404744E-17
8515.20536375265  4.361021E-17
8520.72492885809  5.416022E-17
8526.24449396353  5.427412E-17
8531.76405906897  4.404405E-17
8537.28362417441  4.024537E-17
8542.80318927985  4.733719E-17
8548.32275438529  3.861860E-17
8553.84231949073  4.562199E-17
8559.36188459617  4.793175E-17
8564.88144970161  5.411236E-17
8570.40101480705  4.353437E-17
8575.92057991249  4.299125E-17
8581.44014501793  3.769689E-17
8586.95971012337  4.235968E-17
8592.47927522881  3.993322E-17
8597.99884033425  4.542023E-17
8603.51840543969  4.396022E-17
8609.03797054513  4.025586E-17
8614.55753565057  4.431977E-17
8620.07710075601  4.226427E-17
8625.59666586145  4.052233E-17
8631.11623096689  4.605662E-17
8636.63579607233  5.197349E-17
8642.15536117777  4.579747E-17
8647.67492628321  3.745867E-17
8653.19449138865  3.407850E-17
8658.71405649409  3.676723E-17
8664.23362159953  3.709346E-17
8669.75318670497  4.302942E-17
8675.27275181041  5.265897E-17
8680.79231691585  4.258978E-17
8686.31188202129  4.263124E-17
8691.83144712673  3.809863E-17
8697.35101223217  3.955803E-17
8702.87057733761  3.937097E-17
8708.39014244305  3.789023E-17
8713.90970754849  4.364316E-17
8719.42927265393  4.244066E-17
8724.94883775937  3.846021E-17
8730.46840286481  4.204928E-17
8735.98796797025  3.586773E-17
8741.50753307569  4.149250E-17
8747.02709818113  4.019014E-17
8752.54666328657  4.175149E-17
8758.06622839201  4.751358E-17
8763.58579349745  4.193112E-17
8769.10535860289  3.470790E-17
8774.62492370833  4.147854E-17
8780.14448881377  4.711798E-17
8785.66405391921  5.067481E-17
8791.18361902465  4.751901E-17
8796.70318413009  4.268342E-17
8802.22274923553  3.887081E-17
8807.74231434097  4.169433E-17
8813.26187944641  4.435893E-17
8818.78144455185  3.315235E-17
8824.30100965729  4.235203E-17
8829.82057476273  6.779550E-17
8835.34013986817  4.948099E-17
8840.85970497361  4.676340E-17
8846.37927007905  3.809547E-17
8851.89883518449  4.237176E-17
8857.41840028993  4.529459E-17
8862.93796539537  5.165027E-17
8868.45753050081  3.933256E-17
8873.97709560625  3.235911E-17
8879.49666071169  2.818740E-17
8885.01622581713  4.601959E-17
8890.53579092257  3.278063E-17
8896.05535602801  5.192328E-17
8901.57492113345  4.061207E-17
8907.09448623889  4.207585E-17
8912.61405134433  3.040228E-17
8918.13361644977  4.573273E-17
8923.65318155521  4.430527E-17
8929.17274666065  3.773417E-17
8934.69231176609  4.140110E-17
8940.21187687153  3.847760E-17
8945.73144197697  3.187557E-17
8951.25100708241  3.690847E-17
8956.77057218785  3.950965E-17
8962.29013729329  3.577479E-17
8967.80970239873  3.841659E-17
8973.32926750417  4.011306E-17
8978.84883260961  3.837047E-17
8984.36839771505  3.722921E-17
8989.88796282049  3.673738E-17
8995.40752792593  3.076783E-17
9000.92709303137  4.398077E-17
9006.44665813681  3.653592E-17
9011.96622324225  3.265500E-17
9017.48578834769  4.101112E-17
9023.00535345313  3.824205E-17
9028.52491855857  3.010276E-17
9034.04448366401  4.961247E-17
9039.56404876945  5.176197E-17
9045.08361387489  4.035781E-17
9050.60317898033  3.429562E-17
9056.12274408577  4.283922E-17
9061.64230919121  4.523971E-17
9067.16187429665  3.612301E-17
9072.68143940209  3.921607E-17
9078.20100450753  4.053729E-17
9083.72056961297  3.661024E-17
9089.24013471841  2.611802E-17
9094.75969982385  4.584480E-17
9100.27926492929  4.354130E-17
9105.79883003473  4.404715E-17
9111.31839514017  3.031779E-17
9116.83796024561  3.702082E-17
9122.35752535105  4.708186E-17
9127.87709045649  3.905517E-17
9133.39665556193  3.445989E-17
9138.91622066737  3.622755E-17
9144.43578577281  3.632902E-17
9149.95535087825  3.455884E-17
9155.47491598369  3.102647E-17
9160.99448108913  4.091797E-17
9166.51404619457  4.408586E-17
9172.03361130001  4.026952E-17
9177.55317640545  3.965250E-17
9183.07274151089  3.721225E-17
9188.59230661633  3.153343E-17
9194.11187172177  3.392226E-17
9199.63143682721  3.274626E-17
9205.15100193265  3.311160E-17
9210.67056703809  3.293756E-17
9216.19013214353  3.473526E-17
9221.70969724897  3.901361E-17
9227.22926235441  3.793974E-17
9232.74882745985  3.854481E-17
9238.26839256529  2.858630E-17
9243.78795767073  3.299949E-17
9249.30752277617  0.
