3654.49853516  2.263664E-17
3660.01509857553  2.677579E-17
3665.53166199106  2.439478E-17
3671.04822540659  1.894601E-17
3676.56478882212  2.271127E-17
3682.08135223765  2.502055E-17
3687.59791565318  2.321713E-17
3693.11447906871  2.607579E-17
3698.63104248424  3.316346E-17
3704.14760589977  2.358022E-17
3709.6641693153  2.136034E-17
3715.18073273083  1.694388E-17
3720.69729614636  3.061321E-17
3726.21385956189  2.786668E-17
3731.73042297742  2.548464E-17
3737.24698639295  2.161219E-17
3742.76354980848  2.897448E-17
3748.28011322401  2.836692E-17
3753.79667663954  2.833897E-17
3759.31324005507  3.312255E-17
3764.8298034706  2.339769E-17
3770.34636688613  2.910276E-17
3775.86293030166  3.001459E-17
3781.37949371719  2.079707E-17
3786.89605713272  2.914803E-17
3792.41262054825  2.777500E-17
3797.92918396378  3.212383E-17
3803.44574737931  2.162961E-17
3808.96231079484  3.330294E-17
3814.47887421037  2.784691E-17
3819.9954376259  2.831008E-17
3825.51200104143  3.046034E-17
3831.02856445696  2.681133E-17
3836.54512787249  3.806637E-17
3842.06169128802  2.564105E-17
3847.57825470355  3.123800E-17
3853.09481811908  2.620854E-17
3858.61138153461  2.470390E-17
3864.12794495014  2.622220E-17
3869.64450836567  2.786642E-17
3875.1610717812  3.642394E-17
3880.67763519673  2.276201E-17
3886.19419861226  2.642825E-17
3891.71076202779  3.259796E-17
3897.22732544332  3.243538E-17
3902.74388885885  3.546625E-17
3908.26045227438  3.527022E-17
3913.77701568991  3.437699E-17
3919.29357910544  3.099331E-17
3924.81014252097  3.482517E-17
3930.3267059365  2.923344E-17
3935.84326935203  2.868397E-17
3941.35983276756  2.901536E-17
3946.87639618309  3.359021E-17
3952.39295959862  2.781188E-17
3957.90952301415  3.310578E-17
3963.42608642968  3.609609E-17
3968.94264984521  4.029646E-17
3974.45921326074  3.554113E-17
3979.97577667627  3.697386E-17
3985.4923400918  3.578586E-17
3991.00890350733  3.245103E-17
3996.52546692286  3.469345E-17
4002.04203033839  3.337498E-17
4007.55859375392  3.889987E-17
4013.07515716945  3.786454E-17
4018.59172058498  3.751639E-17
4024.10828400051  3.290474E-17
4029.62484741604  3.574674E-17
4035.14141083157  3.925564E-17
4040.6579742471  3.546965E-17
4046.17453766263  3.835255E-17
4051.69110107816  3.634280E-17
4057.20766449369  3.517222E-17
4062.72422790922  3.865411E-17
4068.24079132475  3.921823E-17
4073.75735474028  3.966887E-17
4079.27391815581  3.514014E-17
4084.79048157134  3.931943E-17
4090.30704498687  3.601480E-17
4095.8236084024  4.163740E-17
4101.34017181793  3.910968E-17
4106.85673523346  4.068472E-17
4112.37329864899  4.234993E-17
4117.88986206452  3.960969E-17
4123.40642548005  4.112798E-17
4128.92298889558  4.215207E-17
4134.43955231111  3.800247E-17
4139.95611572664  4.504451E-17
4145.47267914217  4.459304E-17
4150.9892425577  4.070279E-17
4156.50580597323  4.050306E-17
4162.02236938876  4.250812E-17
4167.53893280429  4.393942E-17
4173.05549621982  4.435442E-17
4178.57205963535  4.408360E-17
4184.08862305088  4.225979E-17
4189.60518646641  4.671534E-17
4195.12174988194  4.599166E-17
4200.63831329747  3.714617E-17
4206.154876713  4.014065E-17
4211.67144012853  4.276054E-17
4217.18800354406  4.204033E-17
4222.70456695959  4.198225E-17
4228.22113037512  3.908581E-17
4233.73769379065  4.333660E-17
4239.25425720618  4.031059E-17
4244.77082062171  3.863682E-17
4250.28738403724  4.436878E-17
4255.80394745277  5.059248E-17
4261.3205108683  4.533564E-17
4266.83707428383  4.400135E-17
4272.35363769936  4.435908E-17
4277.87020111489  4.250797E-17
4283.38676453042  4.149263E-17
4288.90332794595  4.266313E-17
4294.41989136148  4.825331E-17
4299.93645477701  4.383329E-17
4305.45301819254  4.322178E-17
4310.96958160807  4.367436E-17
4316.4861450236  4.331407E-17
4322.00270843913  4.561033E-17
4327.51927185466  4.235189E-17
4333.03583527019  3.943405E-17
4338.55239868572  4.182680E-17
4344.06896210125  4.287074E-17
4349.58552551678  4.446377E-17
4355.10208893231  3.582815E-17
4360.61865234784  4.389708E-17
4366.13521576337  5.145288E-17
4371.6517791789  4.658247E-17
4377.16834259443  4.542816E-17
4382.68490600996  4.494046E-17
4388.20146942549  4.691780E-17
4393.71803284102  4.602143E-17
4399.23459625655  4.943482E-17
4404.75115967208  4.437981E-17
4410.26772308761  4.700708E-17
4415.78428650314  5.052669E-17
4421.30084991867  4.539692E-17
4426.8174133342  4.883739E-17
4432.33397674973  5.078936E-17
4437.85054016526  4.932054E-17
4443.36710358079  4.433977E-17
4448.88366699632  5.058753E-17
4454.40023041185  5.095433E-17
4459.91679382738  5.663600E-17
4465.43335724291  5.334838E-17
4470.94992065844  5.657808E-17
4476.46648407397  6.052488E-17
4481.9830474895  6.047161E-17
4487.49961090503  5.909744E-17
4493.01617432056  5.978076E-17
4498.53273773609  5.865393E-17
4504.04930115162  6.008230E-17
4509.56586456715  5.796616E-17
4515.08242798268  6.303889E-17
4520.59899139821  6.030941E-17
4526.11555481374  6.304519E-17
4531.63211822927  6.453006E-17
4537.1486816448  6.417536E-17
4542.66524506033  6.007314E-17
4548.18180847586  6.163698E-17
4553.6983718914  6.249238E-17
4559.21493530692  6.585732E-17
4564.73149872245  6.350819E-17
4570.24806213798  6.344374E-17
4575.76462555351  7.009954E-17
4581.28118896904  6.261133E-17
4586.79775238457  6.172185E-17
4592.3143158001  6.310747E-17
4597.83087921563  6.089168E-17
4603.34744263116  6.109106E-17
4608.86400604669  5.794279E-17
4614.38056946222  5.856853E-17
4619.89713287776  6.123394E-17
4625.41369629328  5.931093E-17
4630.93025970881  6.128616E-17
4636.44682312434  5.464927E-17
4641.96338653987  5.765705E-17
4647.4799499554  5.732286E-17
4652.99651337093  5.785086E-17
4658.51307678646  5.772299E-17
4664.02964020199  5.703215E-17
4669.54620361752  5.511797E-17
4675.06276703305  5.707352E-17
4680.57933044859  5.916472E-17
4686.09589386411  5.422972E-17
4691.61245727964  6.025309E-17
4697.12902069517  5.806194E-17
4702.6455841107  6.029474E-17
4708.16214752623  5.345926E-17
4713.67871094176  5.810821E-17
4719.19527435729  5.822276E-17
4724.71183777282  4.862242E-17
4730.22840118835  5.104282E-17
4735.74496460388  5.256557E-17
4741.26152801941  5.625283E-17
4746.77809143494  5.684708E-17
4752.29465485047  5.305508E-17
4757.811218266  5.330907E-17
4763.32778168153  5.403248E-17
4768.84434509706  5.266537E-17
4774.36090851259  5.066359E-17
4779.87747192812  5.558510E-17
4785.39403534365  5.420304E-17
4790.91059875919  4.940058E-17
4796.42716217471  5.280953E-17
4801.94372559024  5.395321E-17
4807.46028900577  5.072455E-17
4812.9768524213  5.031061E-17
4818.49341583683  5.151012E-17
4824.00997925237  5.070733E-17
4829.52654266789  4.900382E-17
4835.04310608342  5.142412E-17
4840.55966949895  4.927288E-17
4846.07623291448  5.337701E-17
4851.59279633001  5.224568E-17
4857.10935974554  5.072634E-17
4862.62592316107  5.097814E-17
4868.1424865766  5.141444E-17
4873.65904999213  5.037628E-17
4879.17561340766  4.860421E-17
4884.69217682319  4.932594E-17
4890.20874023872  5.142853E-17
4895.72530365425  5.184655E-17
4901.24186706978  4.591680E-17
4906.75843048531  4.808986E-17
4912.27499390084  5.372190E-17
4917.79155731637  5.429138E-17
4923.30812073191  5.071325E-17
4928.82468414743  4.857827E-17
4934.34124756296  5.043272E-17
4939.85781097849  5.519908E-17
4945.37437439402  5.292525E-17
4950.89093780955  4.888119E-17
4956.40750122508  4.936863E-17
4961.92406464061  4.866391E-17
4967.44062805614  5.182110E-17
4972.95719147167  4.971435E-17
4978.4737548872  4.681108E-17
4983.99031830273  4.869986E-17
4989.50688171827  4.565088E-17
4995.02344513379  4.788470E-17
5000.54000854932  4.908917E-17
5006.05657196486  4.572063E-17
5011.57313538038  5.066754E-17
5017.08969879591  4.941437E-17
5022.60626221144  5.054164E-17
5028.12282562698  5.043479E-17
5033.6393890425  4.769108E-17
5039.15595245803  4.996676E-17
5044.67251587357  5.466491E-17
5050.1890792891  4.946290E-17
5055.70564270463  5.062878E-17
5061.22220612016  5.278864E-17
5066.73876953569  5.144610E-17
5072.25533295121  5.111890E-17
5077.77189636675  5.398428E-17
5083.28845978227  5.003965E-17
5088.80502319781  5.859948E-17
5094.32158661334  6.074630E-17
5099.83815002886  5.409929E-17
5105.35471344439  5.748564E-17
5110.87127685993  5.851396E-17
5116.38784027546  5.875985E-17
5121.90440369099  6.261023E-17
5127.42096710652  6.068225E-17
5132.93753052204  5.759620E-17
5138.45409393757  6.423680E-17
5143.97065735311  6.149770E-17
5149.48722076864  6.372552E-17
5155.00378418416  6.719121E-17
5160.5203475997  7.128476E-17
5166.03691101522  7.095036E-17
5171.55347443075  7.296171E-17
5177.07003784629  7.438199E-17
5182.58660126181  7.097525E-17
5188.10316467734  7.006662E-17
5193.61972809288  6.738445E-17
5199.13629150841  7.248981E-17
5204.65285492393  7.659194E-17
5210.16941833947  7.073548E-17
5215.68598175499  7.718140E-17
5221.20254517052  8.455862E-17
5226.71910858606  8.656844E-17
5232.23567200159  8.189057E-17
5237.75223541711  7.855832E-17
5243.26879883264  8.138832E-17
5248.78536224818  8.142070E-17
5254.30192566371  7.907518E-17
5259.81848907924  7.768448E-17
5265.33505249476  7.773792E-17
5270.85161591029  8.080357E-17
5276.36817932583  7.847874E-17
5281.88474274136  7.812837E-17
5287.40130615689  8.049151E-17
5292.91786957242  8.007974E-17
5298.43443298794  7.498892E-17
5303.95099640348  7.529825E-17
5309.46755981901  7.839678E-17
5314.98412323454  7.665133E-17
5320.50068665006  7.501684E-17
5326.0172500656  7.389286E-17
5331.53381348112  7.314404E-17
5337.05037689665  7.484922E-17
5342.56694031219  7.175953E-17
5348.08350372771  6.950087E-17
5353.60006714325  7.287214E-17
5359.11663055878  7.079684E-17
5364.6331939743  7.150579E-17
5370.14975738984  6.972327E-17
5375.66632080537  7.193879E-17
5381.18288422089  6.998606E-17
5386.69944763643  6.582553E-17
5392.21601105196  7.099033E-17
5397.73257446748  7.593543E-17
5403.24913788302  6.868099E-17
5408.76570129855  6.818506E-17
5414.28226471408  6.417227E-17
5419.79882812961  6.532374E-17
5425.31539154514  6.975735E-17
5430.83195496067  7.006860E-17
5436.3485183762  6.300379E-17
5441.86508179173  6.470149E-17
5447.38164520726  7.120681E-17
5452.89820862279  6.623456E-17
5458.41477203832  6.760903E-17
5463.93133545385  6.262512E-17
5469.44789886937  6.969920E-17
5474.9644622849  6.357579E-17
5480.48102570044  6.517296E-17
5485.99758911597  6.902005E-17
5491.5141525315  6.816578E-17
5497.03071594703  6.385764E-17
5502.54727936255  6.881086E-17
5508.06384277809  6.607966E-17
5513.58040619362  6.635219E-17
5519.09696960915  6.690719E-17
5524.61353302467  7.228982E-17
5530.13009644021  6.365031E-17
5535.64665985573  6.615691E-17
5541.16322327127  6.617940E-17
5546.6797866868  6.786826E-17
5552.19635010232  6.385641E-17
5557.71291351786  6.871413E-17
5563.22947693339  6.445686E-17
5568.74604034891  5.648897E-17
5574.26260376445  6.100132E-17
5579.77916717998  6.727633E-17
5585.29573059551  6.459886E-17
5590.81229401104  6.145847E-17
5596.32885742657  7.050761E-17
5601.84542084209  6.750884E-17
5607.36198425763  6.369716E-17
5612.87854767316  6.656994E-17
5618.39511108868  6.215830E-17
5623.91167450422  7.146232E-17
5629.42823791975  6.235404E-17
5634.94480133528  6.363714E-17
5640.46136475081  6.419453E-17
5645.97792816634  6.425859E-17
5651.49449158186  6.261478E-17
5657.0110549974  6.194789E-17
5662.52761841293  6.327281E-17
5668.04418182846  5.734655E-17
5673.56074524399  6.219639E-17
5679.07730865951  6.682457E-17
5684.59387207505  6.014539E-17
5690.11043549058  6.816913E-17
5695.62699890611  6.122676E-17
5701.14356232163  5.616769E-17
5706.66012573716  5.505241E-17
5712.1766891527  5.691645E-17
5717.69325256823  5.770491E-17
5723.20981598376  5.964163E-17
5728.72637939929  5.945976E-17
5734.24294281482  6.199652E-17
5739.75950623034  5.512470E-17
5745.27606964588  5.586790E-17
5750.7926330614  5.561985E-17
5756.30919647694  5.417750E-17
5761.82575989247  5.588177E-17
5767.342323308  5.773861E-17
5772.85888672352  5.719240E-17
5778.37545013906  6.076815E-17
5783.89201355459  5.760175E-17
5789.40857697012  6.104399E-17
5794.92514038565  5.992241E-17
5800.44170380118  5.986918E-17
5805.95826721671  5.445400E-17
5811.47483063224  5.267571E-17
5816.99139404777  5.738372E-17
5822.50795746329  5.275965E-17
5828.02452087883  5.316777E-17
5833.54108429436  5.747475E-17
5839.05764770989  6.132863E-17
5844.57421112542  5.966604E-17
5850.09077454095  5.844368E-17
5855.60733795648  5.836684E-17
5861.12390137201  5.461544E-17
5866.64046478754  5.627562E-17
5872.15702820307  6.192999E-17
5877.6735916186  5.880276E-17
5883.19015503413  5.505563E-17
5888.70671844966  6.102679E-17
5894.22328186519  6.234159E-17
5899.73984528072  6.064432E-17
5905.25640869624  6.271824E-17
5910.77297211178  6.445229E-17
5916.28953552731  6.423216E-17
5921.80609894284  6.543764E-17
5927.32266235837  6.500675E-17
5932.8392257739  6.483162E-17
5938.35578918942  6.420178E-17
5943.87235260496  6.929416E-17
5949.38891602049  6.772772E-17
5954.90547943602  6.556485E-17
5960.42204285155  6.753134E-17
5965.93860626708  6.365860E-17
5971.45516968261  6.862940E-17
5976.97173309814  6.948117E-17
5982.48829651367  6.631338E-17
5988.00485992919  6.563738E-17
5993.52142334473  7.156392E-17
5999.03798676026  7.352078E-17
6004.55455017578  6.869937E-17
6010.07111359132  7.228579E-17
6015.58767700684  7.519205E-17
6021.10424042238  7.162705E-17
6026.62080383791  7.193957E-17
6032.13736725344  7.041900E-17
6037.65393066897  7.580780E-17
6043.1704940845  7.699188E-17
6048.68705750003  7.503519E-17
6054.20362091556  7.495135E-17
6059.72018433109  7.384230E-17
6065.23674774662  7.439905E-17
6070.75331116215  7.615401E-17
6076.26987457768  7.648981E-17
6081.78643799321  7.433418E-17
6087.30300140874  7.801735E-17
6092.81956482427  7.801650E-17
6098.3361282398  7.839360E-17
6103.85269165533  7.707940E-17
6109.36925507086  7.635277E-17
6114.88581848639  7.847146E-17
6120.40238190192  7.687545E-17
6125.91894531745  7.327726E-17
6131.43550873298  7.710861E-17
6136.95207214851  7.521389E-17
6142.46863556403  7.689069E-17
6147.98519897957  7.837594E-17
6153.5017623951  7.762182E-17
6159.01832581063  8.086363E-17
6164.53488922616  7.778478E-17
6170.05145264169  7.528500E-17
6175.56801605722  7.776294E-17
6181.08457947275  7.980563E-17
6186.60114288828  8.238410E-17
6192.1177063038  8.124340E-17
6197.63426971934  7.999156E-17
6203.15083313487  8.327679E-17
6208.6673965504  8.286987E-17
6214.18395996593  8.068870E-17
6219.70052338146  8.219940E-17
6225.21708679699  8.164057E-17
6230.73365021252  8.429368E-17
6236.25021362805  8.291737E-17
6241.76677704358  8.425320E-17
6247.28334045911  8.911515E-17
6252.79990387464  8.543021E-17
6258.31646729017  8.115758E-17
6263.8330307057  8.275511E-17
6269.34959412123  8.323661E-17
6274.86615753676  8.172409E-17
6280.38272095229  8.340398E-17
6285.89928436782  8.198738E-17
6291.41584778335  7.566341E-17
6296.93241119888  7.724698E-17
6302.44897461441  8.049506E-17
6307.96553802994  7.458205E-17
6313.48210144547  7.437100E-17
6318.998664861  7.522905E-17
6324.51522827653  7.746550E-17
6330.03179169206  7.904639E-17
6335.54835510759  8.027609E-17
6341.06491852312  8.398133E-17
6346.58148193865  8.532484E-17
6352.09804535418  7.907403E-17
6357.61460876971  8.153127E-17
6363.13117218524  7.997916E-17
6368.64773560077  8.015113E-17
6374.1642990163  8.428136E-17
6379.68086243183  7.834639E-17
6385.19742584736  8.242720E-17
6390.71398926289  7.992238E-17
6396.23055267842  8.183644E-17
6401.74711609395  8.083411E-17
6407.26367950948  7.921553E-17
6412.78024292501  7.641119E-17
6418.29680634054  8.041745E-17
6423.81336975607  7.837608E-17
6429.3299331716  7.772826E-17
6434.84649658713  7.906025E-17
6440.36306000266  7.427907E-17
6445.87962341819  7.296042E-17
6451.39618683371  7.686900E-17
6456.91275024925  7.624044E-17
6462.42931366478  7.781216E-17
6467.94587708031  7.611128E-17
6473.46244049584  7.177572E-17
6478.97900391137  7.069289E-17
6484.4955673269  7.099812E-17
6490.01213074243  7.402325E-17
6495.52869415796  7.631214E-17
6501.04525757349  7.156217E-17
6506.56182098902  7.118990E-17
6512.07838440455  7.050408E-17
6517.59494782008  6.291868E-17
6523.11151123561  6.065671E-17
6528.62807465114  6.793356E-17
6534.14463806667  6.701043E-17
6539.6612014822  6.452295E-17
6545.17776489773  6.771617E-17
6550.69432831326  6.570386E-17
6556.21089172879  6.172949E-17
6561.72745514432  6.198276E-17
6567.24401855985  6.372975E-17
6572.76058197538  6.537842E-17
6578.27714539091  5.918039E-17
6583.79370880644  5.625978E-17
6589.31027222197  5.930840E-17
6594.8268356375  6.242448E-17
6600.34339905303  6.132207E-17
6605.85996246856  6.552299E-17
6611.37652588409  5.958503E-17
6616.89308929962  6.397979E-17
6622.40965271515  6.577907E-17
6627.92621613068  6.733257E-17
6633.44277954621  6.192039E-17
6638.95934296174  6.074936E-17
6644.47590637727  6.001679E-17
6649.9924697928  6.140571E-17
6655.50903320833  6.083667E-17
6661.02559662386  5.919244E-17
6666.54216003939  5.813103E-17
6672.05872345492  5.762798E-17
6677.57528687045  5.647429E-17
6683.09185028598  5.822513E-17
6688.60841370151  5.969292E-17
6694.12497711704  6.046109E-17
6699.64154053257  5.897571E-17
6705.1581039481  5.647720E-17
6710.67466736363  5.785187E-17
6716.19123077916  6.077010E-17
6721.70779419469  5.666575E-17
6727.22435761022  5.407038E-17
6732.74092102575  5.490291E-17
6738.25748444128  5.300607E-17
6743.77404785681  5.363399E-17
6749.29061127234  5.503811E-17
6754.80717468787  6.025119E-17
6760.3237381034  5.937072E-17
6765.84030151893  5.409155E-17
6771.35686493446  5.582732E-17
6776.87342834999  6.022056E-17
6782.38999176552  5.801028E-17
6787.90655518105  5.760136E-17
6793.42311859658  4.764081E-17
6798.93968201211  5.683271E-17
6804.45624542764  5.339799E-17
6809.97280884317  5.489127E-17
6815.4893722587  5.346013E-17
6821.00593567423  5.041067E-17
6826.52249908976  5.169823E-17
6832.03906250529  5.157620E-17
6837.55562592082  5.000287E-17
6843.07218933635  5.310460E-17
6848.58875275188  5.140696E-17
6854.10531616741  4.931674E-17
6859.62187958294  5.010948E-17
6865.13844299847  4.886546E-17
6870.655006414  4.957753E-17
6876.17156982953  4.857027E-17
6881.68813324505  4.532336E-17
6887.20469666059  4.854400E-17
6892.72126007612  5.245954E-17
6898.23782349165  5.393453E-17
6903.75438690718  5.491693E-17
6909.27095032271  5.119002E-17
6914.78751373824  5.033779E-17
6920.30407715377  5.372439E-17
6925.8206405693  5.173100E-17
6931.33720398483  5.369856E-17
6936.85376740036  4.776440E-17
6942.37033081589  4.819654E-17
6947.88689423142  5.387610E-17
6953.40345764695  4.990459E-17
6958.92002106248  5.187339E-17
6964.43658447801  5.182371E-17
6969.95314789354  4.841184E-17
6975.46971130907  5.075464E-17
6980.9862747246  5.126285E-17
6986.50283814013  5.014016E-17
6992.01940155566  4.849955E-17
6997.53596497119  4.750094E-17
7003.05252838672  4.878270E-17
7008.56909180225  5.340891E-17
7014.08565521778  5.246101E-17
7019.60221863331  5.237544E-17
7025.11878204884  5.361231E-17
7030.63534546437  5.224665E-17
7036.1519088799  5.268067E-17
7041.66847229543  5.391286E-17
7047.18503571096  5.268089E-17
7052.70159912649  5.067106E-17
7058.21816254202  4.812946E-17
7063.73472595755  4.922103E-17
7069.25128937308  4.875011E-17
7074.76785278861  4.646185E-17
7080.28441620414  4.699872E-17
7085.80097961967  4.613227E-17
7091.3175430352  4.139951E-17
7096.83410645073  4.759912E-17
7102.35066986626  4.819908E-17
7107.86723328179  4.799274E-17
7113.38379669732  5.198515E-17
7118.90036011285  4.916395E-17
7124.41692352838  5.007641E-17
7129.93348694391  4.637992E-17
7135.45005035944  4.973239E-17
7140.96661377497  4.614886E-17
7146.4831771905  4.885250E-17
7151.99974060603  4.771418E-17
7157.51630402156  4.716362E-17
7163.03286743709  4.628098E-17
7168.54943085262  4.655204E-17
7174.06599426815  4.277360E-17
7179.58255768368  4.255170E-17
7185.09912109921  4.632064E-17
7190.61568451474  4.725713E-17
7196.13224793027  4.691686E-17
7201.6488113458  4.887252E-17
7207.16537476133  5.048770E-17
7212.68193817686  4.609931E-17
7218.19850159239  4.802031E-17
7223.71506500792  5.410453E-17
7229.23162842345  5.519354E-17
7234.74819183898  5.125403E-17
7240.26475525451  5.378356E-17
7245.78131867004  5.760794E-17
7251.29788208557  5.129265E-17
7256.8144455011  5.519860E-17
7262.33100891663  5.260159E-17
7267.84757233216  5.255912E-17
7273.36413574769  5.616844E-17
7278.88069916322  5.872092E-17
7284.39726257875  6.084557E-17
7289.91382599428  5.089703E-17
7295.43038940981  5.547763E-17
7300.94695282534  5.970880E-17
7306.46351624087  6.055252E-17
7311.9800796564  6.023333E-17
7317.49664307193  5.453400E-17
7323.01320648746  5.998115E-17
7328.52976990299  6.211978E-17
7334.04633331852  5.688321E-17
7339.56289673405  5.525153E-17
7345.07946014958  5.519321E-17
7350.59602356511  5.891815E-17
7356.11258698064  6.225788E-17
7361.62915039617  5.903297E-17
7367.1457138117  6.264645E-17
7372.66227722723  5.402348E-17
7378.17884064276  5.693493E-17
7383.69540405829  6.078726E-17
7389.21196747382  5.854704E-17
7394.72853088935  6.131781E-17
7400.24509430488  5.620884E-17
7405.76165772041  5.795355E-17
7411.27822113594  5.452196E-17
7416.79478455147  5.847060E-17
7422.311347967  6.423255E-17
7427.82791138253  5.680181E-17
7433.34447479806  6.130369E-17
7438.86103821359  6.080253E-17
7444.37760162912  5.852483E-17
7449.89416504465  5.739841E-17
7455.41072846018  6.097544E-17
7460.92729187571  6.482218E-17
7466.44385529124  6.036386E-17
7471.96041870677  5.617405E-17
7477.4769821223  6.043099E-17
7482.99354553783  6.057967E-17
7488.51010895336  6.081616E-17
7494.02667236889  6.372370E-17
7499.54323578442  6.369787E-17
7505.05979919995  6.065385E-17
7510.57636261548  6.106743E-17
7516.09292603101  6.387303E-17
7521.60948944654  6.461004E-17
7527.12605286207  6.118311E-17
7532.6426162776  5.640131E-17
7538.15917969313  5.867149E-17
7543.67574310866  6.125796E-17
7549.19230652419  5.824773E-17
7554.70886993972  6.951623E-17
7560.22543335525  5.440210E-17
7565.74199677078  5.500220E-17
7571.25856018631  5.754401E-17
7576.77512360184  5.725043E-17
7582.29168701737  6.725939E-17
7587.8082504329  7.028871E-17
7593.32481384843  7.618945E-17
7598.84137726396  7.011825E-17
7604.35794067949  5.471036E-17
7609.87450409502  3.981027E-17
7615.39106751055  3.595759E-17
7620.90763092608  5.005105E-17
7626.42419434161  6.107644E-17
7631.94075775714  5.974104E-17
7637.45732117267  4.567432E-17
7642.9738845882  4.988527E-17
7648.49044800373  5.152507E-17
7654.00701141926  4.673369E-17
7659.52357483479  5.628904E-17
7665.04013825032  5.506722E-17
7670.55670166585  5.098561E-17
7676.07326508138  4.858898E-17
7681.58982849691  5.959453E-17
7687.10639191244  6.142811E-17
7692.62295532797  5.881649E-17
7698.1395187435  6.042615E-17
7703.65608215903  5.285183E-17
7709.17264557456  4.918101E-17
7714.68920899009  5.836659E-17
7720.20577240562  6.425532E-17
7725.72233582115  6.053272E-17
7731.23889923668  5.465831E-17
7736.75546265221  5.008590E-17
7742.27202606774  5.344596E-17
7747.78858948327  5.084882E-17
7753.3051528988  5.610457E-17
7758.82171631433  5.952054E-17
7764.33827972986  5.107725E-17
7769.85484314539  4.974862E-17
7775.37140656092  4.888910E-17
7780.88796997645  4.621018E-17
7786.40453339198  4.747837E-17
7791.92109680751  4.898531E-17
7797.43766022304  4.969161E-17
7802.95422363857  5.287682E-17
7808.4707870541  4.509849E-17
7813.98735046963  4.554730E-17
7819.50391388516  4.267312E-17
7825.02047730069  4.620014E-17
7830.53704071622  5.912178E-17
7836.05360413175  4.918169E-17
7841.57016754728  4.276344E-17
7847.08673096281  4.561098E-17
7852.60329437834  3.469299E-17
7858.11985779387  4.573753E-17
7863.6364212094  4.953155E-17
7869.15298462493  4.479235E-17
7874.66954804046  4.597381E-17
7880.18611145599  4.357212E-17
7885.70267487152  4.104020E-17
7891.21923828705  4.442063E-17
7896.73580170258  5.507495E-17
7902.25236511811  5.166266E-17
7907.76892853364  4.156533E-17
7913.28549194917  4.207434E-17
7918.8020553647  3.995724E-17
7924.31861878023  4.221774E-17
7929.83518219576  4.878102E-17
7935.35174561129  5.430047E-17
7940.86830902682  5.080168E-17
7946.38487244235  4.600562E-17
7951.90143585788  4.630808E-17
7957.41799927341  4.049840E-17
7962.93456268894  4.872103E-17
7968.45112610447  5.459696E-17
7973.96768952  4.227215E-17
7979.48425293553  4.744457E-17
7985.00081635106  3.687618E-17
7990.51737976659  3.976102E-17
7996.03394318212  4.670790E-17
8001.55050659765  5.246502E-17
8007.06707001318  4.314295E-17
8012.58363342871  4.465950E-17
8018.10019684424  4.365545E-17
8023.61676025977  4.083581E-17
8029.1333236753  3.730866E-17
8034.64988709083  4.098393E-17
8040.16645050636  4.464290E-17
8045.68301392189  4.182178E-17
8051.19957733742  3.982094E-17
8056.71614075295  4.193797E-17
8062.23270416848  3.897241E-17
8067.74926758401  4.144793E-17
8073.26583099954  4.800111E-17
8078.78239441507  3.928175E-17
8084.2989578306  4.319254E-17
8089.81552124613  4.188857E-17
8095.33208466166  4.203917E-17
8100.84864807719  4.786609E-17
8106.36521149272  4.146768E-17
8111.88177490825  4.672667E-17
8117.39833832378  4.626965E-17
8122.91490173931  4.959386E-17
8128.43146515484  4.014903E-17
8133.94802857037  3.891691E-17
8139.4645919859  4.002739E-17
8144.98115540143  3.889930E-17
8150.49771881696  4.648915E-17
8156.01428223249  4.654415E-17
8161.53084564802  3.962485E-17
8167.04740906355  3.986049E-17
8172.56397247908  4.034807E-17
8178.08053589461  4.603728E-17
8183.59709931014  4.764995E-17
8189.11366272567  4.463148E-17
8194.6302261412  4.315745E-17
8200.14678955673  3.929380E-17
8205.66335297226  3.852812E-17
8211.17991638779  3.950535E-17
8216.69647980332  5.023681E-17
8222.21304321885  4.751319E-17
8227.72960663438  4.259161E-17
8233.24617004991  4.303151E-17
8238.76273346544  4.008450E-17
8244.27929688097  3.661427E-17
8249.7958602965  4.313936E-17
8255.31242371203  4.114720E-17
8260.82898712756  5.126514E-17
8266.34555054309  3.733614E-17
8271.86211395862  4.213434E-17
8277.37867737415  4.216908E-17
8282.89524078968  4.315220E-17
8288.41180420521  5.431601E-17
8293.92836762074  4.793721E-17
8299.44493103627  5.108836E-17
8304.9614944518  4.510461E-17
8310.47805786733  4.236438E-17
8315.99462128286  4.471265E-17
8321.51118469839  4.026531E-17
8327.02774811392  4.491859E-17
8332.54431152945  4.383784E-17
8338.06087494498  3.643731E-17
8343.57743836051  3.577997E-17
8349.09400177604  3.920909E-17
8354.61056519157  4.209426E-17
8360.1271286071  3.482149E-17
8365.64369202263  3.897203E-17
8371.16025543816  4.896663E-17
8376.67681885369  4.949040E-17
8382.19338226922  4.023684E-17
8387.70994568475  3.437735E-17
8393.22650910028  4.068516E-17
8398.74307251581  4.638960E-17
8404.25963593134  5.030656E-17
8409.77619934687  4.387324E-17
8415.2927627624  4.137231E-17
8420.80932617793  3.889880E-17
8426.32588959346  3.754764E-17
8431.84245300899  4.703203E-17
8437.35901642452  4.761464E-17
8442.87557984005  5.188142E-17
8448.39214325558  4.462427E-17
8453.90870667111  4.307818E-17
8459.42527008664  3.945604E-17
8464.94183350217  3.831272E-17
8470.4583969177  4.086548E-17
8475.97496033323  4.185290E-17
8481.49152374876  5.216025E-17
8487.00808716429  4.904243E-17
8492.52465057982  3.486759E-17
8498.04121399535  3.635752E-17
8503.55777741088  4.311983E-17
8509.07434082641  4.761625E-17
8514.59090424194  3.898827E-17
8520.10746765747  3.689447E-17
8525.624031073  4.656639E-17
8531.14059448853  3.811101E-17
8536.65715790406  3.733420E-17
8542.17372131959  3.627538E-17
8547.69028473512  4.388631E-17
8553.20684815065  4.258775E-17
8558.72341156618  4.729980E-17
8564.23997498171  3.922542E-17
8569.75653839724  3.354662E-17
8575.27310181277  2.962808E-17
8580.7896652283  3.741475E-17
8586.30622864383  4.144738E-17
8591.82279205936  3.251380E-17
8597.33935547489  2.759628E-17
8602.85591889042  3.526303E-17
8608.37248230595  4.086035E-17
8613.88904572148  3.744997E-17
8619.40560913701  2.985047E-17
8624.92217255254  3.043013E-17
8630.43873596807  3.138597E-17
8635.9552993836  3.491240E-17
8641.47186279913  3.796068E-17
8646.98842621466  2.886226E-17
8652.50498963019  2.250813E-17
8658.02155304572  2.856944E-17
8663.53811646125  3.316730E-17
8669.05467987678  3.642952E-17
8674.57124329231  2.635993E-17
8680.08780670784  2.678110E-17
8685.60437012337  3.161666E-17
8691.1209335389  3.281142E-17
8696.63749695443  3.104850E-17
8702.15406036996  4.041084E-17
8707.67062378549  3.698774E-17
8713.18718720102  3.872335E-17
8718.70375061655  3.835943E-17
8724.22031403208  3.636473E-17
8729.73687744761  3.203003E-17
8735.25344086314  3.789259E-17
8740.77000427867  4.060719E-17
8746.2865676942  3.901612E-17
8751.80313110973  4.198637E-17
8757.31969452526  4.437110E-17
8762.83625794079  2.984169E-17
8768.35282135632  1.965300E-17
8773.86938477185  2.928292E-17
8779.38594818738  3.784962E-17
8784.90251160291  3.685764E-17
8790.41907501844  4.051900E-17
8795.93563843397  4.379759E-17
8801.4522018495  4.024745E-17
8806.96876526503  3.434435E-17
8812.48532868056  3.347014E-17
8818.00189209609  4.244480E-17
8823.51845551162  4.780911E-17
8829.03501892715  5.064616E-17
8834.55158234268  4.309515E-17
8840.06814575821  4.450627E-17
8845.58470917374  2.186610E-17
8851.10127258927  3.016168E-17
8856.6178360048  4.870897E-17
8862.13439942033  5.580905E-17
8867.65096283586  3.873122E-17
8873.16752625139  3.692998E-17
8878.68408966692  3.556985E-17
8884.20065308245  4.018270E-17
8889.71721649798  3.813877E-17
8895.23377991351  4.148416E-17
8900.75034332904  3.939765E-17
8906.26690674457  4.861296E-17
8911.7834701601  3.916239E-17
8917.30003357563  2.438797E-17
8922.81659699116  3.742100E-17
8928.33316040669  5.017006E-17
8933.84972382222  5.233436E-17
8939.36628723775  4.814874E-17
8944.88285065328  3.669402E-17
8950.39941406881  3.266748E-17
8955.91597748434  4.059265E-17
8961.43254089987  3.732773E-17
8966.9491043154  4.597468E-17
8972.46566773093  4.780795E-17
8977.98223114646  3.871952E-17
8983.49879456199  3.966212E-17
8989.01535797752  4.365231E-17
8994.53192139305  4.807240E-17
9000.04848480858  4.089183E-17
9005.56504822411  4.851857E-17
9011.08161163964  3.893049E-17
9016.59817505517  4.217002E-17
9022.1147384707  3.742744E-17
9027.63130188623  3.344839E-17
9033.14786530176  4.766219E-17
9038.66442871729  3.902570E-17
9044.18099213282  3.935591E-17
9049.69755554835  2.272666E-17
9055.21411896388  3.907979E-17
9060.73068237941  4.105205E-17
9066.24724579494  3.339357E-17
9071.76380921047  3.549096E-17
9077.280372626  4.066129E-17
9082.79693604153  3.826647E-17
9088.31349945706  3.595493E-17
9093.83006287259  3.274020E-17
9099.34662628812  4.746321E-17
9104.86318970365  2.973473E-17
9110.37975311918  3.807557E-17
9115.89631653471  4.834663E-17
9121.41287995024  5.053941E-17
9126.92944336577  4.744797E-17
9132.4460067813  4.893598E-17
9137.96257019683  4.260180E-17
9143.47913361236  2.981709E-17
9148.99569702789  2.747806E-17
9154.51226044342  3.930644E-17
9160.02882385895  4.903266E-17
9165.54538727448  4.206951E-17
9171.06195069001  3.803612E-17
9176.57851410554  4.185803E-17
9182.09507752107  3.716026E-17
9187.6116409366  4.133410E-17
9193.12820435213  2.977280E-17
9198.64476776766  3.122579E-17
9204.16133118319  3.563166E-17
9209.67789459872  2.996001E-17
9215.19445801425  3.649159E-17
9220.71102142978  2.527535E-17
9226.22758484531  3.341868E-17
9231.74414826084  2.648185E-17
9237.26071167637  4.076736E-17
9242.7772750919  4.961206E-17
9248.29383850743  2.036856E-17
