 3193.59980 1.46032e-17
 3199.47480 -7.51912e-18
 3205.34980 5.26102e-17
 3211.22480 8.58538e-18
 3217.09980 -1.11060e-17
 3222.97480 4.61889e-17
 3228.84980 1.18230e-16
 3234.72480 2.06640e-17
 3240.59980 3.89540e-17
 3246.47480 7.26210e-17
 3252.34980 2.57391e-17
 3258.22480 8.22113e-17
 3264.09980 4.31672e-17
 3269.97480 9.07780e-17
 3275.84980 3.62804e-17
 3281.72480 8.67210e-17
 3287.59980 1.45802e-16
 3293.47480 9.73505e-17
 3299.34980 7.53531e-17
 3305.22480 9.29507e-17
 3311.09980 9.20667e-17
 3316.97480 3.68080e-17
 3322.84980 9.05505e-17
 3328.72480 7.40759e-17
 3334.59980 5.04698e-17
 3340.47480 2.38548e-17
 3346.34980 1.21244e-17
 3352.22480 6.00876e-17
 3358.09980 6.54178e-17
 3363.97480 2.57561e-17
 3369.84980 7.22088e-17
 3375.72480 4.75758e-17
 3381.59980 5.69009e-17
 3387.47480 -4.64861e-18
 3393.34980 2.68990e-17
 3399.22480 4.77948e-17
 3405.09980 2.42958e-17
 3410.97480 6.56252e-17
 3416.84980 9.68567e-17
 3422.72480 2.14536e-17
 3428.59980 4.85388e-17
 3434.47480 2.23173e-17
 3440.34980 8.65746e-17
 3446.22480 7.41648e-17
 3452.09980 2.22013e-17
 3457.97480 4.45491e-17
 3463.84980 3.66848e-17
 3469.72480 4.61360e-17
 3475.59980 4.33048e-17
 3481.47480 3.89962e-17
 3487.34980 3.99080e-17
 3493.22480 6.67508e-17
 3499.09980 1.46793e-17
 3504.97480 2.76802e-17
 3510.84980 6.31394e-17
 3516.72480 4.44669e-17
 3522.59980 3.41337e-17
 3528.47480 6.96571e-17
 3534.34980 3.36191e-17
 3540.22480 4.76665e-17
 3546.09980 3.65076e-17
 3551.97480 3.16964e-17
 3557.84980 4.35289e-17
 3563.72480 3.61803e-17
 3569.59980 2.14329e-17
 3575.47480 2.80770e-17
 3581.34980 2.91115e-17
 3587.22480 3.67921e-17
 3593.09980 7.60286e-17
 3598.97480 2.12564e-17
 3604.84980 5.08427e-17
 3610.72480 4.06533e-17
 3616.59980 4.05984e-17
 3622.47480 5.44032e-18
 3628.34980 2.54053e-17
 3634.22480 -2.24219e-19
 3640.09980 2.07797e-17
 3645.97480 3.87615e-17
 3651.84980 3.41630e-17
 3657.72480 3.92308e-17
 3663.59980 1.75974e-17
 3669.47480 4.23721e-17
 3675.34980 4.59669e-17
 3681.22480 4.33384e-17
 3687.09980 4.38175e-17
 3692.97480 3.64759e-17
 3698.84980 5.65942e-17
 3704.72480 4.69431e-17
 3710.59980 6.00901e-17
 3716.47480 5.56900e-17
 3722.34980 4.84314e-17
 3728.22480 4.23129e-17
 3734.09980 3.48832e-17
 3739.97480 1.66230e-17
 3745.84980 3.08086e-17
 3751.72480 4.96466e-17
 3757.59980 4.98655e-17
 3763.47480 6.19826e-17
 3769.34980 3.97756e-17
 3775.22480 2.43964e-17
 3781.09980 2.68884e-17
 3786.97480 4.52939e-17
 3792.84980 3.75120e-17
 3798.72480 4.31017e-17
 3804.59980 1.96222e-17
 3810.47480 3.27303e-17
 3816.34980 2.99454e-17
 3822.22480 3.27270e-17
 3828.09980 2.22015e-17
 3833.97480 2.69418e-17
 3839.84980 3.75945e-17
 3845.72480 3.52409e-17
 3851.59980 3.57267e-17
 3857.47480 4.05112e-17
 3863.34980 2.99180e-17
 3869.22480 3.27617e-17
 3875.09980 2.75219e-17
 3880.97480 3.37467e-17
 3886.84980 3.66969e-17
 3892.72480 2.23807e-17
 3898.59980 4.60664e-17
 3904.47480 3.98166e-17
 3910.34980 3.74971e-17
 3916.22480 3.19111e-17
 3922.09980 3.86130e-17
 3927.97480 4.39033e-17
 3933.84980 5.26659e-17
 3939.72480 3.57839e-17
 3945.59980 5.67033e-17
 3951.47480 4.46878e-17
 3957.34980 3.25512e-17
 3963.22480 3.97243e-17
 3969.09980 4.26527e-17
 3974.97480 5.24898e-17
 3980.84980 2.51967e-17
 3986.72480 3.54048e-17
 3992.59980 2.42042e-17
 3998.47480 4.06927e-17
 4004.34980 5.43107e-17
 4010.22480 3.45427e-17
 4016.09980 5.27888e-17
 4021.97480 1.79088e-17
 4027.84980 2.95298e-17
 4033.72480 2.35139e-17
 4039.59980 4.04267e-17
 4045.47480 5.16891e-17
 4051.34980 4.07765e-17
 4057.22480 4.38902e-17
 4063.09980 3.10177e-17
 4068.97480 5.07372e-17
 4074.84980 3.81465e-17
 4080.72480 3.12747e-17
 4086.59980 5.16321e-17
 4092.47480 2.92121e-17
 4098.34980 4.23384e-17
 4104.22480 5.72652e-17
 4110.09980 3.87571e-17
 4115.97480 3.43203e-17
 4121.84980 3.79954e-17
 4127.72480 3.80276e-17
 4133.59980 4.82238e-17
 4139.47480 2.62533e-17
 4145.34980 2.37941e-17
 4151.22480 3.54453e-17
 4157.09980 4.81137e-17
 4162.97480 4.12791e-17
 4168.84980 3.63958e-17
 4174.72480 2.80356e-17
 4180.59980 4.19325e-17
 4186.47480 3.62067e-17
 4192.34980 3.83062e-17
 4198.22480 4.42055e-17
 4204.09980 4.65725e-17
 4209.97480 3.77201e-17
 4215.84980 4.06775e-17
 4221.72480 4.86566e-17
 4227.59980 4.11222e-17
 4233.47480 3.65134e-17
 4239.34980 3.74167e-17
 4245.22480 3.46433e-17
 4251.09980 4.43999e-17
 4256.97480 4.83175e-17
 4262.84980 5.39761e-17
 4268.72480 4.57718e-17
 4274.59980 4.05170e-17
 4280.47480 4.93025e-17
 4286.34980 3.93298e-17
 4292.22480 4.41984e-17
 4298.09980 4.08509e-17
 4303.97480 4.22356e-17
 4309.84980 3.92401e-17
 4315.72480 3.06266e-17
 4321.59980 3.98756e-17
 4327.47480 3.50210e-17
 4333.34980 4.20725e-17
 4339.22480 3.49342e-17
 4345.09980 3.72857e-17
 4350.97480 3.82893e-17
 4356.84980 4.23662e-17
 4362.72480 4.51366e-17
 4368.59980 4.39530e-17
 4374.47480 8.55152e-17
 4380.34980 6.96609e-17
 4386.22480 3.39765e-17
 4392.09980 4.81013e-17
 4397.97480 3.33087e-17
 4403.84980 4.76157e-17
 4409.72480 3.20176e-17
 4415.59980 4.99525e-17
 4421.47480 2.98813e-17
 4427.34980 3.36836e-17
 4433.22480 4.20946e-17
 4439.09980 4.43813e-17
 4444.97480 4.63681e-17
 4450.84980 4.16296e-17
 4456.72480 3.86829e-17
 4462.59980 3.94054e-17
 4468.47480 2.39747e-17
 4474.34980 3.57225e-17
 4480.22480 4.68470e-17
 4486.09980 4.02230e-17
 4491.97480 4.17877e-17
 4497.84980 4.40806e-17
 4503.72480 4.98857e-17
 4509.59980 6.14269e-17
 4515.47480 4.21604e-17
 4521.34980 4.88865e-17
 4527.22480 4.15461e-17
 4533.09980 4.98928e-17
 4538.97480 5.24683e-17
 4544.84980 6.06953e-17
 4550.72480 4.33038e-17
 4556.59980 4.71297e-17
 4562.47480 6.35466e-17
 4568.34980 5.36778e-17
 4574.22480 5.01261e-17
 4580.09980 5.75431e-17
 4585.97480 5.40292e-17
 4591.84980 5.16168e-17
 4597.72480 5.57689e-17
 4603.59980 4.88482e-17
 4609.47480 5.35850e-17
 4615.34980 4.96604e-17
 4621.22480 5.77915e-17
 4627.09980 6.53939e-17
 4632.97480 6.43156e-17
 4638.84980 5.55435e-17
 4644.72480 5.77482e-17
 4650.59980 7.33244e-17
 4656.47480 5.95243e-17
 4662.34980 7.24432e-17
 4668.22480 5.86321e-17
 4674.09980 4.29552e-17
 4679.97480 5.33561e-17
 4685.84980 5.27213e-17
 4691.72480 6.24053e-17
 4697.59980 4.93371e-17
 4703.47480 4.85905e-17
 4709.34980 5.91005e-17
 4715.22480 5.40828e-17
 4721.09980 4.79167e-17
 4726.97480 5.70108e-17
 4732.84980 5.17540e-17
 4738.72480 4.00155e-17
 4744.59980 4.33965e-17
 4750.47480 4.08317e-17
 4756.34980 4.72902e-17
 4762.22480 5.11023e-17
 4768.09980 4.17517e-17
 4773.97480 4.47758e-17
 4779.84980 4.82794e-17
 4785.72480 4.51733e-17
 4791.59980 4.16708e-17
 4797.47480 3.61178e-17
 4803.34980 3.56083e-17
 4809.22480 3.05085e-17
 4815.09980 4.21402e-17
 4820.97480 3.27334e-17
 4826.84980 4.06235e-17
 4832.72480 3.51021e-17
 4838.59980 3.94168e-17
 4844.47480 3.34276e-17
 4850.34980 3.90543e-17
 4856.22480 4.32094e-17
 4862.09980 3.06347e-17
 4867.97480 4.70973e-17
 4873.84980 4.95753e-17
 4879.72480 4.34601e-17
 4885.59980 4.42456e-17
 4891.47480 4.27651e-17
 4897.34980 4.27192e-17
 4903.22480 4.27762e-17
 4909.09980 4.23577e-17
 4914.97480 3.95738e-17
 4920.84980 3.17876e-17
 4926.72480 3.61936e-17
 4932.59980 4.19619e-17
 4938.47480 3.47487e-17
 4944.34980 4.38432e-17
 4950.22480 3.68936e-17
 4956.09980 4.41555e-17
 4961.97480 4.04262e-17
 4967.84980 3.53696e-17
 4973.72480 3.58941e-17
 4979.59980 3.30880e-17
 4985.47480 3.19787e-17
 4991.34980 4.21495e-17
 4997.22480 3.89990e-17
 5003.09980 3.92675e-17
 5008.97480 3.40431e-17
 5014.84980 3.11193e-17
 5020.72480 3.76504e-17
 5026.59980 5.34751e-17
 5032.47480 4.08311e-17
 5038.34980 3.85967e-17
 5044.22480 3.34027e-17
 5050.09980 4.00670e-17
 5055.97480 4.32455e-17
 5061.84980 4.34559e-17
 5067.72480 3.72126e-17
 5073.59980 4.03601e-17
 5079.47480 3.99456e-17
 5085.34980 4.53925e-17
 5091.22480 3.66215e-17
