1029.  2.031225E-15
1029.10000000149  1.484021E-15
1029.20000000298  1.107104E-15
1029.30000000447  8.851829E-16
1029.40000000596  8.612515E-16
1029.50000000745  8.522814E-16
1029.60000000894  8.122733E-16
1029.70000001043  1.068463E-15
1029.80000001192  1.134090E-15
1029.90000001341  1.183237E-15
1030.0000000149  1.024620E-15
1030.10000001639  1.044373E-15
1030.20000001788  1.148630E-15
1030.30000001937  1.160728E-15
1030.40000002086  1.097339E-15
1030.50000002235  1.223264E-15
1030.60000002384  1.374077E-15
1030.70000002533  1.177241E-15
1030.80000002682  1.171526E-15
1030.90000002831  1.450062E-15
1031.0000000298  1.503898E-15
1031.10000003129  1.431403E-15
1031.20000003278  1.638029E-15
1031.30000003427  1.667604E-15
1031.40000003576  1.484942E-15
1031.50000003725  1.361392E-15
1031.60000003874  1.308239E-15
1031.70000004023  1.154694E-15
1031.80000004172  1.145133E-15
1031.90000004321  1.139604E-15
1032.0000000447  1.229247E-15
1032.10000004619  1.318975E-15
1032.20000004768  1.318305E-15
1032.30000004917  1.241020E-15
1032.40000005066  1.086500E-15
1032.50000005215  1.022531E-15
1032.60000005364  1.048469E-15
1032.70000005513  1.072165E-15
1032.80000005662  1.087426E-15
1032.90000005811  1.210699E-15
1033.0000000596  1.359560E-15
1033.10000006109  1.216017E-15
1033.20000006258  1.258913E-15
1033.30000006407  1.301058E-15
1033.40000006556  1.417637E-15
1033.50000006705  1.311145E-15
1033.60000006854  1.398223E-15
1033.70000007003  1.392315E-15
1033.80000007152  1.318577E-15
1033.90000007301  1.241886E-15
1034.0000000745  1.260909E-15
1034.10000007599  1.266783E-15
1034.20000007748  1.304160E-15
1034.30000007897  1.288955E-15
1034.40000008046  1.313249E-15
1034.50000008195  1.300152E-15
1034.60000008344  1.206076E-15
1034.70000008493  1.163461E-15
1034.80000008642  1.118197E-15
1034.90000008791  1.028554E-15
1035.0000000894  1.115160E-15
1035.10000009089  1.019762E-15
1035.20000009238  1.084478E-15
1035.30000009387  1.378960E-15
1035.40000009536  1.346764E-15
1035.50000009685  1.207531E-15
1035.60000009834  1.250363E-15
1035.70000009983  1.201892E-15
1035.80000010133  9.681814E-16
1035.90000010282  1.057559E-15
1036.00000010431  1.087911E-15
1036.1000001058  1.147108E-15
1036.20000010729  1.073057E-15
1036.30000010878  1.020064E-15
1036.40000011027  1.004598E-15
1036.50000011176  9.970426E-16
1036.60000011325  9.639496E-16
1036.70000011474  1.001033E-15
1036.80000011623  1.184199E-15
1036.90000011772  1.039398E-15
1037.00000011921  1.146391E-15
1037.1000001207  1.509122E-15
1037.20000012219  1.193099E-15
1037.30000012368  1.065380E-15
1037.40000012517  1.092887E-15
1037.50000012666  1.037014E-15
1037.60000012815  6.154711E-16
1037.70000012964  9.701518E-16
1037.80000013113  1.077814E-15
1037.90000013262  1.156229E-15
1038.00000013411  1.135059E-15
1038.1000001356  1.200899E-15
1038.20000013709  1.171685E-15
1038.30000013858  1.128729E-15
1038.40000014007  1.156367E-15
1038.50000014156  1.184420E-15
1038.60000014305  1.195838E-15
1038.70000014454  1.256497E-15
1038.80000014603  1.231336E-15
1038.90000014752  1.212704E-15
1039.00000014901  1.112385E-15
1039.1000001505  1.128839E-15
1039.20000015199  1.143716E-15
1039.30000015348  1.121719E-15
1039.40000015497  1.066630E-15
1039.50000015646  1.119971E-15
1039.60000015795  1.072067E-15
1039.70000015944  9.921980E-16
1039.80000016093  1.084320E-15
1039.90000016242  1.123461E-15
1040.00000016391  1.087635E-15
1040.1000001654  1.072752E-15
1040.20000016689  1.093990E-15
1040.30000016838  1.028475E-15
1040.40000016987  1.038788E-15
1040.50000017136  1.145866E-15
1040.60000017285  1.123565E-15
1040.70000017434  1.106797E-15
1040.80000017583  1.056365E-15
1040.90000017732  1.112660E-15
1041.00000017881  1.002356E-15
1041.1000001803  1.085227E-15
1041.20000018179  1.056770E-15
1041.30000018328  1.115458E-15
1041.40000018477  9.851606E-16
1041.50000018626  1.063001E-15
1041.60000018775  1.232629E-15
1041.70000018924  1.261850E-15
1041.80000019073  1.219314E-15
1041.90000019222  1.275356E-15
1042.00000019371  1.242033E-15
1042.1000001952  1.080378E-15
1042.20000019669  1.005032E-15
1042.30000019818  1.045617E-15
1042.40000019967  1.020902E-15
1042.50000020116  9.881765E-16
1042.60000020265  9.600074E-16
1042.70000020414  9.839777E-16
1042.80000020563  9.631942E-16
1042.90000020712  1.014550E-15
1043.00000020861  1.037459E-15
1043.1000002101  1.072726E-15
1043.20000021159  1.114545E-15
1043.30000021308  1.088059E-15
1043.40000021457  9.992090E-16
1043.50000021606  9.532741E-16
1043.60000021755  8.711215E-16
1043.70000021904  8.808390E-16
1043.80000022053  8.762073E-16
1043.90000022202  9.901189E-16
1044.00000022351  1.045660E-15
1044.100000225  1.094084E-15
1044.20000022649  1.027929E-15
1044.30000022798  1.078847E-15
1044.40000022947  9.836877E-16
1044.50000023097  9.779925E-16
1044.60000023246  9.430487E-16
1044.70000023395  1.092300E-15
1044.80000023544  1.128479E-15
1044.90000023693  1.060235E-15
1045.00000023842  9.963880E-16
1045.10000023991  9.847681E-16
1045.2000002414  8.561802E-16
1045.30000024289  7.765044E-16
1045.40000024438  8.144068E-16
1045.50000024587  7.888381E-16
1045.60000024736  8.284676E-16
1045.70000024885  8.094126E-16
1045.80000025034  7.903447E-16
1045.90000025183  8.584119E-16
1046.00000025332  9.211165E-16
1046.10000025481  9.159536E-16
1046.2000002563  9.095905E-16
1046.30000025779  9.222758E-16
1046.40000025928  9.003002E-16
1046.50000026077  8.572261E-16
1046.60000026226  9.585694E-16
1046.70000026375  8.551491E-16
1046.80000026524  9.646526E-16
1046.90000026673  9.847704E-16
1047.00000026822  1.007776E-15
1047.10000026971  9.139646E-16
1047.2000002712  1.004628E-15
1047.30000027269  9.500941E-16
1047.40000027418  9.537981E-16
1047.50000027567  9.635159E-16
1047.60000027716  9.354901E-16
1047.70000027865  1.010973E-15
1047.80000028014  9.252138E-16
1047.90000028163  9.063863E-16
1048.00000028312  9.089651E-16
1048.10000028461  8.725749E-16
1048.2000002861  8.511828E-16
1048.30000028759  9.047244E-16
1048.40000028908  1.027996E-15
1048.50000029057  1.011830E-15
1048.60000029206  9.807258E-16
1048.70000029355  9.507674E-16
1048.80000029504  9.307740E-16
1048.90000029653  7.884660E-16
1049.00000029802  8.329210E-16
1049.10000029951  8.909108E-16
1049.200000301  9.291251E-16
1049.30000030249  8.963281E-16
1049.40000030398  9.038781E-16
1049.50000030547  8.281912E-16
1049.60000030696  8.209440E-16
1049.70000030845  7.593308E-16
1049.80000030994  7.693832E-16
1049.90000031143  8.066247E-16
1050.00000031292  8.509682E-16
1050.10000031441  8.785416E-16
1050.2000003159  9.216575E-16
1050.30000031739  9.833472E-16
1050.40000031888  9.964761E-16
1050.50000032037  1.049564E-15
1050.60000032186  9.874802E-16
1050.70000032335  9.463512E-16
1050.80000032484  8.585100E-16
1050.90000032633  8.062143E-16
1051.00000032782  7.225643E-16
1051.10000032931  8.036382E-16
1051.2000003308  8.273576E-16
1051.30000033229  8.595303E-16
1051.40000033378  8.535100E-16
1051.50000033527  9.539844E-16
1051.60000033676  9.490216E-16
1051.70000033825  9.553731E-16
1051.80000033974  1.008817E-15
1051.90000034123  1.077637E-15
1052.00000034272  1.046543E-15
1052.10000034421  1.043176E-15
1052.2000003457  9.613409E-16
1052.30000034719  8.581919E-16
1052.40000034868  9.304553E-16
1052.50000035017  8.999774E-16
1052.60000035166  8.789016E-16
1052.70000035315  9.282860E-16
1052.80000035464  9.890051E-16
1052.90000035614  8.848262E-16
1053.00000035763  8.724870E-16
1053.10000035912  8.136640E-16
1053.20000036061  8.549183E-16
1053.3000003621  8.455512E-16
1053.40000036359  8.793369E-16
1053.50000036508  8.672715E-16
1053.60000036657  9.019873E-16
1053.70000036806  8.486806E-16
1053.80000036955  8.562965E-16
1053.90000037104  7.143642E-16
1054.00000037253  7.047499E-16
1054.10000037402  7.144964E-16
1054.20000037551  7.373418E-16
1054.300000377  6.427406E-16
1054.40000037849  7.442645E-16
1054.50000037998  7.649605E-16
1054.60000038147  7.374014E-16
1054.70000038296  7.694987E-16
1054.80000038445  8.026068E-16
1054.90000038594  8.040078E-16
1055.00000038743  7.540863E-16
1055.10000038892  7.809158E-16
1055.20000039041  7.319453E-16
1055.3000003919  8.492893E-16
1055.40000039339  8.091113E-16
1055.50000039488  8.092869E-16
1055.60000039637  6.084594E-16
1055.70000039786  6.331414E-16
1055.80000039935  5.883047E-16
1055.90000040084  5.849583E-16
1056.00000040233  6.137695E-16
1056.10000040382  7.707721E-16
1056.20000040531  7.629303E-16
1056.3000004068  7.422325E-16
1056.40000040829  7.797325E-16
1056.50000040978  7.366365E-16
1056.60000041127  7.778204E-16
1056.70000041276  7.960190E-16
1056.80000041425  7.345072E-16
1056.90000041574  6.754460E-16
1057.00000041723  7.339902E-16
1057.10000041872  7.625716E-16
1057.20000042021  7.538595E-16
1057.3000004217  7.690571E-16
1057.40000042319  7.915330E-16
1057.50000042468  7.649999E-16
1057.60000042617  7.317046E-16
1057.70000042766  6.963696E-16
1057.80000042915  7.265307E-16
1057.90000043064  7.665665E-16
1058.00000043213  7.332717E-16
1058.10000043362  7.074989E-16
1058.20000043511  7.704362E-16
1058.3000004366  6.999356E-16
1058.40000043809  6.427219E-16
1058.50000043958  6.511683E-16
1058.60000044107  6.636475E-16
1058.70000044256  6.285925E-16
1058.80000044405  7.382942E-16
1058.90000044554  7.821575E-16
1059.00000044703  8.657887E-16
1059.10000044852  9.165985E-16
1059.20000045001  9.019978E-16
1059.3000004515  7.764053E-16
1059.40000045299  7.152708E-16
1059.50000045448  6.474065E-16
1059.60000045597  5.892198E-16
1059.70000045746  5.688952E-16
1059.80000045895  6.495799E-16
1059.90000046044  7.554013E-16
1060.00000046193  7.274250E-16
1060.10000046342  7.308012E-16
1060.20000046491  7.352580E-16
1060.3000004664  8.148174E-16
1060.40000046789  7.863594E-16
1060.50000046938  8.391657E-16
1060.60000047087  8.765843E-16
1060.70000047236  9.018343E-16
1060.80000047385  8.395251E-16
1060.90000047534  8.001486E-16
1061.00000047683  7.849222E-16
1061.10000047832  7.295839E-16
1061.20000047981  7.158595E-16
1061.3000004813  7.243724E-16
1061.40000048279  7.042033E-16
1061.50000048428  7.968659E-16
1061.60000048578  8.847845E-16
1061.70000048727  9.506870E-16
1061.80000048876  8.982316E-16
1061.90000049025  9.684606E-16
1062.00000049174  8.772457E-16
1062.10000049323  7.882265E-16
1062.20000049472  7.565239E-16
1062.30000049621  7.267562E-16
1062.4000004977  7.119557E-16
1062.50000049919  6.727984E-16
1062.60000050068  7.272650E-16
1062.70000050217  7.000834E-16
1062.80000050366  7.445705E-16
1062.90000050515  7.154268E-16
1063.00000050664  7.330699E-16
1063.10000050813  6.645615E-16
1063.20000050962  7.072128E-16
1063.30000051111  7.459695E-16
1063.4000005126  6.921900E-16
1063.50000051409  6.876565E-16
1063.60000051558  7.894284E-16
1063.70000051707  8.318798E-16
1063.80000051856  8.027728E-16
1063.90000052005  8.785008E-16
1064.00000052154  9.038846E-16
1064.10000052303  8.486942E-16
1064.20000052452  8.296706E-16
1064.30000052601  7.478553E-16
1064.4000005275  6.633077E-16
1064.50000052899  6.380234E-16
1064.60000053048  6.016525E-16
1064.70000053197  5.687806E-16
1064.80000053346  6.452309E-16
1064.90000053495  7.407042E-16
1065.00000053644  7.439307E-16
1065.10000053793  7.873060E-16
1065.20000053942  7.592789E-16
1065.30000054091  9.102451E-16
1065.4000005424  1.044645E-15
1065.50000054389  1.304186E-15
1065.60000054538  1.375635E-15
1065.70000054687  1.414520E-15
1065.80000054836  1.295221E-15
1065.90000054985  1.058619E-15
1066.00000055134  7.820169E-16
1066.10000055283  7.483839E-16
1066.20000055432  7.226186E-16
1066.30000055581  6.657331E-16
1066.4000005573  7.366859E-16
1066.50000055879  8.155053E-16
1066.60000056028  7.384323E-16
1066.70000056177  7.045092E-16
1066.80000056326  7.240717E-16
1066.90000056475  7.676688E-16
1067.00000056624  7.925557E-16
1067.10000056773  8.504343E-16
1067.20000056922  9.346639E-16
1067.30000057071  1.084288E-15
1067.4000005722  1.092357E-15
1067.50000057369  9.397930E-16
1067.60000057518  9.316467E-16
1067.70000057667  9.170550E-16
1067.80000057816  8.023271E-16
1067.90000057965  7.790969E-16
1068.00000058114  8.676744E-16
1068.10000058263  9.468299E-16
1068.20000058412  8.845860E-16
1068.30000058561  9.295973E-16
1068.4000005871  9.210221E-16
1068.50000058859  1.011626E-15
1068.60000059008  8.260490E-16
1068.70000059157  9.069713E-16
1068.80000059306  8.461162E-16
1068.90000059455  7.939125E-16
1069.00000059604  7.000783E-16
1069.10000059753  8.391806E-16
1069.20000059902  9.106252E-16
1069.30000060051  9.030918E-16
1069.400000602  9.423701E-16
1069.50000060349  9.509737E-16
1069.60000060498  9.505854E-16
1069.70000060647  8.728735E-16
1069.80000060796  7.987140E-16
1069.90000060945  7.844121E-16
1070.00000061094  8.241117E-16
1070.10000061243  7.241575E-16
1070.20000061393  7.526823E-16
1070.30000061542  8.381205E-16
1070.40000061691  9.382358E-16
1070.5000006184  9.121898E-16
1070.60000061989  8.673190E-16
1070.70000062138  8.562302E-16
1070.80000062287  8.239578E-16
1070.90000062436  6.669968E-16
1071.00000062585  5.889992E-16
1071.10000062734  7.160644E-16
1071.20000062883  7.642258E-16
1071.30000063032  8.039947E-16
1071.40000063181  9.430383E-16
1071.5000006333  1.025334E-15
1071.60000063479  9.245817E-16
1071.70000063628  8.449440E-16
1071.80000063777  7.990821E-16
1071.90000063926  7.158981E-16
1072.00000064075  6.371108E-16
1072.10000064224  6.690265E-16
1072.20000064373  6.276519E-16
1072.30000064522  7.215088E-16
1072.40000064671  7.127979E-16
1072.5000006482  7.597762E-16
1072.60000064969  6.920306E-16
1072.70000065118  7.767346E-16
1072.80000065267  8.535306E-16
1072.90000065416  8.536873E-16
1073.00000065565  8.239617E-16
1073.10000065714  9.351919E-16
1073.20000065863  9.548361E-16
1073.30000066012  8.250270E-16
1073.40000066161  9.085022E-16
1073.5000006631  9.433531E-16
1073.60000066459  1.016637E-15
1073.70000066608  9.754774E-16
1073.80000066757  9.717332E-16
1073.90000066906  9.373586E-16
1074.00000067055  1.020413E-15
1074.10000067204  9.966683E-16
1074.20000067353  7.697259E-16
1074.30000067502  7.911923E-16
1074.40000067651  7.937751E-16
1074.500000678  7.667023E-16
1074.60000067949  7.631197E-16
1074.70000068098  1.061244E-15
1074.80000068247  1.206718E-15
1074.90000068396  1.194167E-15
1075.00000068545  1.369880E-15
1075.10000068694  1.218382E-15
1075.20000068843  1.051131E-15
1075.30000068992  9.633429E-16
1075.40000069141  1.006625E-15
1075.5000006929  8.550476E-16
1075.60000069439  1.002524E-15
1075.70000069588  1.115704E-15
1075.80000069737  1.088069E-15
1075.90000069886  1.143125E-15
1076.00000070035  1.137566E-15
1076.10000070184  1.121617E-15
1076.20000070333  1.127471E-15
1076.30000070482  1.035733E-15
1076.40000070631  9.278069E-16
1076.5000007078  8.693814E-16
1076.60000070929  8.543277E-16
1076.70000071078  8.263724E-16
1076.80000071227  9.210435E-16
1076.90000071376  9.938412E-16
1077.00000071525  1.050260E-15
1077.10000071674  1.032753E-15
1077.20000071823  1.009124E-15
1077.30000071972  9.357738E-16
1077.40000072121  8.572939E-16
1077.5000007227  7.515102E-16
1077.60000072419  7.764651E-16
1077.70000072568  7.963690E-16
1077.80000072717  8.054061E-16
1077.90000072866  8.735221E-16
1078.00000073015  9.584401E-16
1078.10000073164  9.581787E-16
1078.20000073313  9.445949E-16
1078.30000073462  9.173363E-16
1078.40000073611  8.562237E-16
1078.5000007376  8.139731E-16
1078.6000007391  8.366592E-16
1078.70000074058  7.713320E-16
1078.80000074208  8.221570E-16
1078.90000074357  9.540130E-16
1079.00000074506  9.593388E-16
1079.10000074655  9.840184E-16
1079.20000074804  9.875067E-16
1079.30000074953  1.007927E-15
1079.40000075102  8.574556E-16
1079.50000075251  8.427023E-16
1079.600000754  7.895746E-16
1079.70000075549  8.434515E-16
1079.80000075698  7.938930E-16
1079.90000075847  8.786360E-16
1080.00000075996  9.208181E-16
1080.10000076145  9.785828E-16
1080.20000076294  1.008425E-15
1080.30000076443  1.068574E-15
1080.40000076592  1.000886E-15
1080.50000076741  1.067008E-15
1080.6000007689  1.009364E-15
1080.70000077039  1.005315E-15
1080.80000077188  9.407295E-16
1080.90000077337  9.625980E-16
1081.00000077486  9.507752E-16
1081.10000077635  9.451543E-16
1081.20000077784  9.850021E-16
1081.30000077933  1.023803E-15
1081.40000078082  1.085939E-15
1081.50000078231  1.035166E-15
1081.6000007838  1.055100E-15
1081.70000078529  1.014762E-15
1081.80000078678  1.055079E-15
1081.90000078827  9.757836E-16
1082.00000078976  1.075071E-15
1082.10000079125  1.102192E-15
1082.20000079274  1.099623E-15
1082.30000079423  1.081177E-15
1082.40000079572  1.092422E-15
1082.50000079721  1.018518E-15
1082.6000007987  9.625687E-16
1082.70000080019  1.064347E-15
1082.80000080168  1.091491E-15
1082.90000080317  1.875342E-15
1083.00000080466  1.546934E-15
1083.10000080615  1.582977E-15
1083.20000080764  1.470445E-15
1083.30000080913  1.482151E-15
1083.40000081062  6.497012E-16
1083.50000081211  9.735336E-16
1083.6000008136  9.430772E-16
1083.70000081509  9.566694E-16
1083.80000081658  9.929305E-16
1083.90000081807  1.171039E-15
1084.00000081956  1.255079E-15
1084.10000082105  1.258644E-15
1084.20000082254  1.284064E-15
1084.30000082403  1.258855E-15
1084.40000082552  1.176044E-15
1084.50000082701  1.079399E-15
1084.6000008285  1.109980E-15
1084.70000082999  1.100900E-15
1084.80000083148  1.023759E-15
1084.90000083297  9.832941E-16
1085.00000083446  1.010467E-15
1085.10000083595  9.772225E-16
1085.20000083744  9.327685E-16
1085.30000083893  1.002147E-15
1085.40000084042  9.752393E-16
1085.50000084191  9.295767E-16
1085.6000008434  9.574014E-16
1085.70000084489  8.948627E-16
1085.80000084638  8.245943E-16
1085.90000084787  8.695121E-16
1086.00000084936  9.485120E-16
1086.10000085085  9.713389E-16
1086.20000085234  9.918356E-16
1086.30000085383  1.044614E-15
1086.40000085532  1.038771E-15
1086.50000085681  9.469541E-16
1086.6000008583  8.605488E-16
1086.70000085979  8.976808E-16
1086.80000086128  8.439860E-16
1086.90000086277  8.308488E-16
1087.00000086426  8.746818E-16
1087.10000086575  9.114937E-16
1087.20000086724  9.401655E-16
1087.30000086874  9.501501E-16
1087.40000087022  9.860104E-16
1087.50000087171  9.680542E-16
1087.60000087321  9.280177E-16
1087.7000008747  8.842426E-16
1087.80000087619  8.616253E-16
1087.90000087768  8.344037E-16
1088.00000087917  8.389150E-16
1088.10000088066  8.871363E-16
1088.20000088215  8.730060E-16
1088.30000088364  9.009197E-16
1088.40000088513  8.162246E-16
1088.50000088662  7.999053E-16
1088.60000088811  7.593940E-16
1088.7000008896  7.913642E-16
1088.80000089109  8.367816E-16
1088.90000089258  9.310546E-16
1089.00000089407  9.575381E-16
1089.10000089556  1.044146E-15
1089.20000089705  9.050977E-16
1089.30000089854  8.372433E-16
1089.40000090003  8.341892E-16
1089.50000090152  7.772408E-16
1089.60000090301  7.845154E-16
1089.7000009045  8.761922E-16
1089.80000090599  9.060415E-16
1089.90000090748  9.382259E-16
1090.00000090897  1.013910E-15
1090.10000091046  9.337706E-16
1090.20000091195  9.826096E-16
1090.30000091344  9.900924E-16
1090.40000091493  1.015124E-15
1090.50000091642  1.008776E-15
1090.60000091791  1.027155E-15
1090.7000009194  1.053962E-15
1090.80000092089  9.994610E-16
1090.90000092238  9.291978E-16
1091.00000092387  8.585353E-16
1091.10000092536  8.646134E-16
1091.20000092685  8.024233E-16
1091.30000092834  8.577912E-16
1091.40000092983  8.354343E-16
1091.50000093132  8.666705E-16
1091.60000093281  8.855556E-16
1091.7000009343  9.422220E-16
1091.80000093579  9.665558E-16
1091.90000093728  9.329442E-16
1092.00000093877  8.021122E-16
1092.10000094026  8.957050E-16
1092.20000094175  8.752868E-16
1092.30000094324  7.318404E-16
1092.40000094473  8.056871E-16
1092.50000094622  9.725231E-16
1092.60000094771  8.855910E-16
1092.7000009492  8.732405E-16
1092.80000095069  9.381784E-16
1092.90000095218  8.895175E-16
1093.00000095367  8.892403E-16
1093.10000095516  9.294382E-16
1093.20000095665  1.001086E-15
1093.30000095814  1.063198E-15
1093.40000095963  1.115867E-15
1093.50000096112  1.137992E-15
1093.60000096261  8.577085E-16
1093.7000009641  8.300234E-16
1093.80000096559  8.491921E-16
1093.90000096708  8.587047E-16
1094.00000096857  7.890352E-16
1094.10000097006  1.030732E-15
1094.20000097155  9.980776E-16
1094.30000097304  8.823448E-16
1094.40000097453  8.867214E-16
1094.50000097602  9.135444E-16
1094.60000097751  9.090137E-16
1094.700000979  7.365435E-16
1094.80000098049  7.811464E-16
1094.90000098198  7.175347E-16
1095.00000098347  7.536487E-16
1095.10000098496  7.110631E-16
1095.20000098645  9.088050E-16
1095.30000098794  9.401607E-16
1095.40000098943  9.704795E-16
1095.50000099092  8.790905E-16
1095.60000099241  8.834935E-16
1095.7000009939  8.446121E-16
1095.80000099539  8.025801E-16
1095.90000099689  8.079946E-16
1096.00000099838  8.405395E-16
1096.10000099987  8.584259E-16
1096.20000100136  9.694180E-16
1096.30000100285  1.013394E-15
1096.40000100434  1.022746E-15
1096.50000100583  1.083950E-15
1096.60000100732  1.114282E-15
1096.70000100881  1.017066E-15
1096.8000010103  9.653776E-16
1096.90000101179  9.773049E-16
1097.00000101328  9.730863E-16
1097.10000101477  8.186421E-16
1097.20000101626  9.154507E-16
1097.30000101775  9.303774E-16
1097.40000101924  8.984751E-16
1097.50000102073  8.089321E-16
1097.60000102222  8.974551E-16
1097.70000102371  8.256131E-16
1097.8000010252  8.149799E-16
1097.90000102669  8.853935E-16
1098.00000102818  9.266746E-16
1098.10000102967  9.903702E-16
1098.20000103116  9.114140E-16
1098.30000103265  8.805958E-16
1098.40000103414  7.818150E-16
1098.50000103563  8.074812E-16
1098.60000103712  7.741744E-16
1098.70000103861  8.628027E-16
1098.8000010401  9.351858E-16
1098.90000104159  9.282927E-16
1099.00000104308  8.796336E-16
1099.10000104457  7.489019E-16
1099.20000104606  6.756413E-16
1099.30000104755  6.617256E-16
1099.40000104904  6.060179E-16
1099.50000105053  6.090073E-16
1099.60000105202  7.301638E-16
1099.70000105351  7.275940E-16
1099.800001055  7.384227E-16
1099.90000105649  8.415772E-16
1100.00000105798  8.114214E-16
1100.10000105947  8.491895E-16
1100.20000106096  9.633724E-16
1100.30000106245  9.557786E-16
1100.40000106394  7.759687E-16
1100.50000106543  6.497995E-16
1100.60000106692  5.665910E-16
1100.70000106841  4.639966E-16
1100.8000010699  4.671988E-16
1100.90000107139  5.764910E-16
1101.00000107288  7.410567E-16
1101.10000107437  7.782744E-16
1101.20000107586  7.664619E-16
1101.30000107735  7.150510E-16
1101.40000107884  6.774599E-16
1101.50000108033  6.357938E-16
1101.60000108182  6.455431E-16
1101.70000108331  7.017166E-16
1101.8000010848  7.601323E-16
1101.90000108629  8.314066E-16
1102.00000108778  8.348976E-16
1102.10000108927  7.878132E-16
1102.20000109076  7.807473E-16
1102.30000109225  8.754058E-16
1102.40000109374  8.677837E-16
1102.50000109523  7.616294E-16
1102.60000109672  8.869739E-16
1102.70000109821  7.808358E-16
1102.8000010997  5.014790E-16
1102.90000110119  5.158375E-16
1103.00000110268  6.560751E-16
1103.10000110417  5.608359E-16
1103.20000110566  6.907462E-16
1103.30000110715  8.290531E-16
1103.40000110864  8.065203E-16
1103.50000111013  7.932382E-16
1103.60000111162  7.854917E-16
1103.70000111311  7.604617E-16
1103.8000011146  7.873274E-16
1103.90000111609  7.794963E-16
1104.00000111758  8.335189E-16
1104.10000111907  8.391430E-16
1104.20000112056  8.319631E-16
1104.30000112205  8.235787E-16
1104.40000112354  8.509901E-16
1104.50000112503  7.892223E-16
1104.60000112653  7.834428E-16
1104.70000112802  7.983351E-16
1104.80000112951  7.973394E-16
1104.900001131  8.120190E-16
1105.00000113249  7.897349E-16
1105.10000113398  6.564080E-16
1105.20000113547  6.064868E-16
1105.30000113696  6.260123E-16
1105.40000113845  6.062948E-16
1105.50000113994  7.007441E-16
1105.60000114143  8.109439E-16
1105.70000114292  7.566800E-16
1105.80000114441  7.495624E-16
1105.9000011459  8.113868E-16
1106.00000114739  7.748336E-16
1106.10000114888  7.602249E-16
1106.20000115037  8.077614E-16
1106.30000115186  7.798456E-16
1106.40000115335  6.869151E-16
1106.50000115484  7.319120E-16
1106.60000115633  8.404429E-16
1106.70000115782  8.288206E-16
1106.80000115931  8.993557E-16
1106.9000011608  8.341038E-16
1107.00000116229  7.845524E-16
1107.10000116378  7.614043E-16
1107.20000116527  7.392865E-16
1107.30000116676  7.362051E-16
1107.40000116825  8.322836E-16
1107.50000116974  8.069346E-16
1107.60000117123  7.590294E-16
1107.70000117272  7.582090E-16
1107.80000117421  6.786415E-16
1107.9000011757  6.538026E-16
1108.00000117719  6.263456E-16
1108.10000117868  5.849062E-16
1108.20000118017  6.275776E-16
1108.30000118166  6.525281E-16
1108.40000118315  5.546022E-16
1108.50000118464  4.981039E-16
1108.60000118613  5.130742E-16
1108.70000118762  4.945008E-16
1108.80000118911  4.543770E-16
1108.9000011906  5.992571E-16
1109.00000119209  6.812037E-16
1109.10000119358  7.096469E-16
1109.20000119507  7.434648E-16
1109.30000119656  7.509650E-16
1109.40000119805  7.571633E-16
1109.50000119954  7.834310E-16
1109.60000120103  7.885818E-16
1109.70000120252  6.813517E-16
1109.80000120401  7.431517E-16
1109.9000012055  7.354644E-16
1110.00000120699  7.150242E-16
1110.10000120848  7.115323E-16
1110.20000120997  7.723185E-16
1110.30000121146  7.147859E-16
1110.40000121295  6.739138E-16
1110.50000121444  6.542431E-16
1110.60000121593  6.430477E-16
1110.70000121742  6.090351E-16
1110.80000121891  6.727899E-16
1110.9000012204  6.605436E-16
1111.00000122189  6.703453E-16
1111.10000122338  6.336755E-16
1111.20000122487  6.829520E-16
1111.30000122636  6.619378E-16
1111.40000122785  7.339701E-16
1111.50000122934  7.524555E-16
1111.60000123083  8.011275E-16
1111.70000123232  8.473220E-16
1111.80000123381  7.654886E-16
1111.9000012353  6.897407E-16
1112.00000123679  7.325841E-16
1112.10000123828  7.298180E-16
1112.20000123977  6.792409E-16
1112.30000124126  7.245173E-16
1112.40000124275  7.539939E-16
1112.50000124424  6.377869E-16
1112.60000124573  5.892963E-16
1112.70000124722  5.407944E-16
1112.80000124871  5.116555E-16
1112.9000012502  4.783909E-16
1113.00000125169  5.516266E-16
1113.10000125318  5.381561E-16
1113.20000125467  5.372410E-16
1113.30000125617  5.254286E-16
1113.40000125766  5.378932E-16
1113.50000125915  5.198060E-16
1113.60000126064  5.719070E-16
1113.70000126213  6.096025E-16
1113.80000126362  6.895347E-16
1113.90000126511  6.301612E-16
1114.0000012666  6.537430E-16
1114.10000126809  7.009835E-16
1114.20000126958  6.732157E-16
1114.30000127107  5.848830E-16
1114.40000127256  6.874731E-16
1114.50000127405  5.627471E-16
1114.60000127554  3.748976E-16
1114.70000127703  3.786314E-16
1114.80000127852  4.382942E-16
1114.90000128001  2.505083E-16
1115.0000012815  3.068706E-16
1115.10000128299  4.394380E-16
1115.20000128448  4.359002E-16
1115.30000128597  4.311691E-16
1115.40000128746  5.790310E-16
1115.50000128895  5.969891E-16
1115.60000129044  6.261480E-16
1115.70000129193  6.141338E-16
1115.80000129342  5.271875E-16
1115.90000129491  4.612023E-16
1116.0000012964  3.920831E-16
1116.10000129789  2.242501E-16
1116.20000129938  1.960710E-16
1116.30000130087  2.101130E-16
1116.40000130236  1.669978E-16
1116.50000130385  2.115021E-16
1116.60000130534  3.660427E-16
1116.70000130683  3.288022E-16
1116.80000130832  3.625506E-16
1116.90000130981  3.562088E-16
1117.0000013113  3.969291E-16
1117.10000131279  3.692420E-16
1117.20000131428  4.748879E-16
1117.30000131577  5.413853E-16
1117.40000131726  6.633110E-16
1117.50000131875  6.062014E-16
1117.60000132024  6.399876E-16
1117.70000132173  6.116956E-16
1117.80000132322  5.159039E-16
1117.90000132471  4.834477E-16
1118.0000013262  5.174248E-16
1118.10000132769  4.763921E-16
1118.20000132918  5.871722E-16
1118.30000133067  6.422816E-16
1118.40000133216  5.840061E-16
1118.50000133365  5.295507E-16
1118.60000133514  4.905680E-16
1118.70000133663  3.121959E-16
1118.80000133812  2.909491E-16
1118.90000133961  2.941079E-16
1119.0000013411  2.839434E-16
1119.10000134259  3.735714E-16
1119.20000134408  4.640520E-16
1119.30000134557  4.888911E-16
1119.40000134706  5.399692E-16
1119.50000134855  5.241921E-16
1119.60000135004  4.849651E-16
1119.70000135153  6.407586E-16
1119.80000135302  6.633961E-16
1119.90000135451  6.222905E-16
1120.000001356  7.340820E-16
1120.10000135749  8.206954E-16
1120.20000135898  5.890407E-16
1120.30000136047  5.673088E-16
1120.40000136196  6.548593E-16
1120.50000136345  6.050045E-16
1120.60000136494  5.329228E-16
1120.70000136643  5.539679E-16
1120.80000136792  4.173106E-16
1120.90000136941  2.947502E-16
1121.0000013709  2.803477E-16
1121.10000137239  3.408091E-16
1121.20000137388  5.047902E-16
1121.30000137537  5.406668E-16
1121.40000137686  5.267250E-16
1121.50000137835  5.312761E-16
1121.60000137984  4.023109E-16
1121.70000138134  2.679781E-16
1121.80000138283  2.197754E-16
1121.90000138432  2.141735E-16
1122.00000138581  1.704321E-16
1122.1000013873  7.474925E-17
1122.20000138879  3.389190E-17
1122.30000139028  5.995809E-17
1122.40000139177  1.171023E-16
1122.50000139326  1.848418E-16
1122.60000139475  3.508514E-16
1122.70000139624  4.663256E-16
1122.80000139773  5.605012E-16
1122.90000139922  6.366437E-16
1123.00000140071  5.407660E-16
1123.1000014022  4.368818E-16
1123.20000140369  2.807370E-16
1123.30000140518  1.791090E-16
1123.40000140667  1.162086E-16
1123.50000140816  1.758876E-16
1123.60000140965  2.557363E-16
1123.70000141114  3.247862E-16
1123.80000141263  3.994912E-16
1123.90000141412  3.774190E-16
1124.00000141561  4.370311E-16
1124.1000014171  4.627700E-16
1124.20000141859  5.339619E-16
1124.30000142008  5.583729E-16
1124.40000142157  5.235255E-16
1124.50000142306  5.270467E-16
1124.60000142455  4.716020E-16
1124.70000142604  4.481291E-16
1124.80000142753  3.635342E-16
1124.90000142902  3.698888E-16
1125.00000143051  2.486674E-16
1125.100001432  1.446097E-16
1125.20000143349  4.437104E-17
1125.30000143498  1.246388E-16
1125.40000143647  2.104050E-16
1125.50000143796  2.655125E-16
1125.60000143945  3.732067E-16
1125.70000144094  3.761782E-16
1125.80000144243  3.559363E-16
1125.90000144392  3.022242E-16
1126.00000144541  3.388235E-16
1126.1000014469  4.402020E-16
1126.20000144839  4.904741E-16
1126.30000144988  4.973044E-16
1126.40000145137  5.702141E-16
1126.50000145286  5.402214E-16
1126.60000145435  4.211165E-16
1126.70000145584  4.445445E-16
1126.80000145733  4.312485E-16
1126.90000145882  3.092241E-16
1127.00000146031  3.119460E-16
1127.1000014618  3.226975E-16
1127.20000146329  2.824122E-16
1127.30000146478  2.870340E-16
1127.40000146627  4.245182E-16
1127.50000146776  4.044585E-16
1127.60000146925  4.768200E-16
1127.70000147074  5.421945E-16
1127.80000147223  5.876517E-16
1127.90000147372  4.778994E-16
1128.00000147521  4.347566E-16
1128.1000014767  3.262858E-16
1128.20000147819  2.878752E-16
1128.30000147968  2.329503E-16
1128.40000148117  2.328851E-16
1128.50000148266  2.020229E-16
1128.60000148415  1.970111E-16
1128.70000148564  1.796391E-16
1128.80000148713  1.788687E-16
1128.90000148862  2.438003E-16
1129.00000149011  3.805978E-16
1129.1000014916  3.383929E-16
1129.20000149309  3.088984E-16
1129.30000149458  2.420883E-16
1129.40000149607  1.990307E-16
1129.50000149756  1.490576E-16
1129.60000149905  2.127511E-16
1129.70000150054  2.077427E-16
1129.80000150203  3.051337E-16
1129.90000150352  3.172925E-16
1130.00000150501  3.687979E-16
1130.1000015065  4.554506E-16
1130.20000150799  5.035832E-16
1130.30000150948  4.847031E-16
1130.40000151098  5.030934E-16
1130.50000151247  5.100749E-16
1130.60000151396  5.038609E-16
1130.70000151545  6.517085E-16
1130.80000151694  7.847725E-16
1130.90000151843  8.662349E-16
1131.00000151992  7.671467E-16
1131.10000152141  7.596788E-16
1131.2000015229  6.682116E-16
1131.30000152439  6.387780E-16
1131.40000152588  5.736152E-16
1131.50000152737  6.478116E-16
1131.60000152886  6.461724E-16
1131.70000153035  5.329687E-16
1131.80000153184  4.021641E-16
1131.90000153333  3.441235E-16
1132.00000153482  3.296077E-16
1132.10000153631  2.991293E-16
1132.2000015378  3.838679E-16
1132.30000153929  4.976884E-16
1132.40000154078  3.791771E-16
1132.50000154227  2.866385E-16
1132.60000154376  1.469360E-16
1132.70000154525  4.135146E-17
1132.80000154674  -5.248962E-17
1132.90000154823  -5.024868E-18
1133.00000154972  -4.403510E-17
1133.10000155121  -3.023870E-17
1133.2000015527  5.386042E-17
1133.30000155419  4.898839E-17
1133.40000155568  1.494038E-16
1133.50000155717  2.561265E-16
1133.60000155866  2.865005E-16
1133.70000156015  2.413275E-16
1133.80000156164  2.416978E-16
1133.90000156313  2.244420E-16
1134.00000156462  1.630266E-16
1134.10000156611  1.597524E-16
1134.2000015676  1.100246E-16
1134.30000156909  3.239701E-17
1134.40000157058  2.475889E-17
1134.50000157207  7.454570E-17
1134.60000157356  5.274314E-17
1134.70000157505  4.029248E-17
1134.80000157654  1.097608E-16
1134.90000157803  8.416864E-17
1135.00000157952  1.054014E-16
1135.10000158101  2.194355E-16
1135.2000015825  3.755850E-16
1135.30000158399  3.714733E-16
1135.40000158548  3.532101E-16
1135.50000158697  2.708801E-16
1135.60000158846  1.137866E-16
1135.70000158995  1.833799E-17
1135.80000159144  7.966394E-17
1135.90000159293  1.484826E-16
1136.00000159442  2.348158E-16
1136.10000159591  4.316549E-16
1136.2000015974  4.766353E-16
1136.30000159889  4.533339E-16
1136.40000160038  5.148224E-16
1136.50000160187  5.317907E-16
1136.60000160336  5.209053E-16
1136.70000160485  5.422663E-16
1136.80000160634  6.008857E-16
1136.90000160783  5.068668E-16
1137.00000160932  4.679248E-16
1137.10000161081  3.620892E-16
1137.2000016123  3.338763E-16
1137.30000161379  2.815671E-16
1137.40000161528  3.765185E-16
1137.50000161677  4.045955E-16
1137.60000161826  4.863612E-16
1137.70000161975  5.274031E-16
1137.80000162124  5.317058E-16
1137.90000162273  3.921896E-16
1138.00000162422  3.514792E-16
1138.10000162571  3.465749E-16
1138.2000016272  3.141908E-16
1138.30000162869  3.165255E-16
1138.40000163018  4.184641E-16
1138.50000163167  5.139125E-16
1138.60000163316  5.219216E-16
1138.70000163465  5.351284E-16
1138.80000163614  5.311888E-16
1138.90000163763  5.451393E-16
1139.00000163913  4.904778E-16
1139.10000164062  4.850246E-16
1139.20000164211  4.240997E-16
1139.3000016436  3.784949E-16
1139.40000164509  2.952518E-16
1139.50000164658  3.172670E-16
1139.60000164807  3.377981E-16
1139.70000164956  4.570008E-16
1139.80000165105  5.641574E-16
1139.90000165254  6.712323E-16
1140.00000165403  6.779662E-16
1140.10000165552  6.482730E-16
1140.20000165701  5.547000E-16
1140.3000016585  4.459454E-16
1140.40000165999  3.685328E-16
1140.50000166148  3.335222E-16
1140.60000166297  3.749266E-16
1140.70000166446  3.943579E-16
1140.80000166595  4.697488E-16
1140.90000166744  4.297661E-16
1141.00000166893  4.016721E-16
1141.10000167042  3.875102E-16
1141.20000167191  4.177817E-16
1141.3000016734  4.292774E-16
1141.40000167489  5.022361E-16
1141.50000167638  5.649611E-16
1141.60000167787  5.226804E-16
1141.70000167936  4.762316E-16
1141.80000168085  4.568130E-16
1141.90000168234  4.783849E-16
1142.00000168383  4.853727E-16
1142.10000168532  5.200847E-16
1142.20000168681  5.603938E-16
1142.3000016883  5.186072E-16
1142.40000168979  5.120001E-16
1142.50000169128  5.286662E-16
1142.60000169277  5.930400E-16
1142.70000169426  6.289016E-16
1142.80000169575  6.458646E-16
1142.90000169724  6.715541E-16
1143.00000169873  6.304603E-16
1143.10000170022  5.678289E-16
1143.20000170171  4.313928E-16
1143.3000017032  6.344201E-16
1143.40000170469  3.656380E-16
1143.50000170618  4.634366E-16
1143.60000170767  4.263280E-16
1143.70000170916  4.673689E-16
1143.80000171065  1.668235E-16
1143.90000171214  3.152097E-16
1144.00000171363  1.371020E-16
1144.10000171512  2.027217E-16
1144.20000171661  3.054784E-16
1144.3000017181  3.559524E-16
1144.40000171959  3.341799E-16
1144.50000172108  4.447784E-16
1144.60000172257  4.395312E-16
1144.70000172406  3.761061E-16
1144.80000172555  4.219269E-16
1144.90000172704  4.643455E-16
1145.00000172853  4.587646E-16
1145.10000173002  4.509338E-16
1145.20000173151  4.732659E-16
1145.300001733  5.157147E-16
1145.40000173449  5.061307E-16
1145.50000173598  4.969670E-16
1145.60000173747  4.805446E-16
1145.70000173896  4.466850E-16
1145.80000174045  4.259010E-16
1145.90000174194  4.686815E-16
1146.00000174343  4.370715E-16
1146.10000174492  3.591446E-16
1146.20000174641  3.561196E-16
1146.3000017479  2.963752E-16
1146.40000174939  3.291038E-16
1146.50000175088  2.727695E-16
1146.60000175237  3.318085E-16
1146.70000175386  2.867238E-16
1146.80000175535  2.571447E-16
1146.90000175684  1.636846E-16
1147.00000175833  1.543078E-16
1147.10000175982  6.367070E-17
1147.20000176131  1.119301E-16
1147.3000017628  1.932526E-16
1147.40000176429  2.364861E-16
1147.50000176578  3.318784E-16
1147.60000176727  4.034663E-16
1147.70000176877  4.757145E-16
1147.80000177026  4.839427E-16
1147.90000177175  5.628062E-16
1148.00000177324  5.655331E-16
1148.10000177473  5.503726E-16
1148.20000177622  4.484803E-16
1148.30000177771  3.295810E-16
1148.4000017792  3.304077E-16
1148.50000178069  3.386917E-16
1148.60000178218  4.232753E-16
1148.70000178367  5.037877E-16
1148.80000178516  6.261326E-16
1148.90000178665  5.746922E-16
1149.00000178814  5.365659E-16
1149.10000178963  4.149087E-16
1149.20000179112  2.897469E-16
1149.30000179261  2.112026E-16
1149.4000017941  1.246327E-16
1149.50000179559  5.986628E-17
1149.60000179708  1.012025E-16
1149.70000179857  1.764893E-16
1149.80000180006  2.333707E-16
1149.90000180155  3.112403E-16
1150.00000180304  4.034981E-16
1150.10000180453  4.821391E-16
1150.20000180602  4.918673E-16
1150.30000180751  4.639797E-16
1150.400001809  5.223691E-16
1150.50000181049  5.376623E-16
1150.60000181198  4.651550E-16
1150.70000181347  4.233221E-16
1150.80000181496  3.946243E-16
1150.90000181645  3.790458E-16
1151.00000181794  3.492196E-16
1151.10000181943  4.186238E-16
1151.20000182092  4.892060E-16
1151.30000182241  5.681138E-16
1151.4000018239  4.695556E-16
1151.50000182539  4.059809E-16
1151.60000182688  3.023220E-16
1151.70000182837  3.080638E-16
1151.80000182986  2.626402E-16
1151.90000183135  3.347650E-16
1152.00000183284  3.401562E-16
1152.10000183433  3.291221E-16
1152.20000183582  2.267061E-16
1152.30000183731  2.188410E-16
1152.4000018388  2.340175E-16
1152.50000184029  3.438685E-16
1152.60000184178  4.345853E-16
1152.70000184327  4.718545E-16
1152.80000184476  5.233075E-16
1152.90000184625  5.122393E-16
1153.00000184774  4.877900E-16
1153.10000184923  4.712318E-16
1153.20000185072  6.384233E-16
1153.30000185221  4.292943E-16
1153.4000018537  2.768081E-16
1153.50000185519  4.812682E-17
1153.60000185668  4.460288E-17
1153.70000185817  -1.117323E-16
1153.80000185966  -4.366602E-18
1153.90000186115  8.448100E-17
1154.00000186264  2.878919E-16
1154.10000186413  3.712646E-16
1154.20000186562  4.170391E-16
1154.30000186711  5.468700E-16
1154.4000018686  6.075435E-16
1154.50000187009  5.955655E-16
1154.60000187158  5.212279E-16
1154.70000187307  5.650038E-16
1154.80000187456  4.810841E-16
1154.90000187605  4.385140E-16
1155.00000187754  4.778168E-16
1155.10000187903  4.326774E-16
1155.20000188052  3.077615E-16
1155.30000188201  2.898615E-16
1155.4000018835  3.537901E-16
1155.50000188499  3.609306E-16
1155.60000188648  3.715433E-16
1155.70000188797  4.288268E-16
1155.80000188946  5.339165E-16
1155.90000189095  4.758297E-16
1156.00000189244  4.196675E-16
1156.10000189394  4.461882E-16
1156.20000189542  5.093891E-16
1156.30000189692  4.725308E-16
1156.40000189841  5.419681E-16
1156.5000018999  5.991492E-16
1156.60000190139  6.139330E-16
1156.70000190288  4.892666E-16
1156.80000190437  4.405042E-16
1156.90000190586  4.021974E-16
1157.00000190735  3.522440E-16
1157.10000190884  3.105894E-16
1157.20000191033  3.596089E-16
1157.30000191182  3.924365E-16
1157.40000191331  4.871750E-16
1157.5000019148  5.217999E-16
1157.60000191629  5.821603E-16
1157.70000191778  6.127138E-16
1157.80000191927  5.818701E-16
1157.90000192076  4.426292E-16
1158.00000192225  4.819551E-16
1158.10000192374  5.292726E-16
1158.20000192523  5.258626E-16
1158.30000192672  5.935095E-16
1158.40000192821  6.081437E-16
1158.5000019297  5.523020E-16
1158.60000193119  2.493968E-16
1158.70000193268  7.922729E-17
1158.80000193417  8.055308E-17
1158.90000193566  1.429093E-16
1159.00000193715  1.905518E-16
1159.10000193864  4.035918E-16
1159.20000194013  5.565633E-16
1159.30000194162  5.319763E-16
1159.40000194311  4.905520E-16
1159.5000019446  3.986403E-16
1159.60000194609  4.109462E-16
1159.70000194758  4.431992E-16
1159.80000194907  4.056043E-16
1159.90000195056  4.213722E-16
1160.00000195205  5.126675E-16
1160.10000195354  5.064285E-16
1160.20000195503  4.997135E-16
1160.30000195652  5.315136E-16
1160.40000195801  5.973802E-16
1160.5000019595  5.783535E-16
1160.60000196099  6.394534E-16
1160.70000196248  6.215793E-16
1160.80000196397  6.036920E-16
1160.90000196546  5.287887E-16
1161.00000196695  5.146591E-16
1161.10000196844  4.870798E-16
1161.20000196993  4.936611E-16
1161.30000197142  5.661080E-16
1161.40000197291  5.572304E-16
1161.5000019744  5.803412E-16
1161.60000197589  5.694927E-16
1161.70000197738  5.927608E-16
1161.80000197887  5.807642E-16
1161.90000198036  5.767428E-16
1162.00000198185  6.153785E-16
1162.10000198334  6.592030E-16
1162.20000198483  6.662459E-16
1162.30000198632  5.749375E-16
1162.40000198781  6.010143E-16
1162.5000019893  5.917155E-16
1162.60000199079  5.594022E-16
1162.70000199228  5.895655E-16
1162.80000199377  6.701522E-16
1162.90000199526  6.484742E-16
1163.00000199675  6.125746E-16
1163.10000199824  6.135763E-16
1163.20000199973  5.514693E-16
1163.30000200122  4.574027E-16
1163.40000200271  5.601591E-16
1163.5000020042  5.457736E-16
1163.60000200569  5.738529E-16
1163.70000200718  6.912633E-16
1163.80000200867  7.832834E-16
1163.90000201016  7.066227E-16
1164.00000201165  6.837679E-16
1164.10000201314  6.341169E-16
1164.20000201463  5.565216E-16
1164.30000201612  5.387831E-16
1164.40000201761  4.627129E-16
1164.5000020191  4.670777E-16
1164.60000202059  5.836347E-16
1164.70000202208  6.260572E-16
1164.80000202358  6.842868E-16
1164.90000202507  7.102138E-16
1165.00000202656  7.575996E-16
1165.10000202805  6.116444E-16
1165.20000202954  5.062106E-16
1165.30000203103  4.465990E-16
1165.40000203252  4.991646E-16
1165.50000203401  4.360046E-16
1165.6000020355  4.830534E-16
1165.70000203699  4.950362E-16
1165.80000203848  5.325738E-16
1165.90000203997  4.988570E-16
1166.00000204146  5.477220E-16
1166.10000204295  5.304488E-16
1166.20000204444  5.196174E-16
1166.30000204593  4.778020E-16
1166.40000204742  5.304645E-16
1166.50000204891  5.302235E-16
1166.6000020504  5.599879E-16
1166.70000205189  5.630324E-16
1166.80000205338  6.116675E-16
1166.90000205487  6.429184E-16
1167.00000205636  6.782406E-16
1167.10000205785  6.842819E-16
1167.20000205934  7.286411E-16
1167.30000206083  7.095033E-16
1167.40000206232  6.804429E-16
1167.50000206381  6.301305E-16
1167.6000020653  6.331864E-16
1167.70000206679  5.510268E-16
1167.80000206828  5.486075E-16
1167.90000206977  5.251535E-16
1168.00000207126  5.782221E-16
1168.10000207275  6.392428E-16
1168.20000207424  7.380546E-16
1168.30000207573  6.731166E-16
1168.40000207722  6.874222E-16
1168.50000207871  6.967563E-16
1168.6000020802  6.434614E-16
1168.70000208169  5.806902E-16
1168.80000208318  5.850234E-16
1168.90000208467  4.804117E-16
1169.00000208616  3.654301E-16
1169.10000208765  3.390577E-16
1169.20000208914  3.350628E-16
1169.30000209063  3.553484E-16
1169.40000209212  4.092857E-16
1169.50000209361  4.510284E-16
1169.6000020951  4.293273E-16
1169.70000209659  4.034525E-16
1169.80000209808  3.442248E-16
1169.90000209957  4.247717E-16
1170.00000210106  4.216420E-16
1170.10000210255  4.162401E-16
1170.20000210404  4.925311E-16
1170.30000210553  5.461592E-16
1170.40000210702  4.584520E-16
1170.50000210851  4.747181E-16
1170.60000211  5.504330E-16
1170.70000211149  5.959522E-16
1170.80000211298  6.192193E-16
1170.90000211447  5.864169E-16
1171.00000211596  7.264390E-16
1171.10000211745  6.842442E-16
1171.20000211894  7.165844E-16
1171.30000212043  6.764306E-16
1171.40000212192  7.513276E-16
1171.50000212341  5.818164E-16
1171.6000021249  5.988249E-16
1171.70000212639  4.849843E-16
1171.80000212788  5.593204E-16
1171.90000212937  5.711265E-16
1172.00000213086  6.573424E-16
1172.10000213235  5.699613E-16
1172.20000213384  6.107786E-16
1172.30000213533  5.326258E-16
1172.40000213682  5.350838E-16
1172.50000213831  5.255232E-16
1172.6000021398  5.718097E-16
1172.70000214129  5.798504E-16
1172.80000214278  6.041699E-16
1172.90000214427  6.611882E-16
1173.00000214576  6.358979E-16
1173.10000214725  6.208758E-16
1173.20000214874  6.214753E-16
1173.30000215023  6.453107E-16
1173.40000215173  5.834052E-16
1173.50000215322  5.073389E-16
1173.60000215471  5.157521E-16
1173.7000021562  4.526598E-16
1173.80000215769  4.407566E-16
1173.90000215918  5.115667E-16
1174.00000216067  5.392816E-16
1174.10000216216  5.720232E-16
1174.20000216365  6.080348E-16
1174.30000216514  5.505587E-16
1174.40000216663  5.063152E-16
1174.50000216812  5.424198E-16
1174.60000216961  5.167789E-16
1174.7000021711  4.594590E-16
1174.80000217259  4.929679E-16
1174.90000217408  4.779723E-16
1175.00000217557  4.634667E-16
1175.10000217706  4.646719E-16
1175.20000217855  5.420974E-16
1175.30000218004  5.944474E-16
1175.40000218153  5.787917E-16
1175.50000218302  5.822152E-16
1175.60000218451  5.369176E-16
1175.700002186  5.315617E-16
1175.80000218749  5.439470E-16
1175.90000218898  5.560317E-16
1176.00000219047  5.730489E-16
1176.10000219196  6.151812E-16
1176.20000219345  6.010546E-16
1176.30000219494  5.961606E-16
1176.40000219643  6.103888E-16
1176.50000219792  5.400882E-16
1176.60000219941  5.246300E-16
1176.7000022009  5.624162E-16
1176.80000220239  4.865317E-16
1176.90000220388  4.498385E-16
1177.00000220537  4.406887E-16
1177.10000220686  4.536488E-16
1177.20000220835  3.939715E-16
1177.30000220984  5.242201E-16
1177.40000221133  5.179935E-16
1177.50000221282  6.087561E-16
1177.60000221431  6.598859E-16
1177.7000022158  6.659301E-16
1177.80000221729  6.300351E-16
1177.90000221878  6.782675E-16
1178.00000222027  6.483548E-16
1178.10000222176  6.490968E-16
1178.20000222325  6.276571E-16
1178.30000222474  7.191950E-16
1178.40000222623  6.969218E-16
1178.50000222772  7.164884E-16
1178.60000222921  6.864350E-16
1178.7000022307  7.667164E-16
1178.80000223219  6.491249E-16
1178.90000223368  6.251482E-16
1179.00000223517  6.229107E-16
1179.10000223666  6.345168E-16
1179.20000223815  5.515192E-16
1179.30000223964  5.431561E-16
1179.40000224113  5.983151E-16
1179.50000224262  5.734945E-16
1179.60000224411  5.543722E-16
1179.7000022456  5.898502E-16
1179.80000224709  5.758932E-16
1179.90000224858  5.010384E-16
1180.00000225007  5.350454E-16
1180.10000225156  5.495157E-16
1180.20000225305  5.533575E-16
1180.30000225454  5.316925E-16
1180.40000225603  6.293851E-16
1180.50000225752  6.102269E-16
1180.60000225901  6.331419E-16
1180.7000022605  6.539864E-16
1180.80000226199  7.181137E-16
1180.90000226348  6.899292E-16
1181.00000226497  7.282011E-16
1181.10000226646  6.792401E-16
1181.20000226795  6.015176E-16
1181.30000226944  5.553118E-16
1181.40000227093  5.381815E-16
1181.50000227242  4.897223E-16
1181.60000227391  4.551557E-16
1181.7000022754  4.657992E-16
1181.80000227689  5.022568E-16
1181.90000227838  4.970904E-16
1182.00000227987  4.469539E-16
1182.10000228137  4.709539E-16
1182.20000228286  5.147114E-16
1182.30000228435  4.795547E-16
1182.40000228584  4.739058E-16
1182.50000228733  5.298897E-16
1182.60000228882  5.578009E-16
1182.70000229031  5.366592E-16
1182.8000022918  6.038457E-16
1182.90000229329  6.318061E-16
1183.00000229478  6.255096E-16
1183.10000229627  5.987685E-16
1183.20000229776  6.010828E-16
1183.30000229925  5.522798E-16
1183.40000230074  5.378791E-16
1183.50000230223  5.828398E-16
1183.60000230372  5.758446E-16
1183.70000230521  5.751363E-16
1183.8000023067  5.338156E-16
1183.90000230819  4.970496E-16
1184.00000230968  4.334353E-16
1184.10000231117  4.360844E-16
1184.20000231266  4.538190E-16
1184.30000231415  4.947892E-16
1184.40000231564  4.692675E-16
1184.50000231713  4.799273E-16
1184.60000231862  4.711767E-16
1184.70000232011  4.892567E-16
1184.8000023216  4.710918E-16
1184.90000232309  5.180110E-16
1185.00000232458  5.891415E-16
1185.10000232607  6.813113E-16
1185.20000232756  6.795183E-16
1185.30000232905  6.869495E-16
1185.40000233054  7.273350E-16
1185.50000233203  6.681818E-16
1185.60000233352  6.518496E-16
1185.70000233501  6.393494E-16
1185.8000023365  6.554856E-16
1185.90000233799  6.114152E-16
1186.00000233948  6.282458E-16
1186.10000234097  6.165975E-16
1186.20000234246  6.494099E-16
1186.30000234395  6.553474E-16
1186.40000234544  6.770088E-16
1186.50000234693  6.350941E-16
1186.60000234842  5.975800E-16
1186.70000234991  5.687779E-16
1186.8000023514  5.880955E-16
1186.90000235289  5.636455E-16
1187.00000235438  5.919553E-16
1187.10000235587  6.038645E-16
1187.20000235736  5.419401E-16
1187.30000235885  5.179245E-16
1187.40000236034  5.144667E-16
1187.50000236183  5.065597E-16
1187.60000236332  4.849768E-16
1187.70000236481  5.280583E-16
1187.8000023663  5.019652E-16
1187.90000236779  4.919227E-16
1188.00000236928  4.785632E-16
1188.10000237077  5.004308E-16
1188.20000237226  5.286175E-16
1188.30000237375  5.714554E-16
1188.40000237524  5.808254E-16
1188.50000237673  6.170865E-16
1188.60000237822  5.597076E-16
1188.70000237971  4.970416E-16
1188.8000023812  3.524027E-16
1188.90000238269  3.504145E-16
1189.00000238418  3.929021E-16
1189.10000238567  4.546824E-16
1189.20000238716  5.094153E-16
1189.30000238865  6.583022E-16
1189.40000239014  6.841813E-16
1189.50000239163  6.327578E-16
1189.60000239312  5.939668E-16
1189.70000239461  5.604822E-16
1189.8000023961  5.007115E-16
1189.90000239759  4.755327E-16
1190.00000239908  4.376452E-16
1190.10000240057  4.182235E-16
1190.20000240206  4.833141E-16
1190.30000240355  5.028883E-16
1190.40000240504  5.325336E-16
1190.50000240653  5.354234E-16
1190.60000240803  5.631298E-16
1190.70000240952  5.458814E-16
1190.80000241101  5.137789E-16
1190.9000024125  4.936043E-16
1191.00000241399  4.962654E-16
1191.10000241548  4.660241E-16
1191.20000241697  4.458562E-16
1191.30000241846  4.591734E-16
1191.40000241995  4.362787E-16
1191.50000242144  4.743846E-16
1191.60000242293  5.117104E-16
1191.70000242442  5.282293E-16
1191.80000242591  5.488877E-16
1191.9000024274  5.606478E-16
1192.00000242889  5.423865E-16
1192.10000243038  5.588627E-16
1192.20000243187  5.393573E-16
1192.30000243336  5.549523E-16
1192.40000243485  5.606470E-16
1192.50000243634  5.587713E-16
1192.60000243783  5.519474E-16
1192.70000243932  5.703795E-16
1192.80000244081  5.246698E-16
1192.9000024423  4.882902E-16
1193.00000244379  4.836643E-16
1193.10000244528  4.323655E-16
1193.20000244677  4.717573E-16
1193.30000244826  4.077348E-16
1193.40000244975  4.919133E-16
1193.50000245124  4.981490E-16
1193.60000245273  5.662514E-16
1193.70000245422  4.893982E-16
1193.80000245571  5.818516E-16
1193.9000024572  5.179923E-16
1194.00000245869  5.320515E-16
1194.10000246018  5.100904E-16
1194.20000246167  5.462502E-16
1194.30000246316  5.615942E-16
1194.40000246465  5.659123E-16
1194.50000246614  5.408980E-16
1194.60000246763  5.283550E-16
1194.70000246912  5.018228E-16
1194.80000247061  4.063839E-16
1194.9000024721  4.000592E-16
1195.00000247359  4.284166E-16
1195.10000247508  4.357742E-16
1195.20000247657  4.355693E-16
1195.30000247806  4.990821E-16
1195.40000247955  5.076699E-16
1195.50000248104  4.968266E-16
1195.60000248253  5.035703E-16
1195.70000248402  5.147089E-16
1195.80000248551  5.362227E-16
1195.900002487  5.407176E-16
1196.00000248849  5.160419E-16
1196.10000248998  4.954347E-16
1196.20000249147  3.903047E-16
1196.30000249296  4.104223E-16
1196.40000249445  3.961785E-16
1196.50000249594  4.719664E-16
1196.60000249743  4.743828E-16
1196.70000249892  5.422596E-16
1196.80000250041  5.009630E-16
1196.9000025019  5.164592E-16
1197.00000250339  4.870057E-16
1197.10000250488  5.092660E-16
1197.20000250637  4.585007E-16
1197.30000250786  4.592473E-16
1197.40000250935  4.615416E-16
1197.50000251084  4.397512E-16
1197.60000251233  4.387495E-16
1197.70000251382  4.790782E-16
1197.80000251531  5.306278E-16
1197.9000025168  4.853381E-16
1198.00000251829  4.455091E-16
1198.10000251978  4.409265E-16
1198.20000252127  4.798244E-16
1198.30000252276  2.961416E-16
1198.40000252425  2.968416E-16
1198.50000252574  3.223285E-16
1198.60000252723  3.089615E-16
1198.70000252872  3.316389E-16
1198.80000253021  4.821981E-16
1198.9000025317  5.559750E-16
1199.00000253319  5.586500E-16
1199.10000253468  5.885551E-16
1199.20000253617  5.723598E-16
1199.30000253767  5.718159E-16
1199.40000253916  5.428723E-16
1199.50000254065  5.524565E-16
1199.60000254214  5.258194E-16
1199.70000254363  5.158633E-16
1199.80000254512  5.493748E-16
1199.90000254661  5.877904E-16
1200.0000025481  5.876951E-16
1200.10000254959  7.742912E-16
1200.20000255108  5.949812E-16
1200.30000255257  5.815485E-16
1200.40000255406  5.475478E-16
1200.50000255555  5.520691E-16
1200.60000255704  3.655825E-16
1200.70000255853  5.495975E-16
1200.80000256002  4.810863E-16
1200.90000256151  4.494896E-16
1201.000002563  4.061592E-16
1201.10000256449  3.982085E-16
1201.20000256598  3.677006E-16
1201.30000256747  3.565686E-16
1201.40000256896  3.752030E-16
1201.50000257045  4.196037E-16
1201.60000257194  4.294733E-16
1201.70000257343  4.525882E-16
1201.80000257492  5.637172E-16
1201.90000257641  5.669576E-16
1202.0000025779  4.871222E-16
1202.10000257939  5.043677E-16
1202.20000258088  5.038602E-16
1202.30000258237  4.569680E-16
1202.40000258386  5.389870E-16
1202.50000258535  6.631630E-16
1202.60000258684  5.955871E-16
1202.70000258833  5.122942E-16
1202.80000258982  4.712503E-16
1202.90000259131  3.945040E-16
1203.0000025928  2.979988E-16
1203.10000259429  3.077915E-16
1203.20000259578  3.299490E-16
1203.30000259727  2.877900E-16
1203.40000259876  2.656222E-16
1203.50000260025  3.015881E-16
1203.60000260174  3.149648E-16
1203.70000260323  3.658901E-16
1203.80000260472  5.143502E-16
1203.90000260621  5.184434E-16
1204.0000026077  5.379458E-16
1204.10000260919  5.660711E-16
1204.20000261068  5.843966E-16
1204.30000261217  5.071139E-16
1204.40000261366  4.735663E-16
1204.50000261515  4.247955E-16
1204.60000261664  4.068832E-16
1204.70000261813  4.292652E-16
1204.80000261962  4.451531E-16
1204.90000262111  4.865646E-16
1205.0000026226  5.226083E-16
1205.10000262409  5.467119E-16
1205.20000262558  6.911423E-16
1205.30000262707  6.602402E-16
1205.40000262856  6.719504E-16
1205.50000263005  7.168415E-16
1205.60000263154  7.366983E-16
1205.70000263303  5.958215E-16
1205.80000263452  5.932819E-16
1205.90000263601  5.566220E-16
1206.0000026375  5.055179E-16
1206.10000263899  4.783376E-16
1206.20000264048  4.787532E-16
1206.30000264197  5.166763E-16
1206.40000264346  5.440738E-16
1206.50000264495  5.185731E-16
1206.60000264644  5.675600E-16
1206.70000264793  4.725801E-16
1206.80000264942  4.464854E-16
1206.90000265091  4.465596E-16
1207.0000026524  4.376190E-16
1207.10000265389  3.884833E-16
1207.20000265538  4.641394E-16
1207.30000265687  4.445871E-16
1207.40000265836  5.185018E-16
1207.50000265985  4.953307E-16
1207.60000266134  5.022022E-16
1207.70000266283  4.708691E-16
1207.80000266433  5.047691E-16
1207.90000266582  4.242841E-16
1208.00000266731  4.840351E-16
1208.1000026688  5.052530E-16
1208.20000267029  4.798638E-16
1208.30000267178  4.520023E-16
1208.40000267327  4.525374E-16
1208.50000267476  4.779512E-16
1208.60000267625  4.105607E-16
1208.70000267774  4.425173E-16
1208.80000267923  4.200418E-16
1208.90000268072  4.428461E-16
1209.00000268221  4.580063E-16
1209.1000026837  5.161892E-16
1209.20000268519  6.216357E-16
1209.30000268668  6.109206E-16
1209.40000268817  5.615385E-16
1209.50000268966  4.890042E-16
1209.60000269115  4.906980E-16
1209.70000269264  4.491102E-16
1209.80000269413  5.196970E-16
1209.90000269562  5.557493E-16
1210.00000269711  5.817314E-16
1210.1000026986  5.648486E-16
1210.20000270009  4.923439E-16
1210.30000270158  4.596465E-16
1210.40000270307  4.067034E-16
1210.50000270456  3.932900E-16
1210.60000270605  3.796077E-16
1210.70000270754  4.228081E-16
1210.80000270903  4.006622E-16
1210.90000271052  4.001117E-16
1211.00000271201  3.746904E-16
1211.1000027135  3.647469E-16
1211.20000271499  3.727743E-16
1211.30000271648  4.062728E-16
1211.40000271797  4.163953E-16
1211.50000271946  3.852910E-16
1211.60000272095  3.072965E-16
1211.70000272244  3.548404E-16
1211.80000272393  5.387390E-16
1211.90000272542  8.314894E-16
1212.00000272691  9.546818E-16
1212.1000027284  1.071276E-15
1212.20000272989  9.554128E-16
1212.30000273138  7.635395E-16
1212.40000273287  5.276415E-16
1212.50000273436  4.584504E-16
1212.60000273585  4.733389E-16
1212.70000273734  5.028966E-16
1212.80000273883  5.266639E-16
1212.90000274032  5.511094E-16
1213.00000274181  6.115192E-16
1213.1000027433  7.122328E-16
1213.20000274479  7.156237E-16
1213.30000274628  7.215120E-16
1213.40000274777  6.552051E-16
1213.50000274926  5.660337E-16
1213.60000275075  4.372421E-16
1213.70000275224  4.680944E-16
1213.80000275373  4.167243E-16
1213.90000275522  4.679479E-16
1214.00000275671  5.077087E-16
1214.1000027582  4.816185E-16
1214.20000275969  4.891945E-16
1214.30000276118  5.506539E-16
1214.40000276267  5.520803E-16
1214.50000276416  5.405299E-16
1214.60000276565  5.623740E-16
1214.70000276714  5.125583E-16
1214.80000276863  4.706411E-16
1214.90000277012  3.716830E-16
1215.00000277161  3.579255E-16
1215.1000027731  3.602315E-16
1215.20000277459  3.987530E-16
1215.30000277608  4.201131E-16
1215.40000277757  4.456146E-16
1215.50000277906  4.846840E-16
1215.60000278055  4.985422E-16
1215.70000278204  4.650686E-16
1215.80000278353  4.563920E-16
1215.90000278502  5.328182E-16
1216.00000278651  5.472514E-16
1216.100002788  5.543616E-16
1216.20000278949  5.325784E-16
1216.30000279099  5.277283E-16
1216.40000279247  5.009048E-16
1216.50000279397  5.523872E-16
1216.60000279546  5.312595E-16
1216.70000279695  5.226456E-16
1216.80000279844  5.153410E-16
1216.90000279993  5.422453E-16
1217.00000280142  4.901592E-16
1217.10000280291  4.623270E-16
1217.2000028044  5.115091E-16
1217.30000280589  5.042544E-16
1217.40000280738  4.741957E-16
1217.50000280887  3.951194E-16
1217.60000281036  4.177783E-16
1217.70000281185  3.780707E-16
1217.80000281334  3.616183E-16
1217.90000281483  3.636939E-16
1218.00000281632  4.231371E-16
1218.10000281781  4.447665E-16
1218.2000028193  4.740149E-16
1218.30000282079  5.071201E-16
1218.40000282228  5.148618E-16
1218.50000282377  4.880336E-16
1218.60000282526  4.675303E-16
1218.70000282675  4.293630E-16
1218.80000282824  4.399864E-16
1218.90000282973  3.942581E-16
1219.00000283122  5.220401E-16
1219.10000283271  5.041867E-16
1219.2000028342  5.660554E-16
1219.30000283569  5.462844E-16
1219.40000283718  5.903593E-16
1219.50000283867  4.537147E-16
1219.60000284016  4.621994E-16
1219.70000284165  3.887614E-16
1219.80000284314  3.879292E-16
1219.90000284463  3.821012E-16
1220.00000284612  4.205906E-16
1220.10000284761  4.326899E-16
1220.2000028491  4.812767E-16
1220.30000285059  4.800220E-16
1220.40000285208  4.376850E-16
1220.50000285357  4.121714E-16
1220.60000285506  4.117571E-16
1220.70000285655  4.190697E-16
1220.80000285804  3.874039E-16
1220.90000285953  3.934281E-16
1221.00000286102  4.236992E-16
1221.10000286251  3.893681E-16
1221.200002864  3.500701E-16
1221.30000286549  3.646437E-16
1221.40000286698  3.900489E-16
1221.50000286847  3.878792E-16
1221.60000286996  4.203494E-16
1221.70000287145  4.352748E-16
1221.80000287294  4.457691E-16
1221.90000287443  4.309004E-16
1222.00000287592  4.633525E-16
1222.10000287741  3.902134E-16
1222.2000028789  1.750847E-16
1222.30000288039  5.898424E-16
1222.40000288188  5.154774E-16
1222.50000288337  6.589620E-16
1222.60000288486  5.157364E-16
1222.70000288635  7.892253E-16
1222.80000288784  3.653441E-16
1222.90000288933  4.897067E-16
1223.00000289082  2.966913E-16
1223.10000289231  5.186700E-16
1223.2000028938  5.271714E-16
1223.30000289529  5.178171E-16
1223.40000289678  4.875307E-16
1223.50000289827  5.282244E-16
1223.60000289976  5.778320E-16
1223.70000290125  5.781851E-16
1223.80000290274  5.479998E-16
1223.90000290423  5.475461E-16
1224.00000290572  5.536694E-16
1224.10000290721  4.656691E-16
1224.2000029087  4.142262E-16
1224.30000291019  4.711746E-16
1224.40000291168  5.163668E-16
1224.50000291317  4.680213E-16
1224.60000291466  4.874395E-16
1224.70000291615  4.661437E-16
1224.80000291764  5.357226E-16
1224.90000291913  4.267242E-16
1225.00000292062  4.499760E-16
1225.10000292211  3.420219E-16
1225.20000292361  3.411398E-16
1225.3000029251  2.137494E-16
1225.40000292659  2.855388E-16
1225.50000292808  2.764874E-16
1225.60000292957  3.876312E-16
1225.70000293106  3.917935E-16
1225.80000293255  4.599373E-16
1225.90000293404  4.378974E-16
1226.00000293553  4.774885E-16
1226.10000293702  4.889609E-16
1226.20000293851  5.120227E-16
1226.30000294  4.955485E-16
1226.40000294149  4.901883E-16
1226.50000294298  4.203561E-16
1226.60000294447  4.220498E-16
1226.70000294596  4.019033E-16
1226.80000294745  4.348711E-16
1226.90000294894  4.217081E-16
1227.00000295043  4.195548E-16
1227.10000295192  4.593227E-16
1227.20000295341  4.922796E-16
1227.3000029549  4.481554E-16
1227.40000295639  4.381059E-16
1227.50000295788  4.701142E-16
1227.60000295937  4.154036E-16
1227.70000296086  3.561808E-16
1227.80000296235  3.347292E-16
1227.90000296384  5.683496E-16
1228.00000296533  6.749403E-16
1228.10000296682  7.556841E-16
1228.20000296831  6.402666E-16
1228.3000029698  7.019076E-16
1228.40000297129  5.207915E-16
1228.50000297278  4.345319E-16
1228.60000297427  3.580233E-16
1228.70000297576  4.899731E-16
1228.80000297725  5.061947E-16
1228.90000297874  4.938041E-16
1229.00000298023  4.801932E-16
1229.10000298172  4.635614E-16
1229.20000298321  5.324251E-16
1229.3000029847  4.983802E-16
1229.40000298619  4.843527E-16
1229.50000298768  4.808771E-16
1229.60000298917  4.865249E-16
1229.70000299066  4.427289E-16
1229.80000299215  4.670501E-16
1229.90000299364  4.477939E-16
1230.00000299513  4.373788E-16
1230.10000299662  4.506553E-16
1230.20000299811  4.328739E-16
1230.3000029996  3.919009E-16
1230.40000300109  4.135809E-16
1230.50000300258  4.448966E-16
1230.60000300407  4.420932E-16
1230.70000300556  4.719420E-16
1230.80000300705  5.182639E-16
1230.90000300854  5.173683E-16
1231.00000301003  4.970628E-16
1231.10000301152  5.178921E-16
1231.20000301301  5.183340E-16
1231.3000030145  4.572947E-16
1231.40000301599  4.439350E-16
1231.50000301748  3.924379E-16
1231.60000301897  3.866414E-16
1231.70000302046  3.872449E-16
1231.80000302195  4.091876E-16
1231.90000302344  4.579602E-16
1232.00000302493  6.258852E-16
1232.10000302642  5.856319E-16
1232.20000302791  4.488424E-16
1232.3000030294  4.499551E-16
1232.40000303089  3.642904E-16
1232.50000303238  2.201542E-16
1232.60000303387  2.644325E-16
1232.70000303536  3.718615E-16
1232.80000303685  3.616324E-16
1232.90000303834  3.959755E-16
1233.00000303983  3.740454E-16
1233.10000304132  3.603405E-16
1233.20000304281  3.764009E-16
1233.3000030443  3.530451E-16
1233.40000304579  3.772274E-16
1233.50000304728  3.868776E-16
1233.60000304878  3.738405E-16
1233.70000305027  3.830861E-16
1233.80000305176  3.922756E-16
1233.90000305325  4.052015E-16
1234.00000305474  3.938796E-16
1234.10000305623  3.699038E-16
1234.20000305772  3.521940E-16
1234.30000305921  3.923227E-16
1234.4000030607  4.030800E-16
1234.50000306219  5.122357E-16
1234.60000306368  5.277873E-16
1234.70000306517  5.343291E-16
1234.80000306666  4.629900E-16
1234.90000306815  4.693482E-16
1235.00000306964  4.007134E-16
1235.10000307113  4.199024E-16
1235.20000307262  4.472800E-16
1235.30000307411  5.036752E-16
1235.4000030756  4.746215E-16
1235.50000307709  4.507380E-16
1235.60000307858  3.967450E-16
1235.70000308007  3.515126E-16
1235.80000308156  3.298974E-16
1235.90000308305  3.753188E-16
1236.00000308454  3.886897E-16
1236.10000308603  4.553846E-16
1236.20000308752  4.495655E-16
1236.30000308901  4.756853E-16
1236.4000030905  4.042906E-16
1236.50000309199  4.059902E-16
1236.60000309348  4.021035E-16
1236.70000309497  4.457438E-16
1236.80000309646  4.558883E-16
1236.90000309795  5.032972E-16
1237.00000309944  5.398940E-16
1237.10000310093  5.056447E-16
1237.20000310242  4.606649E-16
1237.30000310391  4.296989E-16
1237.4000031054  4.114517E-16
1237.50000310689  3.814457E-16
1237.60000310838  3.991275E-16
1237.70000310987  4.449651E-16
1237.80000311136  4.800366E-16
1237.90000311285  4.632776E-16
1238.00000311434  4.537885E-16
1238.10000311583  4.731800E-16
1238.20000311732  4.564583E-16
1238.30000311881  4.339282E-16
1238.4000031203  4.537830E-16
1238.50000312179  4.672942E-16
1238.60000312328  4.825628E-16
1238.70000312477  4.620875E-16
1238.80000312626  4.283776E-16
1238.90000312775  4.647402E-16
1239.00000312924  4.553411E-16
1239.10000313073  4.815055E-16
1239.20000313222  4.969467E-16
1239.30000313371  5.270706E-16
1239.4000031352  4.469449E-16
1239.50000313669  4.176715E-16
1239.60000313818  3.237254E-16
1239.70000313967  3.253636E-16
1239.80000314116  3.265583E-16
1239.90000314265  3.480570E-16
1240.00000314414  3.692508E-16
1240.10000314563  4.201043E-16
1240.20000314712  4.050256E-16
1240.30000314861  4.101988E-16
1240.4000031501  4.209765E-16
1240.50000315159  4.264997E-16
1240.60000315308  4.145507E-16
1240.70000315457  3.993839E-16
1240.80000315606  4.038640E-16
1240.90000315755  4.049264E-16
1241.00000315904  5.150260E-16
1241.10000316053  5.794072E-16
1241.20000316202  6.144939E-16
1241.30000316351  5.966887E-16
1241.400003165  5.881260E-16
1241.50000316649  4.746818E-16
1241.60000316798  3.459856E-16
1241.70000316947  3.465823E-16
1241.80000317096  3.244844E-16
1241.90000317245  4.222362E-16
1242.00000317394  4.763178E-16
1242.10000317543  5.268522E-16
1242.20000317692  5.429179E-16
1242.30000317842  5.632215E-16
1242.40000317991  4.782408E-16
1242.5000031814  4.236323E-16
1242.60000318289  4.400420E-16
1242.70000318438  4.370398E-16
1242.80000318587  4.388936E-16
1242.90000318736  4.565034E-16
1243.00000318885  4.681722E-16
1243.10000319034  5.006876E-16
1243.20000319183  5.295376E-16
1243.30000319332  5.769621E-16
1243.40000319481  5.534142E-16
1243.5000031963  5.613257E-16
1243.60000319779  5.382523E-16
1243.70000319928  4.964186E-16
1243.80000320077  4.254237E-16
1243.90000320226  4.429853E-16
1244.00000320375  4.352840E-16
1244.10000320524  4.223815E-16
1244.20000320673  4.506854E-16
1244.30000320822  5.265167E-16
1244.40000320971  5.171124E-16
1244.5000032112  5.351445E-16
1244.60000321269  5.464963E-16
1244.70000321418  5.226417E-16
1244.80000321567  4.896015E-16
1244.90000321716  4.616180E-16
1245.00000321865  4.504726E-16
1245.10000322014  4.513886E-16
1245.20000322163  4.355671E-16
1245.30000322312  4.338216E-16
1245.40000322461  4.630118E-16
1245.5000032261  4.314336E-16
1245.60000322759  4.327713E-16
1245.70000322908  3.945820E-16
1245.80000323057  4.172640E-16
1245.90000323206  4.130376E-16
1246.00000323355  4.411025E-16
1246.10000323504  4.205567E-16
1246.20000323653  4.907551E-16
1246.30000323802  4.563764E-16
1246.40000323951  4.696351E-16
1246.500003241  4.303448E-16
1246.60000324249  4.307520E-16
1246.70000324398  4.089126E-16
1246.80000324547  4.433156E-16
1246.90000324696  4.534061E-16
1247.00000324845  5.069836E-16
1247.10000324994  5.440209E-16
1247.20000325143  5.944598E-16
1247.30000325292  5.743108E-16
1247.40000325441  5.586526E-16
1247.5000032559  5.574231E-16
1247.60000325739  5.774149E-16
1247.70000325888  4.805408E-16
1247.80000326037  4.836141E-16
1247.90000326186  4.980387E-16
1248.00000326335  4.455229E-16
1248.10000326484  4.011349E-16
1248.20000326633  4.330518E-16
1248.30000326782  4.406658E-16
1248.40000326931  4.132314E-16
1248.5000032708  4.440569E-16
1248.60000327229  4.259074E-16
1248.70000327378  4.329743E-16
1248.80000327527  4.149186E-16
1248.90000327676  4.265663E-16
1249.00000327825  4.377974E-16
1249.10000327974  4.597490E-16
1249.20000328123  4.560582E-16
1249.30000328272  4.958250E-16
1249.40000328421  5.120481E-16
1249.5000032857  4.609443E-16
1249.60000328719  4.523049E-16
1249.70000328868  4.456329E-16
1249.80000329017  3.826028E-16
1249.90000329166  3.442382E-16
1250.00000329315  4.000386E-16
1250.10000329464  3.723405E-16
1250.20000329613  3.488177E-16
1250.30000329762  3.742691E-16
1250.40000329911  3.719553E-16
1250.5000033006  3.644038E-16
1250.60000330209  3.836353E-16
1250.70000330358  4.514506E-16
1250.80000330507  4.739949E-16
1250.90000330656  4.749501E-16
1251.00000330806  4.513292E-16
1251.10000330955  4.507639E-16
1251.20000331104  4.134093E-16
1251.30000331253  3.747590E-16
1251.40000331402  3.936962E-16
1251.50000331551  4.291544E-16
1251.600003317  4.327203E-16
1251.70000331849  4.685746E-16
1251.80000331998  4.705095E-16
1251.90000332147  2.758974E-16
1252.00000332296  2.432616E-16
1252.10000332445  2.745814E-16
1252.20000332594  2.564115E-16
1252.30000332743  2.542947E-16
1252.40000332892  4.790624E-16
1252.50000333041  5.340725E-16
1252.6000033319  4.914687E-16
1252.70000333339  5.067264E-16
1252.80000333488  5.401103E-16
1252.90000333637  5.232422E-16
1253.00000333786  4.677357E-16
1253.10000333935  5.055344E-16
1253.20000334084  5.372228E-16
1253.30000334233  5.042467E-16
1253.40000334382  4.980726E-16
1253.50000334531  5.360562E-16
1253.6000033468  5.302927E-16
1253.70000334829  4.722094E-16
1253.80000334978  4.620258E-16
1253.90000335127  4.473246E-16
1254.00000335276  4.188112E-16
1254.10000335425  3.947526E-16
1254.20000335574  3.986266E-16
1254.30000335723  4.144465E-16
1254.40000335872  4.335939E-16
1254.50000336021  4.527006E-16
1254.6000033617  4.604675E-16
1254.70000336319  4.535688E-16
1254.80000336468  4.603540E-16
1254.90000336617  4.302459E-16
1255.00000336766  4.209898E-16
1255.10000336915  4.036087E-16
1255.20000337064  4.175780E-16
1255.30000337213  4.565428E-16
1255.40000337362  5.010802E-16
1255.50000337511  4.947615E-16
1255.6000033766  5.289910E-16
1255.70000337809  5.340778E-16
1255.80000337958  4.974945E-16
1255.90000338107  4.963466E-16
1256.00000338256  4.684533E-16
1256.10000338405  4.602502E-16
1256.20000338554  4.809267E-16
1256.30000338703  4.792907E-16
1256.40000338852  4.519153E-16
1256.50000339001  4.793583E-16
1256.6000033915  4.569858E-16
1256.70000339299  4.202738E-16
1256.80000339448  4.155678E-16
1256.90000339597  4.130678E-16
1257.00000339746  4.258648E-16
1257.10000339895  4.372255E-16
1257.20000340044  4.198868E-16
1257.30000340193  4.004521E-16
1257.40000340342  4.105281E-16
1257.50000340491  3.982072E-16
1257.6000034064  2.991674E-16
1257.70000340789  2.848509E-16
1257.80000340938  3.243021E-16
1257.90000341087  3.370106E-16
1258.00000341236  3.567579E-16
1258.10000341385  4.299562E-16
1258.20000341534  4.591910E-16
1258.30000341683  4.790100E-16
1258.40000341832  4.468542E-16
1258.50000341981  4.549117E-16
1258.6000034213  4.397001E-16
1258.70000342279  4.143163E-16
1258.80000342428  3.615922E-16
1258.90000342577  3.923541E-16
1259.00000342726  3.509224E-16
1259.10000342875  3.685808E-16
1259.20000343024  4.250103E-16
1259.30000343173  4.393044E-16
1259.40000343322  3.550982E-16
1259.50000343471  3.516465E-16
1259.60000343621  4.280639E-16
1259.7000034377  3.745054E-16
1259.80000343919  3.731221E-16
1259.90000344068  4.278295E-16
1260.00000344217  4.457507E-16
1260.10000344366  4.373439E-16
1260.20000344515  4.137962E-16
1260.30000344664  4.128220E-16
1260.40000344813  4.565283E-16
1260.50000344962  4.280055E-16
1260.60000345111  3.640320E-16
1260.7000034526  4.084057E-16
1260.80000345409  4.021654E-16
1260.90000345558  3.487877E-16
1261.00000345707  3.918929E-16
1261.10000345856  4.195787E-16
1261.20000346005  3.787339E-16
1261.30000346154  4.145205E-16
1261.40000346303  4.555809E-16
1261.50000346452  4.529795E-16
1261.60000346601  4.671979E-16
1261.7000034675  5.217831E-16
1261.80000346899  5.124839E-16
1261.90000347048  4.287607E-16
1262.00000347197  4.292550E-16
1262.10000347346  4.178017E-16
1262.20000347495  4.602583E-16
1262.30000347644  5.020240E-16
1262.40000347793  5.669656E-16
1262.50000347942  5.283849E-16
1262.60000348091  5.064567E-16
1262.7000034824  4.631232E-16
1262.80000348389  3.992799E-16
1262.90000348538  4.029096E-16
1263.00000348687  4.012671E-16
1263.10000348836  3.959965E-16
1263.20000348985  4.272169E-16
1263.30000349134  4.406192E-16
1263.40000349283  4.487032E-16
1263.50000349432  5.208822E-16
1263.60000349581  5.034650E-16
1263.7000034973  3.919736E-16
1263.80000349879  3.792589E-16
1263.90000350028  3.966684E-16
1264.00000350177  3.502032E-16
1264.10000350326  4.111524E-16
1264.20000350475  5.082615E-16
1264.30000350624  5.342468E-16
1264.40000350773  4.747365E-16
1264.50000350922  4.517054E-16
1264.60000351071  3.931595E-16
1264.7000035122  3.567461E-16
1264.80000351369  3.424988E-16
1264.90000351518  3.757524E-16
1265.00000351667  3.656308E-16
1265.10000351816  4.111442E-16
1265.20000351965  4.206140E-16
1265.30000352114  4.346888E-16
1265.40000352263  3.986599E-16
1265.50000352412  3.792444E-16
1265.60000352561  3.769132E-16
1265.7000035271  3.603904E-16
1265.80000352859  3.613240E-16
1265.90000353008  4.135701E-16
1266.00000353157  4.864641E-16
1266.10000353306  5.126159E-16
1266.20000353455  5.153883E-16
1266.30000353604  4.399498E-16
1266.40000353753  4.235036E-16
1266.50000353902  4.524347E-16
1266.60000354051  4.356017E-16
1266.700003542  3.256169E-16
1266.80000354349  4.038444E-16
1266.90000354498  3.987766E-16
1267.00000354647  2.576295E-16
1267.10000354796  1.997030E-16
1267.20000354945  3.072978E-16
1267.30000355094  3.171137E-16
1267.40000355243  3.153537E-16
1267.50000355392  4.523046E-16
1267.60000355541  5.128614E-16
1267.7000035569  4.575160E-16
1267.80000355839  2.926545E-16
1267.90000355988  3.451726E-16
1268.00000356137  3.014528E-16
1268.10000356286  2.905560E-16
1268.20000356436  1.917944E-16
1268.30000356585  3.399947E-16
1268.40000356734  2.493586E-16
1268.50000356883  2.179994E-16
1268.60000357032  1.841446E-16
1268.70000357181  3.448050E-16
1268.8000035733  4.018132E-16
1268.90000357479  5.239118E-16
1269.00000357628  5.851499E-16
1269.10000357777  5.546587E-16
1269.20000357926  5.078608E-16
1269.30000358075  4.499084E-16
1269.40000358224  3.244187E-16
1269.50000358373  4.067285E-16
1269.60000358522  4.907275E-16
1269.70000358671  5.551323E-16
1269.8000035882  5.221987E-16
1269.90000358969  6.107324E-16
1270.00000359118  5.066629E-16
1270.10000359267  5.008529E-16
1270.20000359416  5.434343E-16
1270.30000359565  6.176074E-16
1270.40000359714  6.410499E-16
1270.50000359863  6.792377E-16
1270.60000360012  6.274153E-16
1270.70000360161  5.816602E-16
1270.8000036031  5.330126E-16
1270.90000360459  4.970152E-16
1271.00000360608  4.288186E-16
1271.10000360757  4.581631E-16
1271.20000360906  4.505381E-16
1271.30000361055  4.533994E-16
1271.40000361204  4.220523E-16
1271.50000361353  4.028153E-16
1271.60000361502  3.804336E-16
1271.70000361651  4.008570E-16
1271.800003618  3.592043E-16
1271.90000361949  3.648534E-16
1272.00000362098  4.388493E-16
1272.10000362247  4.359103E-16
1272.20000362396  4.988105E-16
1272.30000362545  6.868797E-16
1272.40000362694  9.607953E-16
1272.50000362843  1.327830E-15
1272.60000362992  1.770604E-15
1272.70000363141  1.866924E-15
1272.8000036329  1.795004E-15
1272.90000363439  1.572328E-15
1273.00000363588  1.192856E-15
1273.10000363737  7.895072E-16
1273.20000363886  6.671506E-16
1273.30000364035  6.109800E-16
1273.40000364184  5.693674E-16
1273.50000364333  5.959462E-16
1273.60000364482  6.588681E-16
1273.70000364631  5.562372E-16
1273.8000036478  4.754825E-16
1273.90000364929  4.907809E-16
1274.00000365078  4.705532E-16
1274.10000365227  4.604148E-16
1274.20000365376  5.452326E-16
1274.30000365525  5.870365E-16
1274.40000365674  5.705901E-16
1274.50000365823  6.063081E-16
1274.60000365972  4.308288E-16
1274.70000366121  5.140239E-16
1274.8000036627  6.022901E-16
1274.90000366419  6.499490E-16
1275.00000366568  5.994420E-16
1275.10000366717  7.145416E-16
1275.20000366866  5.934276E-16
1275.30000367015  4.675940E-16
1275.40000367164  4.728452E-16
1275.50000367313  4.781288E-16
1275.60000367462  4.500552E-16
1275.70000367611  5.245127E-16
1275.8000036776  6.812732E-16
1275.90000367909  7.014784E-16
1276.00000368058  5.661229E-16
1276.10000368207  5.862456E-16
1276.20000368356  5.515049E-16
1276.30000368505  5.003141E-16
1276.40000368654  4.520252E-16
1276.50000368803  5.485544E-16
1276.60000368952  5.535899E-16
1276.70000369102  5.204830E-16
1276.80000369251  5.653948E-16
1276.900003694  5.377112E-16
1277.00000369549  5.245211E-16
1277.10000369698  5.130930E-16
1277.20000369847  6.003519E-16
1277.30000369996  5.456225E-16
1277.40000370145  5.276324E-16
1277.50000370294  5.570342E-16
1277.60000370443  4.832528E-16
1277.70000370592  3.088774E-16
1277.80000370741  1.006026E-16
1277.9000037089  6.029189E-17
1278.00000371039  9.704492E-17
1278.10000371188  2.032574E-16
1278.20000371337  3.500384E-16
1278.30000371486  5.239843E-16
1278.40000371635  5.796872E-16
1278.50000371784  5.972643E-16
1278.60000371933  5.717395E-16
1278.70000372082  4.880695E-16
1278.80000372231  4.938597E-16
1278.9000037238  5.092537E-16
1279.00000372529  4.719096E-16
1279.10000372678  5.343117E-16
1279.20000372827  5.675491E-16
1279.30000372976  6.675735E-16
1279.40000373125  7.327320E-16
1279.50000373274  7.319957E-16
1279.60000373423  6.862399E-16
1279.70000373572  7.274145E-16
1279.80000373721  6.612408E-16
1279.9000037387  7.544203E-16
1280.00000374019  8.052776E-16
1280.10000374168  7.698995E-16
1280.20000374317  6.967857E-16
1280.30000374466  6.221555E-16
1280.40000374615  4.466400E-16
1280.50000374764  4.587433E-16
1280.60000374913  4.898642E-16
1280.70000375062  5.498533E-16
1280.80000375211  6.374547E-16
1280.9000037536  6.415570E-16
1281.00000375509  5.423066E-16
1281.10000375658  5.296097E-16
1281.20000375807  4.940864E-16
1281.30000375956  4.600997E-16
1281.40000376105  4.687382E-16
1281.50000376254  5.412661E-16
1281.60000376403  5.600578E-16
1281.70000376552  5.561555E-16
1281.80000376701  5.094535E-16
1281.9000037685  4.412721E-16
1282.00000376999  5.453723E-16
1282.10000377148  6.033201E-16
1282.20000377297  6.086484E-16
1282.30000377446  6.125403E-16
1282.40000377595  6.750761E-16
1282.50000377744  5.585651E-16
1282.60000377893  4.526618E-16
1282.70000378042  3.253872E-16
1282.80000378191  4.451222E-16
1282.9000037834  4.782165E-16
1283.00000378489  5.177722E-16
1283.10000378638  6.014244E-16
1283.20000378787  7.374044E-16
1283.30000378936  6.212286E-16
1283.40000379085  6.047718E-16
1283.50000379234  5.187079E-16
1283.60000379383  4.904459E-16
1283.70000379532  5.080648E-16
1283.80000379681  5.948614E-16
1283.9000037983  4.733318E-16
1284.00000379979  4.797258E-16
1284.10000380128  4.034470E-16
1284.20000380277  4.168834E-16
1284.30000380426  3.589365E-16
1284.40000380575  5.041897E-16
1284.50000380724  4.694331E-16
1284.60000380873  5.295672E-16
1284.70000381022  5.320253E-16
1284.80000381171  5.109763E-16
1284.9000038132  4.593499E-16
1285.00000381469  6.023187E-16
1285.10000381618  7.304290E-16
1285.20000381768  7.485600E-16
1285.30000381916  8.468317E-16
1285.40000382066  9.028590E-16
1285.50000382215  7.761167E-16
1285.60000382364  6.291390E-16
1285.70000382513  5.953985E-16
1285.80000382662  4.899217E-16
1285.90000382811  4.265912E-16
1286.0000038296  4.623994E-16
1286.10000383109  4.672285E-16
1286.20000383258  3.838678E-16
1286.30000383407  4.300128E-16
1286.40000383556  5.185872E-16
1286.50000383705  5.354721E-16
1286.60000383854  5.306654E-16
1286.70000384003  6.049623E-16
1286.80000384152  5.912344E-16
1286.90000384301  5.452520E-16
1287.0000038445  5.447810E-16
1287.10000384599  5.828765E-16
1287.20000384748  5.765391E-16
1287.30000384897  5.583582E-16
1287.40000385046  5.335912E-16
1287.50000385195  4.765101E-16
1287.60000385344  3.937481E-16
1287.70000385493  3.598230E-16
1287.80000385642  3.254863E-16
1287.90000385791  3.073636E-16
1288.0000038594  3.679519E-16
1288.10000386089  4.637303E-16
1288.20000386238  4.722896E-16
1288.30000386387  5.101652E-16
1288.40000386536  5.425248E-16
1288.50000386685  5.111286E-16
1288.60000386834  4.710691E-16
1288.70000386983  4.720129E-16
1288.80000387132  4.690891E-16
1288.90000387281  5.075610E-16
1289.0000038743  5.200558E-16
1289.10000387579  4.985908E-16
1289.20000387728  5.346794E-16
1289.30000387877  5.806389E-16
1289.40000388026  5.103839E-16
1289.50000388175  4.599803E-16
1289.60000388324  4.306952E-16
1289.70000388473  4.001476E-16
1289.80000388622  3.265264E-16
1289.90000388771  2.777289E-16
1290.0000038892  2.733968E-16
1290.10000389069  5.469798E-16
1290.20000389218  4.788959E-16
1290.30000389367  5.278763E-16
1290.40000389516  5.700496E-16
1290.50000389665  6.193723E-16
1290.60000389814  3.668001E-16
1290.70000389963  4.294805E-16
1290.80000390112  4.278421E-16
1290.90000390261  4.008944E-16
1291.0000039041  3.917873E-16
1291.10000390559  3.474796E-16
1291.20000390708  3.891102E-16
1291.30000390857  3.507985E-16
1291.40000391006  4.172282E-16
1291.50000391155  2.871175E-16
1291.60000391304  3.564977E-16
1291.70000391453  2.612408E-16
1291.80000391602  2.997408E-16
1291.90000391751  2.590503E-16
1292.000003919  3.975822E-16
1292.10000392049  4.077353E-16
1292.20000392198  4.731101E-16
1292.30000392347  4.176519E-16
1292.40000392496  4.369034E-16
1292.50000392645  3.481646E-16
1292.60000392794  3.329659E-16
1292.70000392943  3.610307E-16
1292.80000393092  3.671578E-16
1292.90000393241  3.693668E-16
1293.0000039339  4.330975E-16
1293.10000393539  4.634670E-16
1293.20000393688  4.397455E-16
1293.30000393837  4.683936E-16
1293.40000393986  4.307995E-16
1293.50000394135  4.667588E-16
1293.60000394284  4.737593E-16
1293.70000394433  4.469530E-16
1293.80000394582  4.974727E-16
1293.90000394731  5.499256E-16
1294.0000039488  5.355448E-16
1294.1000039503  5.087467E-16
1294.20000395179  5.278879E-16
1294.30000395328  4.562503E-16
1294.40000395477  4.476242E-16
1294.50000395626  4.359702E-16
1294.60000395775  4.135976E-16
1294.70000395924  4.186175E-16
1294.80000396073  4.078606E-16
1294.90000396222  3.664988E-16
1295.00000396371  3.796355E-16
1295.1000039652  3.896737E-16
1295.20000396669  3.976892E-16
1295.30000396818  4.387466E-16
1295.40000396967  4.548240E-16
1295.50000397116  4.591013E-16
1295.60000397265  4.662884E-16
1295.70000397414  4.525533E-16
1295.80000397563  4.440109E-16
1295.90000397712  4.634570E-16
1296.00000397861  4.621998E-16
1296.1000039801  4.542050E-16
1296.20000398159  4.423109E-16
1296.30000398308  4.171464E-16
1296.40000398457  3.866391E-16
1296.50000398606  3.649162E-16
1296.60000398755  2.735186E-16
1296.70000398904  2.458409E-16
1296.80000399053  2.621508E-16
1296.90000399202  2.582132E-16
1297.00000399351  2.438033E-16
1297.100003995  3.376303E-16
1297.20000399649  3.964921E-16
1297.30000399798  4.083256E-16
1297.40000399947  4.320265E-16
1297.50000400096  4.428272E-16
1297.60000400245  4.554225E-16
1297.70000400394  4.566895E-16
1297.80000400543  4.438724E-16
1297.90000400692  5.111268E-16
1298.00000400841  5.504505E-16
1298.1000040099  5.374226E-16
1298.20000401139  4.990723E-16
1298.30000401288  5.003736E-16
1298.40000401437  4.360092E-16
1298.50000401586  4.287671E-16
1298.60000401735  4.286899E-16
1298.70000401884  4.558761E-16
1298.80000402033  4.766449E-16
1298.90000402182  4.935627E-16
1299.00000402331  4.631580E-16
1299.1000040248  4.519230E-16
1299.20000402629  4.369410E-16
1299.30000402778  4.276441E-16
1299.40000402927  4.129868E-16
1299.50000403076  4.019396E-16
1299.60000403225  4.461983E-16
1299.70000403374  4.727727E-16
1299.80000403523  4.339797E-16
1299.90000403672  4.083354E-16
1300.00000403821  4.073094E-16
1300.1000040397  3.833942E-16
1300.20000404119  3.698357E-16
1300.30000404268  3.969887E-16
1300.40000404417  3.983364E-16
1300.50000404566  4.177194E-16
1300.60000404715  3.848186E-16
1300.70000404864  3.846536E-16
1300.80000405013  3.630313E-16
1300.90000405162  4.026872E-16
1301.00000405311  4.415806E-16
1301.1000040546  5.009828E-16
1301.20000405609  4.970149E-16
1301.30000405758  5.924406E-16
1301.40000405907  5.681779E-16
1301.50000406056  4.429881E-16
1301.60000406205  3.345289E-16
1301.70000406354  5.239262E-16
1301.80000406503  3.663520E-16
1301.90000406652  3.954743E-16
1302.00000406801  4.938817E-16
1302.1000040695  5.600038E-16
1302.20000407099  3.511804E-16
1302.30000407248  4.644151E-16
1302.40000407397  4.520712E-16
1302.50000407546  4.643264E-16
1302.60000407696  4.784808E-16
1302.70000407845  4.895365E-16
1302.80000407994  4.339335E-16
1302.90000408143  4.021938E-16
1303.00000408292  3.926107E-16
1303.10000408441  3.810323E-16
1303.2000040859  3.882343E-16
1303.30000408739  4.001546E-16
1303.40000408888  3.871706E-16
1303.50000409037  3.988224E-16
1303.60000409186  3.730953E-16
1303.70000409335  3.534338E-16
1303.80000409484  3.590696E-16
1303.90000409633  4.046243E-16
1304.00000409782  3.929669E-16
1304.10000409931  4.369900E-16
1304.2000041008  4.463789E-16
1304.30000410229  4.876679E-16
1304.40000410378  4.588162E-16
1304.50000410527  4.961801E-16
1304.60000410676  5.131451E-16
1304.70000410825  5.974810E-16
1304.80000410974  4.763743E-16
1304.90000411123  4.735795E-16
1305.00000411272  4.381282E-16
1305.10000411421  3.898239E-16
1305.2000041157  3.090880E-16
1305.30000411719  3.804024E-16
1305.40000411868  3.758798E-16
1305.50000412017  3.554743E-16
1305.60000412166  3.706142E-16
1305.70000412315  3.546446E-16
1305.80000412464  3.835237E-16
1305.90000412613  3.927455E-16
1306.00000412762  3.562676E-16
1306.10000412911  3.369371E-16
1306.2000041306  3.268200E-16
1306.30000413209  2.902117E-16
1306.40000413358  3.153266E-16
1306.50000413507  3.533897E-16
1306.60000413656  3.686454E-16
1306.70000413805  3.527006E-16
1306.80000413954  3.400268E-16
1306.90000414103  3.531142E-16
1307.00000414252  3.670801E-16
1307.10000414401  4.035079E-16
1307.2000041455  4.827792E-16
1307.30000414699  5.188694E-16
1307.40000414848  4.568476E-16
1307.50000414997  4.089229E-16
1307.60000415146  3.627920E-16
1307.70000415295  6.041843E-16
1307.80000415444  7.576303E-16
1307.90000415593  8.056392E-16
1308.00000415742  9.421035E-16
1308.10000415891  1.084511E-15
1308.2000041604  7.952150E-16
1308.30000416189  6.261044E-16
1308.40000416338  5.985126E-16
1308.50000416487  4.689842E-16
1308.60000416636  3.657856E-16
1308.70000416785  3.561058E-16
1308.80000416934  3.716170E-16
1308.90000417083  4.276202E-16
1309.00000417232  4.341631E-16
1309.10000417381  3.985692E-16
1309.2000041753  4.179129E-16
1309.30000417679  4.050384E-16
1309.40000417828  4.747946E-16
1309.50000417977  5.137030E-16
1309.60000418126  5.505778E-16
1309.70000418275  5.409310E-16
1309.80000418424  5.121821E-16
1309.90000418573  3.650614E-16
1310.00000418722  3.406398E-16
1310.10000418871  3.221955E-16
1310.2000041902  3.193398E-16
1310.30000419169  3.571148E-16
1310.40000419318  4.076037E-16
1310.50000419467  4.259190E-16
1310.60000419616  4.166082E-16
1310.70000419765  4.826076E-16
1310.80000419914  5.125100E-16
1310.90000420063  4.887860E-16
1311.00000420212  4.855218E-16
1311.10000420361  4.770125E-16
1311.2000042051  4.134240E-16
1311.3000042066  4.052038E-16
1311.40000420808  4.262582E-16
1311.50000420958  4.212457E-16
1311.60000421107  4.247286E-16
1311.70000421256  4.333781E-16
1311.80000421405  4.383568E-16
1311.90000421554  4.357586E-16
1312.00000421703  4.531335E-16
1312.10000421852  5.653143E-16
1312.20000422001  6.744046E-16
1312.3000042215  6.482050E-16
1312.40000422299  5.772702E-16
1312.50000422448  5.830971E-16
1312.60000422597  5.297349E-16
1312.70000422746  3.902854E-16
1312.80000422895  3.975586E-16
1312.90000423044  4.300085E-16
1313.00000423193  3.914856E-16
1313.10000423342  3.057795E-16
1313.20000423491  3.445402E-16
1313.3000042364  3.207948E-16
1313.40000423789  2.957359E-16
1313.50000423938  3.130900E-16
1313.60000424087  3.263658E-16
1313.70000424236  3.582361E-16
1313.80000424385  3.673799E-16
1313.90000424534  4.116455E-16
1314.00000424683  4.075560E-16
1314.10000424832  4.359229E-16
1314.20000424981  3.826388E-16
1314.3000042513  3.694854E-16
1314.40000425279  3.679943E-16
1314.50000425428  3.993944E-16
1314.60000425577  3.812972E-16
1314.70000425726  3.803228E-16
1314.80000425875  3.688765E-16
1314.90000426024  5.092269E-16
1315.00000426173  4.396885E-16
1315.10000426322  3.940313E-16
1315.20000426471  4.963444E-16
1315.3000042662  5.148463E-16
1315.40000426769  3.947712E-16
1315.50000426918  4.280381E-16
1315.60000427067  4.826562E-16
1315.70000427216  3.884678E-16
1315.80000427365  4.137298E-16
1315.90000427514  4.223215E-16
1316.00000427663  4.306384E-16
1316.10000427812  4.447263E-16
1316.20000427961  4.570404E-16
1316.3000042811  3.984343E-16
1316.40000428259  3.724740E-16
1316.50000428408  4.273208E-16
1316.60000428557  4.251920E-16
1316.70000428706  4.212738E-16
1316.80000428855  4.504520E-16
1316.90000429004  4.682348E-16
1317.00000429153  4.099140E-16
1317.10000429302  4.009014E-16
1317.20000429451  4.035911E-16
1317.300004296  4.248903E-16
1317.40000429749  4.253598E-16
1317.50000429898  4.425268E-16
1317.60000430047  4.084047E-16
1317.70000430196  3.751570E-16
1317.80000430345  3.547794E-16
1317.90000430494  3.443906E-16
1318.00000430643  3.248920E-16
1318.10000430792  3.569473E-16
1318.20000430941  3.634578E-16
1318.3000043109  3.703725E-16
1318.40000431239  3.766587E-16
1318.50000431388  3.896585E-16
1318.60000431537  3.933557E-16
1318.70000431686  3.891149E-16
1318.80000431835  3.817230E-16
1318.90000431984  3.755114E-16
1319.00000432133  3.817661E-16
1319.10000432282  3.645240E-16
1319.20000432431  4.105340E-16
1319.3000043258  4.229043E-16
1319.40000432729  4.053437E-16
1319.50000432878  3.655308E-16
1319.60000433027  3.737550E-16
1319.70000433176  3.551819E-16
1319.80000433326  3.482556E-16
1319.90000433474  3.700611E-16
1320.00000433624  3.944101E-16
1320.10000433773  3.798731E-16
1320.20000433922  4.191241E-16
1320.30000434071  4.692324E-16
1320.4000043422  4.895192E-16
1320.50000434369  5.535641E-16
1320.60000434518  6.220355E-16
1320.70000434667  5.732307E-16
1320.80000434816  4.975509E-16
1320.90000434965  4.710113E-16
1321.00000435114  4.190173E-16
1321.10000435263  3.758103E-16
1321.20000435412  4.104617E-16
1321.30000435561  4.211717E-16
1321.4000043571  4.330081E-16
1321.50000435859  4.121108E-16
1321.60000436008  3.929122E-16
1321.70000436157  3.676106E-16
1321.80000436306  4.152263E-16
1321.90000436455  3.875596E-16
1322.00000436604  4.063186E-16
1322.10000436753  4.248400E-16
1322.20000436902  4.053423E-16
1322.30000437051  3.603141E-16
1322.400004372  3.602778E-16
1322.50000437349  3.292119E-16
1322.60000437498  3.051410E-16
1322.70000437647  3.092537E-16
1322.80000437796  3.477207E-16
1322.90000437945  3.786713E-16
1323.00000438094  4.907587E-16
