1500.  2.344818E-16
1500.10000000149  2.135523E-16
1500.20000000298  2.029187E-16
1500.30000000447  1.821397E-16
1500.40000000596  1.719289E-16
1500.50000000745  1.739678E-16
1500.60000000894  1.746778E-16
1500.70000001043  1.907687E-16
1500.80000001192  2.302103E-16
1500.90000001341  2.404583E-16
1501.0000000149  2.428066E-16
1501.10000001639  2.471891E-16
1501.20000001788  2.329607E-16
1501.30000001937  2.244302E-16
1501.40000002086  2.343334E-16
1501.50000002235  2.268863E-16
1501.60000002384  2.339419E-16
1501.70000002533  2.384647E-16
1501.80000002682  2.322729E-16
1501.90000002831  2.004538E-16
1502.0000000298  2.176064E-16
1502.1000000313  2.989748E-16
1502.20000003278  3.033428E-16
1502.30000003428  3.050764E-16
1502.40000003577  2.989279E-16
1502.50000003726  2.915237E-16
1502.60000003875  1.967188E-16
1502.70000004024  1.955357E-16
1502.80000004173  1.724377E-16
1502.90000004322  1.791706E-16
1503.00000004471  1.798781E-16
1503.1000000462  2.319029E-16
1503.20000004769  2.189983E-16
1503.30000004918  2.401526E-16
1503.40000005067  2.305009E-16
1503.50000005216  2.215166E-16
1503.60000005365  1.809380E-16
1503.70000005514  1.724252E-16
1503.80000005663  1.483279E-16
1503.90000005812  1.431750E-16
1504.00000005961  1.388436E-16
1504.1000000611  1.467638E-16
1504.20000006259  1.639431E-16
1504.30000006408  1.590294E-16
1504.40000006557  2.351086E-16
1504.50000006706  2.394845E-16
1504.60000006855  3.087620E-16
1504.70000007004  4.982983E-16
1504.80000007153  4.603379E-16
1504.90000007302  2.525997E-16
1505.00000007451  3.209059E-16
1505.100000076  8.037592E-17
1505.20000007749  6.217256E-17
1505.30000007898  1.144161E-16
1505.40000008047  2.830350E-16
1505.50000008196  2.316332E-16
1505.60000008345  4.320500E-16
1505.70000008494  2.535081E-16
1505.80000008643  3.237773E-16
1505.90000008792  4.252778E-16
1506.00000008941  5.928348E-16
1506.1000000909  6.813017E-16
1506.20000009239  7.400242E-16
1506.30000009388  7.444357E-16
1506.40000009537  6.362157E-16
1506.50000009686  3.791460E-16
1506.60000009835  2.477535E-16
1506.70000009984  2.056032E-16
1506.80000010133  1.732392E-16
1506.90000010282  2.061876E-16
1507.00000010431  2.849051E-16
1507.1000001058  2.926421E-16
1507.20000010729  3.025152E-16
1507.30000010878  2.797178E-16
1507.40000011027  2.516933E-16
1507.50000011176  2.220895E-16
1507.60000011325  1.979053E-16
1507.70000011474  1.923119E-16
1507.80000011623  1.891189E-16
1507.90000011772  1.924471E-16
1508.00000011921  1.684004E-16
1508.1000001207  2.715667E-16
1508.20000012219  2.455173E-16
1508.30000012368  2.470579E-16
1508.40000012517  1.620892E-16
1508.50000012666  2.470817E-16
1508.60000012815  1.739046E-16
1508.70000012964  2.004339E-16
1508.80000013113  1.832068E-16
1508.90000013262  2.626595E-16
1509.00000013411  2.301426E-16
1509.1000001356  2.212581E-16
1509.20000013709  2.526751E-16
1509.30000013858  2.827074E-16
1509.40000014007  2.864514E-16
1509.50000014156  2.863633E-16
1509.60000014305  2.788383E-16
1509.70000014454  2.570303E-16
1509.80000014603  2.300865E-16
1509.90000014752  2.139301E-16
1510.00000014901  2.107527E-16
1510.1000001505  1.771218E-16
1510.20000015199  1.391787E-16
1510.30000015348  1.494223E-16
1510.40000015497  1.551519E-16
1510.50000015646  1.726908E-16
1510.60000015796  2.510591E-16
1510.70000015944  2.482802E-16
1510.80000016094  2.646556E-16
1510.90000016243  2.760202E-16
1511.00000016392  3.009406E-16
1511.10000016541  2.494210E-16
1511.2000001669  2.848867E-16
1511.30000016839  2.702204E-16
1511.40000016988  2.477200E-16
1511.50000017137  2.241247E-16
1511.60000017286  2.360701E-16
1511.70000017435  2.057473E-16
1511.80000017584  1.949550E-16
1511.90000017733  2.102616E-16
1512.00000017882  1.909977E-16
1512.10000018031  1.739730E-16
1512.2000001818  1.693774E-16
1512.30000018329  1.625109E-16
1512.40000018478  1.754711E-16
1512.50000018627  1.999089E-16
1512.60000018776  2.411058E-16
1512.70000018925  2.288024E-16
1512.80000019074  2.399071E-16
1512.90000019223  2.566205E-16
1513.00000019372  2.322160E-16
1513.10000019521  2.040803E-16
1513.2000001967  2.514514E-16
1513.30000019819  2.586451E-16
1513.40000019968  2.091530E-16
1513.50000020117  2.045296E-16
1513.60000020266  1.889391E-16
1513.70000020415  1.575117E-16
1513.80000020564  1.486291E-16
1513.90000020713  1.588048E-16
1514.00000020862  1.837678E-16
1514.10000021011  2.230066E-16
1514.2000002116  2.043599E-16
1514.30000021309  1.857315E-16
1514.40000021458  1.867315E-16
1514.50000021607  1.947881E-16
1514.60000021756  1.908900E-16
1514.70000021905  2.206747E-16
1514.80000022054  2.303165E-16
1514.90000022203  2.302885E-16
1515.00000022352  2.270326E-16
1515.10000022501  1.968885E-16
1515.2000002265  2.222744E-16
1515.30000022799  2.304996E-16
1515.40000022948  2.381212E-16
1515.50000023097  1.872092E-16
1515.60000023246  1.851441E-16
1515.70000023395  1.832831E-16
1515.80000023544  2.041895E-16
1515.90000023693  1.930343E-16
1516.00000023842  2.198631E-16
1516.10000023991  2.352887E-16
1516.2000002414  2.171084E-16
1516.30000024289  2.192405E-16
1516.40000024438  2.176628E-16
1516.50000024587  2.248331E-16
1516.60000024736  1.684860E-16
1516.70000024885  1.724241E-16
1516.80000025034  1.541391E-16
1516.90000025183  1.519421E-16
1517.00000025332  1.540514E-16
1517.10000025481  2.141886E-16
1517.2000002563  2.311574E-16
1517.30000025779  2.451165E-16
1517.40000025928  2.403093E-16
1517.50000026077  2.512235E-16
1517.60000026226  2.364305E-16
1517.70000026375  2.561265E-16
1517.80000026524  3.196868E-16
1517.90000026673  3.135324E-16
1518.00000026822  3.061085E-16
1518.10000026971  2.847716E-16
1518.2000002712  2.611361E-16
1518.30000027269  9.887429E-17
1518.40000027418  1.050476E-16
1518.50000027567  8.872593E-17
1518.60000027716  1.137233E-16
1518.70000027865  9.981510E-17
1518.80000028014  1.856428E-16
1518.90000028163  1.952345E-16
1519.00000028312  2.086648E-16
1519.10000028461  2.155495E-16
1519.2000002861  2.143864E-16
1519.30000028759  2.088227E-16
1519.40000028909  2.175997E-16
1519.50000029058  2.080260E-16
1519.60000029206  2.156689E-16
1519.70000029356  2.138303E-16
1519.80000029505  2.174404E-16
1519.90000029654  1.912240E-16
1520.00000029803  1.974007E-16
1520.10000029952  1.763726E-16
1520.20000030101  1.497683E-16
1520.3000003025  1.597695E-16
1520.40000030399  1.831483E-16
1520.50000030548  1.849422E-16
1520.60000030697  1.869120E-16
1520.70000030846  2.168089E-16
1520.80000030995  2.156364E-16
1520.90000031144  2.250105E-16
1521.00000031293  2.330673E-16
1521.10000031442  2.442729E-16
1521.20000031591  2.526398E-16
1521.3000003174  2.564949E-16
1521.40000031889  2.510809E-16
1521.50000032038  2.351775E-16
1521.60000032187  2.352548E-16
1521.70000032336  2.338186E-16
1521.80000032485  2.310110E-16
1521.90000032634  2.440129E-16
1522.00000032783  2.569731E-16
1522.10000032932  2.627340E-16
1522.20000033081  2.594879E-16
1522.3000003323  2.502446E-16
1522.40000033379  2.289299E-16
1522.50000033528  2.218368E-16
1522.60000033677  2.115880E-16
1522.70000033826  2.110794E-16
1522.80000033975  2.376501E-16
1522.90000034124  2.312226E-16
1523.00000034273  2.320136E-16
1523.10000034422  2.052870E-16
1523.20000034571  6.412254E-20
1523.3000003472  -1.353794E-16
1523.40000034869  -7.696562E-17
1523.50000035018  -2.050708E-16
1523.60000035167  -1.776224E-16
1523.70000035316  1.593903E-16
1523.80000035465  2.518345E-16
1523.90000035614  1.728954E-16
1524.00000035763  2.949260E-16
1524.10000035912  2.928103E-16
1524.20000036061  1.754613E-16
1524.3000003621  1.977794E-16
1524.40000036359  2.401407E-16
1524.50000036508  2.395988E-16
1524.60000036657  2.298445E-16
1524.70000036806  2.033741E-16
1524.80000036955  2.154918E-16
1524.90000037104  2.043829E-16
1525.00000037253  1.940878E-16
1525.10000037402  2.119444E-16
1525.20000037551  2.754127E-16
1525.300000377  2.559593E-16
1525.40000037849  2.528536E-16
1525.50000037998  2.490060E-16
1525.60000038147  2.352129E-16
1525.70000038296  1.760942E-16
1525.80000038445  1.698106E-16
1525.90000038594  1.624147E-16
1526.00000038743  1.624403E-16
1526.10000038892  1.769936E-16
1526.20000039041  1.886904E-16
1526.3000003919  1.945166E-16
1526.40000039339  2.074757E-16
1526.50000039488  2.225081E-16
1526.60000039637  2.102342E-16
1526.70000039786  1.886251E-16
1526.80000039935  1.943744E-16
1526.90000040084  1.949076E-16
1527.00000040233  1.492325E-16
1527.10000040382  9.664154E-17
1527.20000040531  7.993689E-17
1527.3000004068  9.930186E-17
1527.40000040829  1.145017E-16
1527.50000040978  1.738871E-16
1527.60000041127  2.384792E-16
1527.70000041276  2.640586E-16
1527.80000041425  2.457724E-16
1527.90000041574  2.524080E-16
1528.00000041724  2.672969E-16
1528.10000041873  3.062109E-16
1528.20000042022  2.532803E-16
1528.30000042171  1.854056E-16
1528.4000004232  1.561793E-16
1528.50000042469  1.279405E-16
1528.60000042618  9.082028E-17
1528.70000042767  1.467111E-16
1528.80000042916  2.006710E-16
1528.90000043065  2.080132E-16
1529.00000043214  2.193860E-16
1529.10000043363  1.964492E-16
1529.20000043512  1.899835E-16
1529.30000043661  2.010087E-16
1529.4000004381  1.982107E-16
1529.50000043959  1.865846E-16
1529.60000044108  1.960661E-16
1529.70000044257  1.964509E-16
1529.80000044406  2.041034E-16
1529.90000044555  2.044173E-16
1530.00000044704  2.139883E-16
1530.10000044853  2.341431E-16
1530.20000045002  2.422262E-16
1530.30000045151  2.433579E-16
1530.400000453  2.382522E-16
1530.50000045449  2.271856E-16
1530.60000045598  2.354694E-16
1530.70000045747  2.352254E-16
1530.80000045896  2.213141E-16
1530.90000046045  2.274440E-16
1531.00000046194  2.366539E-16
1531.10000046343  2.245866E-16
1531.20000046492  2.279249E-16
1531.30000046641  2.356778E-16
1531.4000004679  2.424529E-16
1531.50000046939  2.228417E-16
1531.60000047088  2.211353E-16
1531.70000047237  2.054461E-16
1531.80000047386  2.037086E-16
1531.90000047535  2.087087E-16
1532.00000047684  2.195831E-16
1532.10000047833  2.247127E-16
1532.20000047982  2.289375E-16
1532.30000048131  3.385594E-16
1532.4000004828  1.694095E-17
1532.50000048429  -7.529946E-17
1532.60000048578  1.662527E-16
1532.70000048727  2.155025E-16
1532.80000048876  2.293769E-16
1532.90000049025  5.016679E-16
1533.00000049174  6.006799E-16
1533.10000049323  3.477911E-16
1533.20000049472  2.986254E-16
1533.30000049621  1.570319E-16
1533.4000004977  1.698225E-16
1533.50000049919  1.882983E-16
1533.60000050068  1.926680E-16
1533.70000050217  2.163270E-16
1533.80000050366  2.225137E-16
1533.90000050515  2.588869E-16
1534.00000050664  2.495135E-16
1534.10000050813  2.496372E-16
1534.20000050962  2.370879E-16
1534.30000051111  2.758631E-16
1534.4000005126  2.500443E-16
1534.50000051409  2.556769E-16
1534.60000051558  2.808755E-16
1534.70000051707  2.733864E-16
1534.80000051856  2.482158E-16
1534.90000052005  2.754936E-16
1535.00000052154  2.487846E-16
1535.10000052303  2.190120E-16
1535.20000052452  2.216597E-16
1535.30000052601  2.084877E-16
1535.4000005275  1.998830E-16
1535.50000052899  2.221241E-16
1535.60000053048  2.329571E-16
1535.70000053197  2.429909E-16
1535.80000053346  2.555624E-16
1535.90000053495  2.599718E-16
1536.00000053644  2.449607E-16
1536.10000053793  2.465707E-16
1536.20000053942  2.275260E-16
1536.30000054091  2.373654E-16
1536.40000054241  2.397471E-16
1536.5000005439  2.378643E-16
1536.60000054538  2.268449E-16
1536.70000054688  2.511263E-16
1536.80000054837  2.561152E-16
1536.90000054986  2.763371E-16
1537.00000055135  3.063456E-16
1537.10000055284  3.188418E-16
1537.20000055433  2.411140E-16
1537.30000055582  2.181234E-16
1537.40000055731  1.824867E-16
1537.5000005588  1.680108E-16
1537.60000056029  1.616792E-16
1537.70000056178  2.322102E-16
1537.80000056327  2.414279E-16
1537.90000056476  2.472285E-16
1538.00000056625  2.737944E-16
1538.10000056774  2.834279E-16
1538.20000056923  2.879006E-16
1538.30000057072  2.523624E-16
1538.40000057221  2.669165E-16
1538.5000005737  2.451889E-16
1538.60000057519  2.627629E-16
1538.70000057668  2.489512E-16
1538.80000057817  2.551766E-16
1538.90000057966  2.495351E-16
1539.00000058115  2.203374E-16
1539.10000058264  1.490807E-16
1539.20000058413  1.657166E-16
1539.30000058562  1.843465E-16
1539.40000058711  1.607555E-16
1539.5000005886  1.841725E-16
1539.60000059009  2.235498E-16
1539.70000059158  1.900167E-16
1539.80000059307  1.926103E-16
1539.90000059456  2.175200E-16
1540.00000059605  2.143406E-16
1540.10000059754  2.298533E-16
1540.20000059903  2.602965E-16
1540.30000060052  2.556540E-16
1540.40000060201  2.462234E-16
1540.5000006035  2.503281E-16
1540.60000060499  2.469813E-16
1540.70000060648  2.404296E-16
1540.80000060797  2.592291E-16
1540.90000060946  2.564258E-16
1541.00000061095  2.492430E-16
1541.10000061244  2.329547E-16
1541.20000061393  2.341636E-16
1541.30000061542  2.264755E-16
1541.40000061691  2.100538E-16
1541.5000006184  2.071042E-16
1541.60000061989  2.214172E-16
1541.70000062138  2.218882E-16
1541.80000062287  2.333157E-16
1541.90000062436  2.516267E-16
1542.00000062585  2.374441E-16
1542.10000062734  2.457163E-16
1542.20000062883  3.138091E-16
1542.30000063032  3.466439E-16
1542.40000063181  6.238928E-17
1542.5000006333  4.206076E-17
1542.60000063479  -4.555114E-17
1542.70000063628  -1.988781E-16
1542.80000063777  -1.874188E-16
1542.90000063926  1.289183E-16
1543.00000064075  1.618811E-16
1543.10000064224  2.511788E-16
1543.20000064373  3.328975E-16
1543.30000064522  2.758954E-16
1543.40000064671  2.497485E-16
1543.5000006482  2.580039E-16
1543.60000064969  2.303109E-16
1543.70000065118  2.284147E-16
1543.80000065267  2.231548E-16
1543.90000065416  2.221419E-16
1544.00000065565  2.132331E-16
1544.10000065714  2.186894E-16
1544.20000065863  2.289100E-16
1544.30000066012  2.406113E-16
1544.40000066161  2.271053E-16
1544.5000006631  2.253286E-16
1544.60000066459  2.223856E-16
1544.70000066608  2.050883E-16
1544.80000066757  2.029945E-16
1544.90000066906  1.878816E-16
1545.00000067055  1.899469E-16
1545.10000067204  2.069542E-16
1545.20000067353  2.187148E-16
1545.30000067502  2.362387E-16
1545.40000067652  2.548549E-16
1545.50000067801  2.247470E-16
1545.6000006795  2.216919E-16
1545.70000068099  2.130156E-16
1545.80000068248  1.930915E-16
1545.90000068397  2.099126E-16
1546.00000068546  2.413086E-16
1546.10000068695  2.202564E-16
1546.20000068844  2.321887E-16
1546.30000068993  2.413748E-16
1546.40000069142  2.181748E-16
1546.50000069291  2.084759E-16
1546.6000006944  2.372600E-16
1546.70000069589  2.339893E-16
1546.80000069738  2.375178E-16
1546.90000069887  2.451766E-16
1547.00000070036  2.507210E-16
1547.10000070185  2.323180E-16
1547.20000070334  2.257138E-16
1547.30000070483  2.060320E-16
1547.40000070632  2.092634E-16
1547.50000070781  2.339736E-16
1547.6000007093  2.297508E-16
1547.70000071079  2.366156E-16
1547.80000071228  2.606234E-16
1547.90000071377  2.445516E-16
1548.00000071526  2.409033E-16
1548.10000071675  2.269784E-16
1548.20000071824  1.996551E-16
1548.30000071973  2.249785E-16
1548.40000072122  2.648818E-16
1548.50000072271  2.541458E-16
1548.6000007242  2.854186E-16
1548.70000072569  3.078883E-16
1548.80000072718  2.746969E-16
1548.90000072867  2.507048E-16
1549.00000073016  2.508970E-16
1549.10000073165  2.360600E-16
1549.20000073314  2.987065E-16
1549.30000073463  2.776412E-16
1549.40000073612  2.890727E-16
1549.50000073761  2.377590E-16
1549.6000007391  2.339849E-16
1549.70000074059  1.704645E-16
1549.80000074208  1.837804E-16
1549.90000074357  1.644444E-16
1550.00000074506  2.174331E-16
1550.10000074655  2.394484E-16
1550.20000074804  2.820509E-16
1550.30000074953  3.115728E-16
1550.40000075102  2.588511E-16
1550.50000075251  2.472095E-16
1550.600000754  2.650598E-16
1550.70000075549  2.314813E-16
1550.80000075698  1.980915E-16
1550.90000075847  2.470640E-16
1551.00000075996  2.761103E-16
1551.10000076145  2.012849E-16
1551.20000076294  2.250459E-16
1551.30000076443  2.430208E-16
1551.40000076592  2.501681E-16
1551.50000076741  2.234002E-16
1551.6000007689  2.649948E-16
1551.70000077039  2.466113E-16
1551.80000077188  2.419482E-16
1551.90000077337  2.334365E-16
1552.00000077486  2.245868E-16
1552.10000077635  2.285987E-16
1552.20000077784  2.081373E-16
1552.30000077933  1.959758E-16
1552.40000078082  2.009296E-16
1552.50000078231  2.065735E-16
1552.6000007838  1.965078E-16
1552.70000078529  1.950082E-16
1552.80000078678  1.889442E-16
1552.90000078827  2.005203E-16
1553.00000078976  2.073453E-16
1553.10000079125  2.150717E-16
1553.20000079274  1.946362E-16
1553.30000079423  2.742805E-16
1553.40000079572  1.600671E-16
1553.50000079721  2.007048E-16
1553.6000007987  1.791757E-16
1553.70000080019  1.938364E-16
1553.80000080168  1.067615E-16
1553.90000080318  2.495374E-16
1554.00000080467  1.850608E-16
1554.10000080616  1.631835E-16
1554.20000080765  2.023988E-16
1554.30000080914  2.092390E-16
1554.40000081063  1.752076E-16
1554.50000081212  1.876923E-16
1554.60000081361  2.230185E-16
1554.7000008151  1.894678E-16
1554.80000081659  1.864585E-16
1554.90000081808  1.746685E-16
1555.00000081957  1.812794E-16
1555.10000082106  1.965801E-16
1555.20000082255  1.929203E-16
1555.30000082404  1.990288E-16
1555.40000082553  2.147753E-16
1555.50000082702  2.357560E-16
1555.60000082851  2.222779E-16
1555.70000083  2.484337E-16
1555.80000083149  2.692116E-16
1555.90000083298  2.655840E-16
1556.00000083447  2.525152E-16
1556.10000083596  2.564670E-16
1556.20000083745  2.519142E-16
1556.30000083894  1.825707E-16
1556.40000084043  1.904211E-16
1556.50000084192  1.575026E-16
1556.60000084341  1.708835E-16
1556.7000008449  1.548053E-16
1556.80000084639  2.171404E-16
1556.90000084788  2.065423E-16
1557.00000084937  2.327534E-16
1557.10000085086  2.070815E-16
1557.20000085235  2.165580E-16
1557.30000085384  1.995788E-16
1557.40000085533  1.931418E-16
1557.50000085682  1.970514E-16
1557.60000085831  2.067559E-16
1557.7000008598  2.014341E-16
1557.80000086129  2.118190E-16
1557.90000086278  2.133816E-16
1558.00000086427  2.086218E-16
1558.10000086576  2.193389E-16
1558.20000086725  2.283588E-16
1558.30000086874  2.173967E-16
1558.40000087023  2.252046E-16
1558.50000087172  2.455122E-16
1558.60000087321  2.303778E-16
1558.7000008747  2.169395E-16
1558.80000087619  1.848459E-16
1558.90000087768  5.756640E-17
1559.00000087917  4.336068E-17
1559.10000088066  8.788113E-17
1559.20000088215  8.326617E-17
1559.30000088364  1.247495E-16
1559.40000088513  2.631201E-16
1559.50000088662  2.553977E-16
1559.60000088811  2.325265E-16
1559.7000008896  2.339110E-16
1559.80000089109  2.314199E-16
1559.90000089258  2.125974E-16
1560.00000089407  2.122408E-16
1560.10000089556  1.938686E-16
1560.20000089705  2.118275E-16
1560.30000089854  2.160193E-16
1560.40000090003  2.076640E-16
1560.50000090152  2.014309E-16
1560.60000090301  1.997142E-16
1560.7000009045  1.582364E-16
1560.80000090599  1.442915E-16
1560.90000090748  1.484828E-16
1561.00000090897  1.526884E-16
1561.10000091046  1.459091E-16
1561.20000091195  1.869174E-16
1561.30000091344  1.821303E-16
1561.40000091493  1.985283E-16
1561.50000091642  1.940909E-16
1561.60000091791  1.921502E-16
1561.7000009194  1.881092E-16
1561.80000092089  2.094734E-16
1561.90000092238  2.012547E-16
1562.00000092387  2.038259E-16
1562.10000092536  1.984692E-16
1562.20000092685  2.564580E-16
1562.30000092834  2.445255E-16
1562.40000092983  3.572957E-16
1562.50000093133  2.872342E-16
1562.60000093281  2.753978E-16
1562.70000093431  2.000831E-16
1562.8000009358  2.035476E-16
1562.90000093729  9.150932E-17
1563.00000093878  1.689259E-16
1563.10000094027  2.001631E-16
1563.20000094176  2.301712E-16
1563.30000094325  2.308856E-16
1563.40000094474  2.343461E-16
1563.50000094623  2.203042E-16
1563.60000094772  2.291993E-16
1563.70000094921  2.281445E-16
1563.8000009507  2.391452E-16
1563.90000095219  2.335817E-16
1564.00000095368  2.536152E-16
1564.10000095517  2.527729E-16
1564.20000095666  2.340551E-16
1564.30000095815  2.208477E-16
1564.40000095964  2.288724E-16
1564.50000096113  2.470484E-16
1564.60000096262  2.542342E-16
1564.70000096411  2.553115E-16
1564.8000009656  2.263756E-16
1564.90000096709  2.035500E-16
1565.00000096858  7.278276E-16
1565.10000097007  7.860426E-16
1565.20000097156  8.061770E-16
1565.30000097305  8.547806E-16
1565.40000097454  8.476895E-16
1565.50000097603  2.924377E-16
1565.60000097752  2.450599E-16
1565.70000097901  2.137441E-16
1565.8000009805  1.952987E-16
1565.90000098199  2.112273E-16
1566.00000098348  2.203619E-16
1566.10000098497  1.967350E-16
1566.20000098646  2.108453E-16
1566.30000098795  2.196822E-16
1566.40000098944  2.219586E-16
1566.50000099093  2.009854E-16
1566.60000099242  2.008570E-16
1566.70000099391  1.915241E-16
1566.8000009954  1.713462E-16
1566.90000099689  1.693300E-16
1567.00000099838  1.859959E-16
1567.10000099987  1.784882E-16
1567.20000100136  1.887435E-16
1567.30000100285  1.950795E-16
1567.40000100434  2.053553E-16
1567.50000100583  2.268770E-16
1567.60000100732  2.467024E-16
1567.70000100881  2.369795E-16
1567.8000010103  2.157163E-16
1567.90000101179  1.941003E-16
1568.00000101328  1.682302E-16
1568.10000101477  1.577366E-16
1568.20000101626  1.632147E-16
1568.30000101775  1.859006E-16
1568.40000101924  2.005865E-16
1568.50000102073  2.086409E-16
1568.60000102222  2.071867E-16
1568.70000102371  2.082688E-16
1568.8000010252  2.020085E-16
1568.90000102669  2.122032E-16
1569.00000102818  2.003836E-16
1569.10000102967  1.743463E-16
1569.20000103116  1.820995E-16
1569.30000103265  1.402395E-16
1569.40000103414  5.209298E-17
1569.50000103563  9.146333E-17
1569.60000103712  1.496374E-16
1569.70000103861  6.020106E-17
1569.8000010401  1.097075E-16
1569.90000104159  2.039861E-16
1570.00000104308  1.821727E-16
1570.10000104457  1.387957E-16
1570.20000104606  2.347635E-16
1570.30000104755  2.293182E-16
1570.40000104904  2.180148E-16
1570.50000105053  2.132637E-16
1570.60000105202  2.234450E-16
1570.70000105351  2.012300E-16
1570.800001055  2.150533E-16
1570.90000105649  2.502491E-16
1571.00000105798  2.541776E-16
1571.10000105948  2.332551E-16
1571.20000106097  2.191987E-16
1571.30000106246  2.121055E-16
1571.40000106395  1.855562E-16
1571.50000106544  1.570551E-16
1571.60000106693  1.676201E-16
1571.70000106842  1.879133E-16
1571.80000106991  1.793365E-16
1571.9000010714  1.483617E-16
1572.00000107289  1.737391E-16
1572.10000107438  1.580245E-16
1572.20000107587  1.617320E-16
1572.30000107736  1.679984E-16
1572.40000107885  1.838806E-16
1572.50000108034  1.851900E-16
1572.60000108183  1.974650E-16
1572.70000108332  1.887362E-16
1572.80000108481  1.965759E-16
1572.9000010863  2.156871E-16
1573.00000108779  1.935323E-16
1573.10000108928  2.054663E-16
1573.20000109077  2.049106E-16
1573.30000109226  2.015103E-16
1573.40000109375  1.891599E-16
1573.50000109524  2.019556E-16
1573.60000109673  2.192441E-16
1573.70000109822  2.315693E-16
1573.80000109971  2.283529E-16
1573.9000011012  1.876743E-16
1574.00000110269  2.052275E-16
1574.10000110418  2.000520E-16
1574.20000110567  1.902948E-16
1574.30000110716  1.917309E-16
1574.40000110865  2.321419E-16
1574.50000111014  2.046514E-16
1574.60000111163  1.804526E-16
1574.70000111312  1.609285E-16
1574.80000111461  1.523196E-16
1574.9000011161  1.454674E-16
1575.00000111759  1.675893E-16
1575.10000111908  1.726855E-16
1575.20000112057  1.930726E-16
1575.30000112206  1.969118E-16
1575.40000112355  2.100949E-16
1575.50000112504  1.638350E-16
1575.60000112653  1.754468E-16
1575.70000112802  1.723375E-16
1575.80000112951  1.697269E-16
1575.900001131  1.436027E-16
1576.00000113249  1.810870E-16
1576.10000113398  1.705070E-16
1576.20000113547  1.827175E-16
1576.30000113696  1.827262E-16
1576.40000113845  1.924552E-16
1576.50000113994  1.924442E-16
1576.60000114143  2.017462E-16
1576.70000114292  1.879302E-16
1576.80000114441  2.006789E-16
1576.9000011459  2.057992E-16
1577.00000114739  2.142080E-16
1577.10000114888  2.032781E-16
1577.20000115037  1.919949E-16
1577.30000115186  2.014982E-16
1577.40000115335  2.011142E-16
1577.50000115484  2.197100E-16
1577.60000115633  2.404698E-16
1577.70000115782  2.687002E-16
1577.80000115931  2.454416E-16
1577.9000011608  2.580252E-16
1578.00000116229  2.221241E-16
1578.10000116378  2.155885E-16
1578.20000116527  2.071548E-16
1578.30000116676  1.818997E-16
1578.40000116825  1.586712E-16
1578.50000116974  1.536388E-16
1578.60000117123  1.486645E-16
1578.70000117272  1.409508E-16
1578.80000117421  1.776968E-16
1578.9000011757  1.736317E-16
1579.00000117719  1.884836E-16
1579.10000117868  1.855155E-16
1579.20000118017  1.689091E-16
1579.30000118166  1.673260E-16
1579.40000118315  1.601771E-16
1579.50000118465  1.436525E-16
1579.60000118614  1.422200E-16
1579.70000118762  1.683409E-16
1579.80000118912  1.697774E-16
1579.90000119061  2.167441E-16
1580.0000011921  2.320633E-16
1580.10000119359  2.059453E-16
1580.20000119508  1.972908E-16
1580.30000119657  1.987611E-16
1580.40000119806  1.765200E-16
1580.50000119955  1.548319E-16
1580.60000120104  1.925655E-16
1580.70000120253  2.110939E-16
1580.80000120402  2.068390E-16
1580.90000120551  2.248757E-16
1581.000001207  2.603030E-16
1581.10000120849  2.581173E-16
1581.20000120998  2.329247E-16
1581.30000121147  2.210847E-16
1581.40000121296  2.066839E-16
1581.50000121445  1.851205E-16
1581.60000121594  1.786612E-16
1581.70000121743  1.919117E-16
1581.80000121892  2.175274E-16
1581.90000122041  2.370157E-16
1582.0000012219  2.214014E-16
1582.10000122339  1.659338E-16
1582.20000122488  1.569187E-16
1582.30000122637  -2.493770E-16
1582.40000122786  -3.955968E-16
1582.50000122935  -1.682472E-16
1582.60000123084  -6.943126E-17
1582.70000123233  -4.206842E-16
1582.80000123382  1.672452E-17
1582.90000123531  -4.785368E-17
1583.0000012368  -2.616885E-16
1583.10000123829  -3.104449E-16
1583.20000123978  3.159376E-17
1583.30000124127  -3.310964E-17
1583.40000124276  1.374263E-16
1583.50000124425  1.424516E-16
1583.60000124574  1.916923E-16
1583.70000124723  2.342092E-16
1583.80000124872  4.440050E-16
1583.90000125021  5.959425E-16
1584.0000012517  7.531433E-16
1584.10000125319  6.336638E-16
1584.20000125468  1.037723E-15
1584.30000125617  8.333823E-16
1584.40000125766  6.637375E-16
1584.50000125915  4.990545E-16
1584.60000126064  5.471374E-16
1584.70000126213  1.093881E-16
1584.80000126362  1.304537E-16
1584.90000126511  1.670951E-16
1585.0000012666  1.695226E-16
1585.10000126809  1.916214E-16
1585.20000126958  2.219636E-16
1585.30000127107  2.184296E-16
1585.40000127256  2.311268E-16
1585.50000127405  2.510134E-16
1585.60000127554  2.650991E-16
1585.70000127703  2.642060E-16
1585.80000127852  2.468914E-16
1585.90000128001  1.864293E-16
1586.0000012815  1.007279E-16
1586.10000128299  1.558277E-16
1586.20000128448  1.635876E-16
1586.30000128597  1.819468E-16
1586.40000128746  2.474151E-16
1586.50000128895  3.302922E-16
1586.60000129044  2.511145E-16
1586.70000129193  2.110070E-16
1586.80000129342  2.110715E-16
1586.90000129491  1.901281E-16
1587.0000012964  2.028574E-16
1587.10000129789  2.090636E-16
1587.20000129938  2.246837E-16
1587.30000130087  2.167574E-16
1587.40000130236  2.276119E-16
1587.50000130385  2.168312E-16
1587.60000130534  2.361297E-16
1587.70000130683  2.359804E-16
1587.80000130832  2.417044E-16
1587.90000130981  2.332830E-16
1588.0000013113  2.181870E-16
1588.10000131279  1.950309E-16
1588.20000131428  1.869510E-16
1588.30000131577  2.033054E-16
1588.40000131727  2.017283E-16
1588.50000131876  2.139713E-16
1588.60000132025  2.322965E-16
1588.70000132174  2.374729E-16
1588.80000132323  2.270321E-16
1588.90000132472  2.420596E-16
1589.00000132621  2.176155E-16
1589.1000013277  2.101378E-16
1589.20000132919  1.735779E-16
1589.30000133068  1.473047E-16
1589.40000133217  1.435861E-16
1589.50000133366  1.650027E-16
1589.60000133515  1.684885E-16
1589.70000133664  1.968026E-16
1589.80000133813  1.956709E-16
1589.90000133962  2.041193E-16
1590.00000134111  2.052543E-16
1590.1000013426  2.098882E-16
1590.20000134409  2.124087E-16
1590.30000134558  2.367590E-16
1590.40000134707  2.107426E-16
1590.50000134856  2.264976E-16
1590.60000135005  2.051147E-16
1590.70000135154  2.017118E-16
1590.80000135303  1.926484E-16
1590.90000135452  1.759444E-16
1591.00000135601  1.450230E-16
1591.1000013575  1.537760E-16
1591.20000135899  1.879412E-16
1591.30000136048  1.875566E-16
1591.40000136197  2.097645E-16
1591.50000136346  2.372161E-16
1591.60000136495  2.473767E-16
1591.70000136644  2.176949E-16
1591.80000136793  2.242939E-16
1591.90000136942  2.142742E-16
1592.00000137091  1.982727E-16
1592.1000013724  2.095262E-16
1592.20000137389  2.024626E-16
1592.30000137538  2.069344E-16
1592.40000137687  2.210404E-16
1592.50000137836  2.334662E-16
1592.60000137985  2.248762E-16
1592.70000138134  2.497366E-16
1592.80000138283  2.497966E-16
1592.90000138432  2.528128E-16
1593.00000138581  2.316390E-16
1593.1000013873  2.261641E-16
1593.20000138879  1.994520E-16
1593.30000139028  2.011262E-16
1593.40000139177  2.008777E-16
1593.50000139326  2.102897E-16
1593.60000139475  2.139463E-16
1593.70000139624  2.278313E-16
1593.80000139773  2.167276E-16
1593.90000139922  2.121127E-16
1594.00000140071  2.093179E-16
1594.1000014022  2.148857E-16
1594.20000140369  2.199316E-16
1594.30000140518  2.260829E-16
1594.40000140667  2.319828E-16
1594.50000140816  2.459335E-16
1594.60000140965  2.386248E-16
1594.70000141114  2.118747E-16
1594.80000141263  2.084935E-16
1594.90000141412  2.072361E-16
1595.00000141561  1.993466E-16
1595.1000014171  1.976539E-16
1595.20000141859  2.166006E-16
1595.30000142008  2.185028E-16
1595.40000142157  2.034074E-16
1595.50000142306  1.964817E-16
1595.60000142455  2.015779E-16
1595.70000142604  2.064989E-16
1595.80000142753  2.008598E-16
1595.90000142902  2.008014E-16
1596.00000143051  2.110125E-16
1596.100001432  1.951642E-16
1596.20000143349  1.831071E-16
1596.30000143498  1.334463E-16
1596.40000143647  2.514767E-16
1596.50000143796  2.590805E-16
1596.60000143945  8.794766E-17
1596.70000144094  1.278752E-16
1596.80000144243  1.813194E-16
1596.90000144393  6.256320E-17
1597.00000144542  5.682782E-17
1597.10000144691  2.416187E-16
1597.2000014484  2.033404E-16
1597.30000144989  2.123292E-16
1597.40000145138  2.253577E-16
1597.50000145287  2.067855E-16
1597.60000145436  2.119178E-16
1597.70000145585  2.259164E-16
1597.80000145734  2.109035E-16
1597.90000145883  1.904182E-16
1598.00000146032  1.844609E-16
1598.10000146181  1.800858E-16
1598.2000014633  1.730723E-16
1598.30000146479  1.769101E-16
1598.40000146628  1.940183E-16
1598.50000146777  2.306683E-16
1598.60000146926  2.260283E-16
1598.70000147075  2.363223E-16
1598.80000147224  2.408210E-16
1598.90000147373  2.354164E-16
1599.00000147522  2.122421E-16
1599.10000147671  2.154537E-16
1599.2000014782  2.058576E-16
1599.30000147969  1.891969E-16
1599.40000148118  1.965689E-16
1599.50000148267  1.962951E-16
1599.60000148416  1.798894E-16
1599.70000148565  1.653356E-16
1599.80000148714  1.799985E-16
1599.90000148863  1.732405E-16
1600.00000149012  1.779310E-16
1600.10000149161  1.727389E-16
1600.2000014931  1.906067E-16
1600.30000149459  1.937153E-16
1600.40000149608  1.938218E-16
1600.50000149757  2.119935E-16
1600.60000149906  2.324197E-16
1600.70000150055  2.255234E-16
1600.80000150204  2.253897E-16
1600.90000150353  2.424356E-16
1601.00000150502  2.367635E-16
1601.10000150651  2.419489E-16
1601.200001508  2.378385E-16
1601.30000150949  2.319656E-16
1601.40000151098  2.162102E-16
1601.50000151247  1.911839E-16
1601.60000151396  1.717461E-16
1601.70000151545  1.699156E-16
1601.80000151694  1.627629E-16
1601.90000151843  1.612563E-16
1602.00000151992  2.081905E-16
1602.10000152141  3.045966E-16
1602.2000015229  3.150534E-16
1602.30000152439  6.610111E-16
1602.40000152588  7.858949E-16
1602.50000152737  7.454275E-16
1602.60000152886  6.485493E-16
1602.70000153035  7.461777E-16
1602.80000153184  4.038905E-16
1602.90000153333  3.021584E-16
1603.00000153482  2.947335E-16
1603.10000153631  2.900495E-16
1603.2000015378  1.849148E-16
1603.30000153929  1.905641E-16
1603.40000154078  1.705394E-16
1603.50000154227  1.895509E-16
1603.60000154376  2.597661E-16
1603.70000154525  2.667155E-16
1603.80000154674  2.586066E-16
1603.90000154823  2.559873E-16
1604.00000154972  2.564736E-16
1604.10000155121  2.068209E-16
1604.2000015527  2.126029E-16
1604.30000155419  2.145918E-16
1604.40000155568  2.150085E-16
1604.50000155717  2.173185E-16
1604.60000155866  2.167860E-16
1604.70000156015  1.932782E-16
1604.80000156164  2.077757E-16
1604.90000156313  2.237058E-16
1605.00000156462  2.043896E-16
1605.10000156611  2.024121E-16
1605.2000015676  2.218375E-16
1605.30000156909  2.103314E-16
1605.40000157058  2.254896E-16
1605.50000157207  2.295302E-16
1605.60000157357  2.225440E-16
1605.70000157506  2.189854E-16
1605.80000157654  2.391514E-16
1605.90000157804  2.212826E-16
1606.00000157953  2.497627E-16
1606.10000158102  2.511475E-16
1606.20000158251  2.386715E-16
1606.300001584  2.256372E-16
1606.40000158549  2.054659E-16
1606.50000158698  1.783692E-16
1606.60000158847  1.835034E-16
1606.70000158996  1.906453E-16
1606.80000159145  1.622209E-16
1606.90000159294  1.577847E-16
1607.00000159443  2.768751E-16
1607.10000159592  2.121599E-16
1607.20000159741  2.551016E-16
1607.3000015989  3.058889E-16
1607.40000160039  3.693342E-16
1607.50000160188  3.105566E-16
1607.60000160337  3.832031E-16
1607.70000160486  3.307597E-16
1607.80000160635  2.884725E-16
1607.90000160784  2.395339E-16
1608.00000160933  1.560681E-16
1608.10000161082  1.557452E-16
1608.20000161231  1.833510E-16
1608.3000016138  1.943816E-16
1608.40000161529  1.860482E-16
1608.50000161678  1.820209E-16
1608.60000161827  1.663121E-16
1608.70000161976  1.618895E-16
1608.80000162125  1.617419E-16
1608.90000162274  1.574486E-16
1609.00000162423  2.061107E-16
1609.10000162572  2.164772E-16
1609.20000162721  2.062895E-16
1609.3000016287  2.117053E-16
1609.40000163019  2.334376E-16
1609.50000163168  2.128028E-16
1609.60000163317  1.994503E-16
1609.70000163466  2.072754E-16
1609.80000163615  1.984220E-16
1609.90000163764  2.013673E-16
1610.00000163913  1.970797E-16
1610.10000164062  1.941607E-16
1610.20000164211  1.856133E-16
1610.3000016436  1.902856E-16
1610.40000164509  1.784210E-16
1610.50000164658  1.789763E-16
1610.60000164807  1.976492E-16
1610.70000164956  1.953020E-16
1610.80000165105  1.969061E-16
1610.90000165254  2.074978E-16
1611.00000165403  2.094244E-16
1611.10000165552  2.141393E-16
1611.20000165701  2.082213E-16
1611.3000016585  1.913563E-16
1611.40000165999  1.996560E-16
1611.50000166148  2.007965E-16
1611.60000166297  1.934740E-16
1611.70000166446  2.017920E-16
1611.80000166595  2.834935E-16
1611.90000166744  5.423264E-16
1612.00000166893  7.023353E-16
1612.10000167042  7.180330E-16
1612.20000167191  6.272348E-16
1612.3000016734  6.837961E-16
1612.40000167489  6.192015E-16
1612.50000167638  5.058980E-16
1612.60000167787  4.930673E-16
1612.70000167936  5.941869E-16
1612.80000168085  4.831073E-16
1612.90000168234  2.653439E-16
1613.00000168383  2.175049E-16
1613.10000168532  2.072192E-16
1613.20000168681  2.028570E-16
1613.3000016883  1.892051E-16
1613.40000168979  1.891722E-16
1613.50000169128  1.763806E-16
1613.60000169277  1.652046E-16
1613.70000169426  1.592963E-16
1613.80000169575  1.783025E-16
1613.90000169725  1.867388E-16
1614.00000169873  1.960023E-16
1614.10000170022  2.126133E-16
1614.20000170171  2.103609E-16
1614.30000170321  2.142653E-16
1614.4000017047  1.965833E-16
1614.50000170619  2.216280E-16
1614.60000170768  2.217694E-16
1614.70000170917  2.254210E-16
1614.80000171066  2.004461E-16
1614.90000171215  2.287557E-16
1615.00000171364  1.935940E-16
1615.10000171513  1.838135E-16
1615.20000171662  1.868031E-16
1615.30000171811  1.959734E-16
1615.4000017196  1.835127E-16
1615.50000172109  2.146923E-16
1615.60000172258  2.245552E-16
1615.70000172407  2.260806E-16
1615.80000172556  2.221773E-16
1615.90000172705  2.169523E-16
1616.00000172854  2.133189E-16
1616.10000173003  2.225989E-16
1616.20000173152  2.246921E-16
1616.30000173301  2.318833E-16
1616.4000017345  2.312568E-16
1616.50000173599  2.200245E-16
1616.60000173748  1.906019E-16
1616.70000173897  1.779033E-16
1616.80000174046  1.756085E-16
1616.90000174195  1.851525E-16
1617.00000174344  1.777234E-16
1617.10000174493  1.990257E-16
1617.20000174642  2.102039E-16
1617.30000174791  2.183349E-16
1617.4000017494  2.084503E-16
1617.50000175089  2.063972E-16
1617.60000175238  2.010225E-16
1617.70000175387  1.903009E-16
1617.80000175536  1.974395E-16
1617.90000175685  1.946817E-16
1618.00000175834  2.041472E-16
1618.10000175983  2.204477E-16
1618.20000176132  2.286906E-16
1618.30000176281  2.156344E-16
1618.4000017643  2.418472E-16
1618.50000176579  2.217093E-16
1618.60000176728  2.701653E-16
1618.70000176877  3.426053E-16
1618.80000177026  2.943432E-16
1618.90000177175  3.267437E-16
1619.00000177324  3.544372E-16
1619.10000177473  2.850820E-16
1619.20000177622  2.126027E-16
1619.30000177771  2.488122E-16
1619.4000017792  1.948425E-16
1619.50000178069  1.996318E-16
1619.60000178218  1.960111E-16
1619.70000178367  1.946169E-16
1619.80000178516  2.140381E-16
1619.90000178665  2.250580E-16
1620.00000178814  2.115835E-16
1620.10000178963  2.359458E-16
1620.20000179112  2.594038E-16
1620.30000179261  2.273752E-16
1620.4000017941  2.235076E-16
1620.50000179559  2.198662E-16
1620.60000179708  2.049311E-16
1620.70000179857  1.993341E-16
1620.80000180006  2.269257E-16
1620.90000180155  2.383448E-16
1621.00000180304  2.422040E-16
1621.10000180453  2.388681E-16
1621.20000180602  2.146390E-16
1621.30000180751  2.270776E-16
1621.400001809  2.102373E-16
1621.50000181049  2.339518E-16
1621.60000181198  1.910515E-16
1621.70000181347  1.700606E-16
1621.80000181496  1.529429E-16
1621.90000181645  1.578559E-16
1622.00000181794  1.253034E-16
1622.10000181943  1.630491E-16
1622.20000182092  2.197480E-16
1622.30000182241  1.817888E-16
1622.4000018239  1.645683E-16
1622.50000182539  1.337631E-16
1622.60000182689  4.105370E-16
1622.70000182837  3.487978E-16
1622.80000182987  3.631213E-16
1622.90000183136  4.018870E-16
1623.00000183285  3.653296E-16
1623.10000183434  8.941511E-17
1623.20000183583  9.661955E-17
1623.30000183732  1.238448E-16
1623.40000183881  1.084710E-16
1623.5000018403  1.862437E-16
1623.60000184179  1.977867E-16
1623.70000184328  2.258506E-16
1623.80000184477  1.926844E-16
1623.90000184626  2.039264E-16
1624.00000184775  2.481123E-16
1624.10000184924  2.358397E-16
1624.20000185073  2.192853E-16
1624.30000185222  2.432295E-16
1624.40000185371  2.212405E-16
1624.5000018552  1.623843E-16
1624.60000185669  1.806938E-16
1624.70000185818  2.046418E-16
1624.80000185967  2.018676E-16
1624.90000186116  2.245654E-16
1625.00000186265  2.474922E-16
1625.10000186414  2.351136E-16
1625.20000186563  2.176806E-16
1625.30000186712  2.390941E-16
1625.40000186861  2.097228E-16
1625.5000018701  2.045704E-16
1625.60000187159  2.031152E-16
1625.70000187308  2.190373E-16
1625.80000187457  2.110810E-16
1625.90000187606  2.197134E-16
1626.00000187755  2.303652E-16
1626.10000187904  2.326342E-16
1626.20000188053  2.273128E-16
1626.30000188202  2.667710E-16
1626.40000188351  2.825002E-16
1626.500001885  2.639239E-16
1626.60000188649  2.806506E-16
1626.70000188798  2.329526E-16
1626.80000188947  1.731542E-16
1626.90000189096  1.608067E-16
1627.00000189245  1.696759E-16
1627.10000189394  1.521473E-16
1627.20000189543  1.876268E-16
1627.30000189692  2.098913E-16
1627.40000189841  2.110188E-16
1627.5000018999  2.227087E-16
1627.60000190139  2.133289E-16
1627.70000190288  2.200294E-16
1627.80000190437  2.138456E-16
1627.90000190586  2.161651E-16
1628.00000190735  2.059232E-16
1628.10000190884  2.236865E-16
1628.20000191033  2.356118E-16
1628.30000191182  2.339927E-16
1628.40000191331  2.226382E-16
1628.5000019148  2.248681E-16
1628.60000191629  2.298636E-16
1628.70000191778  2.274730E-16
1628.80000191927  2.217421E-16
1628.90000192076  2.063877E-16
1629.00000192225  2.045128E-16
1629.10000192374  1.936858E-16
1629.20000192523  1.675804E-16
1629.30000192672  1.572134E-16
1629.40000192821  1.557716E-16
1629.5000019297  1.859208E-16
1629.60000193119  1.727102E-16
1629.70000193268  1.521899E-16
1629.80000193417  1.795926E-16
1629.90000193566  1.927308E-16
1630.00000193715  1.495952E-16
1630.10000193864  1.651566E-16
1630.20000194013  1.688619E-16
1630.30000194162  1.682779E-16
1630.40000194311  1.920848E-16
1630.5000019446  1.963490E-16
1630.60000194609  1.933276E-16
1630.70000194758  2.250434E-16
1630.80000194907  1.967388E-16
1630.90000195056  4.760551E-16
1631.00000195205  4.797715E-16
1631.10000195354  6.091883E-16
1631.20000195503  5.933341E-16
1631.30000195652  6.496956E-16
1631.40000195802  3.764425E-16
1631.50000195951  3.770223E-16
1631.60000196099  2.680539E-16
1631.70000196249  3.037547E-16
1631.80000196398  2.789651E-16
1631.90000196547  2.506629E-16
1632.00000196696  2.537802E-16
1632.10000196845  2.182580E-16
1632.20000196994  1.983556E-16
1632.30000197143  1.745708E-16
1632.40000197292  1.956873E-16
1632.50000197441  1.933927E-16
1632.6000019759  2.184143E-16
1632.70000197739  2.297613E-16
1632.80000197888  2.304228E-16
1632.90000198037  2.258855E-16
1633.00000198186  2.269003E-16
1633.10000198335  2.213506E-16
1633.20000198484  2.240279E-16
1633.30000198633  2.853815E-16
1633.40000198782  2.269984E-16
1633.50000198931  2.163168E-16
1633.6000019908  3.052188E-16
1633.70000199229  2.671702E-16
1633.80000199378  2.145250E-16
1633.90000199527  2.445034E-16
1634.00000199676  2.726830E-16
1634.10000199825  2.644790E-16
1634.20000199974  2.865845E-16
1634.30000200123  3.609343E-16
1634.40000200272  4.417946E-16
1634.50000200421  4.475798E-16
1634.6000020057  2.938142E-16
1634.70000200719  5.598944E-16
1634.80000200868  5.129669E-16
1634.90000201017  4.518146E-16
1635.00000201166  4.194921E-16
1635.10000201315  4.586960E-16
1635.20000201464  2.130658E-16
1635.30000201613  1.456400E-16
1635.40000201762  1.011862E-16
1635.50000201911  1.120208E-16
1635.6000020206  1.573718E-16
1635.70000202209  1.412405E-16
1635.80000202358  1.787130E-16
1635.90000202507  1.841861E-16
1636.00000202656  1.695584E-16
1636.10000202805  1.728825E-16
1636.20000202954  1.735323E-16
1636.30000203103  1.813985E-16
1636.40000203252  1.893826E-16
1636.50000203401  1.908857E-16
1636.6000020355  1.736081E-16
1636.70000203699  1.752425E-16
1636.80000203848  1.680675E-16
1636.90000203997  2.063732E-16
1637.00000204146  2.078034E-16
1637.10000204295  2.055624E-16
1637.20000204444  2.056095E-16
1637.30000204593  2.128018E-16
1637.40000204742  2.088516E-16
1637.50000204891  2.239226E-16
1637.6000020504  2.349519E-16
1637.70000205189  2.433995E-16
1637.80000205338  2.382580E-16
1637.90000205487  1.843375E-16
1638.00000205636  9.508170E-17
1638.10000205785  7.698791E-17
1638.20000205934  6.999174E-17
1638.30000206083  7.269119E-17
1638.40000206232  5.363416E-17
1638.50000206381  1.537604E-16
1638.6000020653  1.615327E-16
1638.70000206679  1.694970E-16
1638.80000206828  1.734607E-16
1638.90000206977  2.371838E-16
1639.00000207126  2.211842E-16
1639.10000207275  2.247962E-16
1639.20000207424  2.121591E-16
1639.30000207573  2.109813E-16
1639.40000207722  2.055511E-16
1639.50000207871  1.974849E-16
1639.6000020802  1.901183E-16
1639.70000208169  1.830289E-16
1639.80000208318  1.656040E-16
1639.90000208467  1.693266E-16
1640.00000208617  1.827813E-16
1640.10000208766  1.894554E-16
1640.20000208915  2.016862E-16
1640.30000209064  1.994464E-16
1640.40000209213  2.107829E-16
1640.50000209362  2.180084E-16
1640.60000209511  1.683568E-16
1640.7000020966  1.197095E-16
1640.80000209809  1.432986E-16
1640.90000209958  1.703912E-16
1641.00000210107  1.264884E-16
1641.10000210256  1.805787E-16
1641.20000210405  2.256123E-16
1641.30000210554  2.293351E-16
1641.40000210703  1.975367E-16
1641.50000210852  2.281882E-16
1641.60000211001  2.131873E-16
1641.7000021115  2.340679E-16
1641.80000211299  2.128697E-16
1641.90000211448  2.063137E-16
1642.00000211597  2.110048E-16
1642.10000211746  2.050911E-16
1642.20000211895  1.914292E-16
1642.30000212044  1.990555E-16
1642.40000212193  2.213697E-16
1642.50000212342  2.264135E-16
1642.60000212491  2.249862E-16
1642.7000021264  2.216383E-16
1642.80000212789  2.311702E-16
1642.90000212938  2.143958E-16
1643.00000213087  1.967653E-16
1643.10000213236  2.160417E-16
1643.20000213385  2.043952E-16
1643.30000213534  1.871964E-16
1643.40000213683  1.774865E-16
1643.50000213832  9.579223E-17
1643.60000213981  1.060211E-16
1643.7000021413  1.330786E-16
1643.80000214279  1.427864E-16
1643.90000214428  1.911480E-16
1644.00000214577  3.068960E-16
1644.10000214726  3.927929E-16
1644.20000214875  3.198492E-16
1644.30000215024  2.898913E-16
1644.40000215173  2.542854E-16
1644.50000215322  2.221847E-16
1644.60000215471  1.182674E-16
1644.7000021562  1.824916E-16
1644.80000215769  1.890994E-16
1644.90000215918  1.886893E-16
1645.00000216067  1.935161E-16
1645.10000216216  1.954768E-16
1645.20000216365  1.893266E-16
1645.30000216514  2.016459E-16
1645.40000216663  2.010627E-16
1645.50000216812  2.018093E-16
1645.60000216961  2.157316E-16
1645.7000021711  2.132194E-16
1645.80000217259  2.232300E-16
1645.90000217408  2.424552E-16
1646.00000217557  2.408203E-16
1646.10000217706  2.302992E-16
1646.20000217855  2.467405E-16
1646.30000218004  2.457691E-16
1646.40000218153  2.415764E-16
1646.50000218302  2.294690E-16
1646.60000218451  2.274205E-16
1646.700002186  1.617943E-16
1646.80000218749  1.709163E-16
1646.90000218898  1.825469E-16
1647.00000219047  1.415076E-16
1647.10000219196  4.096252E-16
1647.20000219345  4.899279E-16
1647.30000219494  5.100611E-16
1647.40000219643  4.996000E-16
1647.50000219792  5.494871E-16
1647.60000219941  2.821751E-16
1647.7000022009  2.726053E-16
1647.80000220239  2.534118E-16
1647.90000220388  2.338594E-16
1648.00000220537  2.388130E-16
1648.10000220686  2.301252E-16
1648.20000220835  2.066345E-16
1648.30000220984  2.092535E-16
1648.40000221133  2.339826E-16
1648.50000221283  2.403924E-16
1648.60000221432  2.553190E-16
1648.70000221581  2.495136E-16
1648.80000221729  2.307324E-16
1648.90000221879  2.172610E-16
1649.00000222028  2.205160E-16
1649.10000222177  2.227009E-16
1649.20000222326  2.129846E-16
1649.30000222475  4.360408E-16
1649.40000222624  4.299010E-16
1649.50000222773  5.253036E-16
1649.60000222922  5.215757E-16
1649.70000223071  5.220933E-16
1649.8000022322  2.576957E-16
1649.90000223369  2.468829E-16
1650.00000223518  1.320907E-16
1650.10000223667  1.355813E-16
1650.20000223816  1.492488E-16
1650.30000223965  2.064819E-16
1650.40000224114  2.177497E-16
1650.50000224263  2.204507E-16
1650.60000224412  2.138664E-16
1650.70000224561  2.131722E-16
1650.8000022471  2.000813E-16
1650.90000224859  1.930950E-16
1651.00000225008  1.963978E-16
1651.10000225157  2.124730E-16
1651.20000225306  2.070403E-16
1651.30000225455  1.942747E-16
1651.40000225604  1.952793E-16
1651.50000225753  1.965247E-16
1651.60000225902  1.804143E-16
1651.70000226051  1.906785E-16
1651.800002262  2.099251E-16
1651.90000226349  2.178875E-16
1652.00000226498  2.267719E-16
1652.10000226647  2.321523E-16
1652.20000226796  2.439777E-16
1652.30000226945  2.641037E-16
1652.40000227094  2.344632E-16
1652.50000227243  2.322487E-16
1652.60000227392  2.298904E-16
1652.70000227541  2.038824E-16
1652.8000022769  1.740482E-16
1652.90000227839  1.693832E-16
1653.00000227988  1.437041E-16
1653.10000228137  1.340045E-16
1653.20000228286  1.635898E-16
1653.30000228435  1.409194E-16
1653.40000228584  1.534739E-16
1653.50000228733  1.617510E-16
1653.60000228882  1.839094E-16
1653.70000229031  1.577748E-16
1653.8000022918  1.761634E-16
1653.90000229329  1.945104E-16
1654.00000229478  2.048877E-16
1654.10000229627  2.158987E-16
1654.20000229776  2.350313E-16
1654.30000229925  2.535619E-16
1654.40000230074  2.878023E-16
1654.50000230223  4.171023E-16
1654.60000230372  3.600880E-16
1654.70000230521  3.934134E-16
1654.8000023067  4.512656E-16
1654.90000230819  4.291752E-16
1655.00000230968  2.834800E-16
1655.10000231117  3.190858E-16
1655.20000231266  2.685110E-16
1655.30000231415  2.096579E-16
1655.40000231564  1.977022E-16
1655.50000231713  2.154750E-16
1655.60000231862  2.143472E-16
1655.70000232011  2.237234E-16
1655.8000023216  2.137966E-16
1655.90000232309  2.057393E-16
1656.00000232458  2.101890E-16
1656.10000232607  2.202825E-16
1656.20000232756  2.178672E-16
1656.30000232905  2.195454E-16
1656.40000233054  2.117136E-16
1656.50000233203  2.155503E-16
1656.60000233352  2.061519E-16
1656.70000233501  2.053997E-16
1656.8000023365  1.979000E-16
1656.90000233799  2.107412E-16
1657.00000233948  1.986465E-16
1657.10000234097  1.939359E-16
1657.20000234246  2.040397E-16
1657.30000234395  1.980540E-16
1657.40000234545  2.066124E-16
1657.50000234694  2.036919E-16
1657.60000234843  1.816770E-16
1657.70000234992  1.842537E-16
1657.80000235141  2.153611E-16
1657.9000023529  1.991016E-16
1658.00000235439  2.297171E-16
1658.10000235588  2.946542E-16
1658.20000235737  2.906582E-16
1658.30000235886  2.616744E-16
1658.40000236035  2.750303E-16
1658.50000236184  2.743968E-16
1658.60000236333  2.343949E-16
1658.70000236482  2.232665E-16
1658.80000236631  2.268302E-16
1658.9000023678  2.225556E-16
1659.00000236929  2.038404E-16
1659.10000237078  1.924298E-16
1659.20000237227  1.990778E-16
1659.30000237376  1.988304E-16
1659.40000237525  1.859373E-16
1659.50000237674  1.835636E-16
1659.60000237823  1.879385E-16
1659.70000237972  1.898043E-16
1659.80000238121  2.195121E-16
1659.9000023827  2.320067E-16
1660.00000238419  2.447510E-16
1660.10000238568  2.195119E-16
1660.20000238717  2.366468E-16
1660.30000238866  2.400679E-16
1660.40000239015  2.377171E-16
1660.50000239164  2.340445E-16
1660.60000239313  2.329863E-16
1660.70000239462  2.169534E-16
1660.80000239611  2.081257E-16
1660.9000023976  2.130688E-16
1661.00000239909  1.931945E-16
1661.10000240058  2.136122E-16
1661.20000240207  2.107894E-16
1661.30000240356  1.998102E-16
1661.40000240505  2.051142E-16
1661.50000240654  2.041174E-16
1661.60000240803  2.078326E-16
1661.70000240952  1.980293E-16
1661.80000241101  2.074561E-16
1661.9000024125  2.156718E-16
1662.00000241399  2.245662E-16
1662.10000241548  2.379225E-16
1662.20000241697  2.512390E-16
1662.30000241846  2.445132E-16
1662.40000241995  2.556439E-16
1662.50000242144  2.706259E-16
1662.60000242293  2.756052E-16
1662.70000242442  2.772702E-16
1662.80000242591  2.767701E-16
1662.9000024274  2.459093E-16
1663.00000242889  2.316086E-16
1663.10000243038  2.076822E-16
1663.20000243187  1.914440E-16
1663.30000243336  1.796651E-16
1663.40000243485  1.935707E-16
1663.50000243634  1.853578E-16
1663.60000243783  1.842274E-16
1663.70000243932  1.839501E-16
1663.80000244081  1.914700E-16
1663.9000024423  1.819806E-16
1664.00000244379  1.929045E-16
1664.10000244528  2.150570E-16
1664.20000244677  2.343902E-16
1664.30000244826  2.464751E-16
1664.40000244975  2.366010E-16
1664.50000245124  2.246635E-16
1664.60000245273  2.171934E-16
1664.70000245422  2.079539E-16
1664.80000245571  1.711897E-16
1664.9000024572  1.645395E-16
1665.00000245869  1.717503E-16
1665.10000246018  1.569464E-16
1665.20000246167  1.661543E-16
1665.30000246316  2.008211E-16
1665.40000246465  2.141223E-16
1665.50000246614  2.146369E-16
1665.60000246763  2.210100E-16
1665.70000246913  1.853954E-16
1665.80000247061  1.571685E-16
1665.90000247211  1.671661E-16
1666.0000024736  1.661396E-16
1666.10000247509  1.639582E-16
1666.20000247658  1.855724E-16
1666.30000247807  2.224982E-16
1666.40000247956  2.242394E-16
1666.50000248105  2.198647E-16
1666.60000248254  2.154661E-16
1666.70000248403  2.213979E-16
1666.80000248552  1.975778E-16
1666.90000248701  1.998578E-16
1667.0000024885  2.246187E-16
1667.10000248999  2.256364E-16
1667.20000249148  2.338491E-16
1667.30000249297  2.359136E-16
1667.40000249446  2.292289E-16
1667.50000249595  2.143871E-16
1667.60000249744  2.311749E-16
1667.70000249893  2.187782E-16
1667.80000250042  2.052660E-16
1667.90000250191  2.050637E-16
1668.0000025034  1.720874E-16
1668.10000250489  1.763528E-16
1668.20000250638  8.089843E-17
1668.30000250787  -5.361016E-17
1668.40000250936  -1.180844E-16
1668.50000251085  -1.685779E-16
1668.60000251234  -2.361852E-16
1668.70000251383  -2.903187E-16
1668.80000251532  -1.903293E-16
1668.90000251681  -1.500853E-16
1669.0000025183  -8.203452E-17
1669.10000251979  -6.316022E-18
1669.20000252128  1.260315E-16
1669.30000252277  1.671337E-16
1669.40000252426  1.807342E-16
1669.50000252575  1.500779E-16
1669.60000252724  1.463973E-16
1669.70000252873  1.738793E-16
1669.80000253022  1.751362E-16
1669.90000253171  1.887499E-16
1670.0000025332  3.044744E-16
1670.10000253469  3.515433E-16
1670.20000253618  4.794080E-16
1670.30000253767  4.949350E-16
1670.40000253916  4.674741E-16
1670.50000254065  3.784136E-16
1670.60000254214  3.300305E-16
1670.70000254363  1.792388E-16
1670.80000254512  1.607580E-16
1670.90000254661  2.028855E-16
1671.0000025481  2.290672E-16
1671.10000254959  2.017346E-16
1671.20000255108  1.786600E-16
1671.30000255257  1.967769E-16
1671.40000255406  1.777440E-16
1671.50000255555  1.797289E-16
1671.60000255704  2.091991E-16
1671.70000255853  2.453503E-16
1671.80000256002  2.486836E-16
1671.90000256151  2.762868E-16
1672.000002563  2.643320E-16
1672.10000256449  2.581723E-16
1672.20000256598  2.430258E-16
1672.30000256747  2.101082E-16
1672.40000256896  1.809909E-16
1672.50000257045  1.911628E-16
1672.60000257194  1.782227E-16
1672.70000257343  1.971445E-16
1672.80000257492  2.159789E-16
1672.90000257641  2.167761E-16
1673.0000025779  2.161336E-16
1673.10000257939  2.273305E-16
1673.20000258088  2.394551E-16
1673.30000258237  2.447376E-16
1673.40000258386  2.621158E-16
1673.50000258535  2.634404E-16
1673.60000258684  2.660631E-16
1673.70000258833  2.449031E-16
1673.80000258982  2.438275E-16
1673.90000259131  2.348688E-16
1674.0000025928  2.364695E-16
1674.10000259429  2.451503E-16
1674.20000259578  2.557743E-16
1674.30000259727  2.552973E-16
1674.40000259877  2.486147E-16
1674.50000260025  2.358271E-16
1674.60000260175  2.111594E-16
1674.70000260324  2.368058E-16
1674.80000260473  2.725621E-16
1674.90000260622  2.450478E-16
1675.00000260771  2.527192E-16
1675.1000026092  2.814058E-16
1675.20000261069  2.269421E-16
1675.30000261218  1.869026E-16
1675.40000261367  2.329255E-16
1675.50000261516  2.097837E-16
1675.60000261665  1.963761E-16
1675.70000261814  1.988081E-16
1675.80000261963  1.945139E-16
1675.90000262112  1.729375E-16
1676.00000262261  1.731125E-16
1676.1000026241  1.486392E-16
1676.20000262559  1.799721E-16
1676.30000262708  1.920041E-16
1676.40000262857  1.804144E-16
1676.50000263006  1.946298E-16
1676.60000263155  2.177185E-16
1676.70000263304  1.906223E-16
1676.80000263453  1.802554E-16
1676.90000263602  1.985427E-16
1677.00000263751  2.615703E-16
1677.100002639  2.810986E-16
1677.20000264049  2.984526E-16
1677.30000264198  2.986287E-16
1677.40000264347  3.014775E-16
1677.50000264496  2.530694E-16
1677.60000264645  2.348194E-16
1677.70000264794  2.320470E-16
1677.80000264943  2.486805E-16
1677.90000265092  2.545365E-16
1678.00000265241  2.521304E-16
1678.1000026539  2.549615E-16
1678.20000265539  2.724825E-16
1678.30000265688  2.662000E-16
1678.40000265837  2.507657E-16
1678.50000265986  2.463059E-16
1678.60000266135  2.267344E-16
1678.70000266284  2.276191E-16
1678.80000266433  2.316865E-16
1678.90000266582  2.520778E-16
1679.00000266731  2.548369E-16
1679.1000026688  2.844583E-16
1679.20000267029  2.957411E-16
1679.30000267178  2.807885E-16
1679.40000267327  2.687547E-16
1679.50000267476  2.582231E-16
1679.60000267625  2.602148E-16
1679.70000267774  2.489605E-16
1679.80000267923  2.603742E-16
1679.90000268072  2.596711E-16
1680.00000268221  2.516564E-16
1680.1000026837  2.408584E-16
1680.20000268519  2.419257E-16
1680.30000268668  2.379240E-16
1680.40000268817  2.236679E-16
1680.50000268966  2.360226E-16
1680.60000269115  2.345877E-16
1680.70000269264  2.161779E-16
1680.80000269413  1.997591E-16
1680.90000269562  2.008537E-16
1681.00000269711  1.951965E-16
1681.1000026986  1.807439E-16
1681.20000270009  1.731869E-16
1681.30000270158  1.855222E-16
1681.40000270307  2.028317E-16
1681.50000270456  1.984096E-16
1681.60000270605  2.151507E-16
1681.70000270754  2.364057E-16
1681.80000270903  2.294629E-16
1681.90000271052  2.378325E-16
1682.00000271201  2.389286E-16
1682.1000027135  2.419935E-16
1682.20000271499  2.490529E-16
1682.30000271648  2.635629E-16
1682.40000271797  2.345875E-16
1682.50000271946  2.434069E-16
1682.60000272095  2.266413E-16
1682.70000272244  2.330269E-16
1682.80000272393  2.375376E-16
1682.90000272542  2.427477E-16
1683.00000272691  2.860470E-16
1683.10000272841  3.982392E-16
1683.2000027299  4.572642E-16
1683.30000273139  5.633733E-16
1683.40000273288  5.672905E-16
1683.50000273437  4.949700E-16
1683.60000273586  4.385572E-16
1683.70000273735  3.761435E-16
1683.80000273884  2.516598E-16
1683.90000274033  2.660019E-16
1684.00000274182  2.940017E-16
1684.10000274331  2.494239E-16
1684.2000027448  2.514990E-16
1684.30000274629  2.689555E-16
1684.40000274778  2.665136E-16
1684.50000274927  2.834412E-16
1684.60000275076  2.629122E-16
1684.70000275225  2.375981E-16
1684.80000275374  2.267323E-16
1684.90000275523  1.910077E-16
1685.00000275672  1.757142E-16
1685.10000275821  1.904166E-16
1685.2000027597  1.957422E-16
1685.30000276119  2.023860E-16
1685.40000276268  2.270894E-16
1685.50000276417  2.410597E-16
1685.60000276566  2.467844E-16
1685.70000276715  2.422166E-16
1685.80000276864  2.374166E-16
1685.90000277013  2.232822E-16
1686.00000277162  2.228920E-16
1686.10000277311  2.132151E-16
1686.2000027746  2.251537E-16
1686.30000277609  2.357625E-16
1686.40000277758  2.542481E-16
1686.50000277907  2.346891E-16
1686.60000278056  2.386970E-16
1686.70000278205  2.225765E-16
1686.80000278354  2.153315E-16
1686.90000278503  2.217328E-16
1687.00000278652  2.348802E-16
1687.10000278801  2.335851E-16
1687.2000027895  2.453157E-16
1687.30000279099  2.540208E-16
1687.40000279248  2.521055E-16
1687.50000279397  2.341173E-16
1687.60000279546  2.269734E-16
1687.70000279695  2.108450E-16
1687.80000279844  2.094181E-16
1687.90000279993  2.226797E-16
1688.00000280142  2.362372E-16
1688.10000280291  2.456413E-16
1688.2000028044  2.808828E-16
1688.30000280589  2.851788E-16
1688.40000280738  2.600603E-16
1688.50000280887  2.546566E-16
1688.60000281036  2.572483E-16
1688.70000281185  2.390158E-16
1688.80000281334  2.480174E-16
1688.90000281483  2.419370E-16
1689.00000281632  2.621028E-16
1689.10000281781  2.566917E-16
1689.2000028193  2.872823E-16
1689.30000282079  5.211095E-16
1689.40000282228  2.979066E-16
1689.50000282377  3.401543E-16
1689.60000282526  1.812232E-16
1689.70000282675  3.636282E-16
1689.80000282824  1.256831E-16
1689.90000282973  6.367863E-16
1690.00000283122  7.568645E-16
1690.10000283271  9.568015E-16
1690.2000028342  7.573547E-16
1690.30000283569  7.443287E-16
1690.40000283718  4.829709E-16
1690.50000283867  2.972949E-16
1690.60000284016  2.728845E-16
1690.70000284165  2.623538E-16
1690.80000284314  2.536954E-16
1690.90000284463  2.536157E-16
1691.00000284612  2.593808E-16
1691.10000284761  2.375286E-16
1691.2000028491  2.312640E-16
1691.30000285059  2.340996E-16
1691.40000285209  2.205008E-16
1691.50000285358  2.216667E-16
1691.60000285506  2.245679E-16
1691.70000285655  2.147232E-16
1691.80000285805  2.190225E-16
1691.90000285954  1.854385E-16
1692.00000286103  1.926924E-16
1692.10000286252  2.074450E-16
1692.20000286401  2.219183E-16
1692.3000028655  2.174686E-16
1692.40000286699  2.406351E-16
1692.50000286848  2.359518E-16
1692.60000286997  2.110873E-16
1692.70000287146  2.130250E-16
1692.80000287295  2.110299E-16
1692.90000287444  2.198118E-16
1693.00000287593  2.252436E-16
1693.10000287742  2.360634E-16
1693.20000287891  2.331391E-16
1693.3000028804  2.216463E-16
1693.40000288189  2.102637E-16
1693.50000288338  2.031831E-16
1693.60000288487  2.170003E-16
1693.70000288636  2.180452E-16
1693.80000288785  2.358848E-16
1693.90000288934  2.459983E-16
1694.00000289083  2.517962E-16
1694.10000289232  2.352159E-16
1694.20000289381  2.253970E-16
1694.3000028953  2.245703E-16
1694.40000289679  2.187435E-16
1694.50000289828  1.481676E-16
1694.60000289977  2.882615E-16
1694.70000290126  4.741002E-17
1694.80000290275  3.245966E-17
1694.90000290424  1.833818E-17
1695.00000290573  1.229047E-16
1695.10000290722  -1.101617E-16
1695.20000290871  1.194996E-16
1695.3000029102  1.294264E-16
1695.40000291169  1.574563E-16
1695.50000291318  1.240521E-16
1695.60000291467  2.284476E-16
1695.70000291616  2.386279E-16
1695.80000291765  2.473289E-16
1695.90000291914  2.405782E-16
1696.00000292063  2.436426E-16
1696.10000292212  2.388105E-16
1696.20000292361  2.417218E-16
1696.3000029251  2.322143E-16
1696.40000292659  2.367790E-16
1696.50000292808  2.374813E-16
1696.60000292957  2.424930E-16
1696.70000293106  2.233818E-16
1696.80000293255  2.393066E-16
1696.90000293404  2.454947E-16
1697.00000293553  2.513074E-16
1697.10000293702  2.491753E-16
1697.20000293851  2.713298E-16
1697.30000294  2.634827E-16
1697.40000294149  2.359175E-16
1697.50000294298  2.122613E-16
1697.60000294447  1.898832E-16
1697.70000294596  2.216670E-16
1697.80000294745  2.491762E-16
1697.90000294894  2.536026E-16
1698.00000295043  2.504541E-16
1698.10000295192  2.788310E-16
1698.20000295341  2.345216E-16
1698.3000029549  1.844427E-16
1698.40000295639  2.164389E-16
1698.50000295788  2.343187E-16
1698.60000295937  2.107546E-16
1698.70000296086  2.093795E-16
1698.80000296235  2.356195E-16
1698.90000296384  2.010723E-16
1699.00000296533  1.938273E-16
1699.10000296682  2.059245E-16
1699.20000296831  2.033019E-16
1699.3000029698  1.992133E-16
1699.40000297129  1.992586E-16
1699.50000297278  1.885023E-16
1699.60000297427  2.044160E-16
1699.70000297576  2.130302E-16
1699.80000297725  1.472192E-16
1699.90000297874  1.893064E-16
1700.00000298023  3.530010E-16
1700.10000298172  2.379707E-16
1700.20000298321  3.419529E-16
1700.30000298471  7.110841E-16
1700.4000029862  7.205386E-16
1700.50000298769  5.648203E-16
1700.60000298918  6.618919E-16
1700.70000299067  5.528176E-16
1700.80000299216  2.498572E-16
1700.90000299365  2.313141E-16
1701.00000299514  2.638486E-16
1701.10000299663  2.492330E-16
1701.20000299812  2.777801E-16
1701.30000299961  2.771346E-16
1701.4000030011  2.614456E-16
1701.50000300259  2.653458E-16
1701.60000300408  2.882562E-16
1701.70000300557  2.788416E-16
1701.80000300706  2.768850E-16
1701.90000300855  2.837000E-16
1702.00000301004  2.560330E-16
1702.10000301153  2.817553E-16
1702.20000301302  2.890955E-16
1702.30000301451  2.761626E-16
1702.400003016  2.629098E-16
1702.50000301749  2.792298E-16
1702.60000301898  2.527332E-16
1702.70000302047  2.517919E-16
1702.80000302196  2.714761E-16
1702.90000302345  2.434706E-16
1703.00000302494  2.122683E-16
1703.10000302643  2.120600E-16
1703.20000302792  1.960682E-16
1703.30000302941  1.980996E-16
1703.4000030309  2.334528E-16
1703.50000303239  2.382524E-16
1703.60000303388  2.397547E-16
1703.70000303537  2.333016E-16
1703.80000303686  2.385684E-16
1703.90000303835  2.211264E-16
1704.00000303984  2.301032E-16
1704.10000304133  2.344248E-16
1704.20000304282  2.627991E-16
1704.30000304431  2.528982E-16
1704.4000030458  2.911484E-16
1704.50000304729  3.083170E-16
1704.60000304878  3.046046E-16
1704.70000305027  2.984253E-16
1704.80000305176  3.137154E-16
1704.90000305325  3.239323E-16
1705.00000305474  2.772080E-16
1705.10000305623  2.834688E-16
1705.20000305772  2.355346E-16
1705.30000305921  2.265446E-16
1705.4000030607  1.922165E-16
1705.50000306219  2.048710E-16
1705.60000306368  1.805471E-16
1705.70000306517  2.239410E-16
1705.80000306666  2.092487E-16
1705.90000306815  2.222841E-16
1706.00000306964  2.401095E-16
1706.10000307113  2.619521E-16
1706.20000307262  2.872077E-16
1706.30000307411  3.097369E-16
1706.4000030756  2.754471E-16
1706.50000307709  2.830322E-16
1706.60000307858  2.954435E-16
1706.70000308007  2.632337E-16
1706.80000308156  3.084185E-16
1706.90000308305  5.807919E-16
1707.00000308454  6.704650E-16
1707.10000308603  7.665189E-16
1707.20000308752  7.725939E-16
1707.30000308901  7.269136E-16
1707.4000030905  5.173864E-16
1707.50000309199  3.980920E-16
1707.60000309348  2.906317E-16
1707.70000309497  2.910476E-16
1707.80000309646  2.709772E-16
1707.90000309795  2.372871E-16
1708.00000309944  2.525097E-16
1708.10000310093  2.409831E-16
1708.20000310242  2.088794E-16
1708.30000310391  1.884418E-16
1708.4000031054  1.840298E-16
1708.50000310689  2.055090E-16
1708.60000310838  2.034222E-16
1708.70000310987  2.190012E-16
1708.80000311136  2.429510E-16
1708.90000311286  2.474731E-16
1709.00000311435  2.185761E-16
1709.10000311584  2.411002E-16
1709.20000311733  2.507259E-16
1709.30000311882  2.564336E-16
1709.40000312031  2.418433E-16
1709.5000031218  2.510612E-16
1709.60000312329  2.618811E-16
1709.70000312478  2.697362E-16
1709.80000312627  2.851698E-16
1709.90000312776  2.880008E-16
1710.00000312925  2.822346E-16
1710.10000313074  2.628050E-16
1710.20000313223  2.510322E-16
1710.30000313372  2.197586E-16
1710.40000313521  1.824115E-16
1710.5000031367  1.810169E-16
1710.60000313819  1.484791E-16
1710.70000313968  1.652340E-16
1710.80000314117  1.820168E-16
1710.90000314266  2.297500E-16
1711.00000314415  2.471478E-16
1711.10000314564  2.867356E-16
1711.20000314713  2.871495E-16
1711.30000314862  1.898219E-16
1711.40000315011  3.864931E-16
1711.5000031516  2.066228E-16
1711.60000315309  1.482059E-16
1711.70000315458  1.784554E-16
1711.80000315607  4.716904E-16
1711.90000315756  2.737198E-16
1712.00000315905  3.547952E-16
1712.10000316054  4.000947E-16
1712.20000316203  3.342326E-16
1712.30000316352  1.364907E-16
1712.40000316501  1.417395E-16
1712.5000031665  2.180211E-16
1712.60000316799  2.200517E-16
1712.70000316948  2.273142E-16
1712.80000317097  2.378917E-16
1712.90000317246  2.339859E-16
1713.00000317395  2.440100E-16
1713.10000317544  2.360712E-16
1713.20000317693  2.735506E-16
1713.30000317842  2.655577E-16
1713.40000317991  2.645230E-16
1713.5000031814  2.746649E-16
1713.60000318289  2.636286E-16
1713.70000318438  2.419368E-16
1713.80000318587  2.373512E-16
1713.90000318736  2.287728E-16
1714.00000318885  2.395941E-16
1714.10000319034  2.630015E-16
1714.20000319183  2.725101E-16
1714.30000319332  2.968730E-16
1714.40000319481  3.030429E-16
1714.5000031963  2.937352E-16
1714.60000319779  2.784246E-16
1714.70000319928  2.756205E-16
1714.80000320077  2.490198E-16
1714.90000320226  2.383108E-16
1715.00000320375  2.353967E-16
1715.10000320524  2.524894E-16
1715.20000320673  2.520342E-16
1715.30000320822  2.556685E-16
1715.40000320971  2.475545E-16
1715.5000032112  2.338928E-16
1715.60000321269  2.217889E-16
1715.70000321418  2.392007E-16
1715.80000321567  2.473953E-16
1715.90000321716  2.886455E-16
1716.00000321865  3.133833E-16
1716.10000322014  3.198733E-16
1716.20000322163  3.271427E-16
1716.30000322312  3.122471E-16
1716.40000322461  2.809611E-16
1716.5000032261  2.520890E-16
1716.60000322759  2.624474E-16
1716.70000322908  2.071124E-16
1716.80000323057  1.827909E-16
1716.90000323206  2.042058E-16
1717.00000323355  2.190726E-16
1717.10000323504  2.063529E-16
1717.20000323653  2.391138E-16
1717.30000323802  2.610518E-16
1717.40000323951  2.428689E-16
1717.50000324101  2.352341E-16
1717.6000032425  2.525728E-16
1717.70000324399  2.568862E-16
1717.80000324548  2.830904E-16
1717.90000324697  2.893464E-16
1718.00000324846  3.062284E-16
1718.10000324995  3.105231E-16
1718.20000325144  3.511499E-16
1718.30000325293  3.278438E-16
1718.40000325442  3.146316E-16
1718.50000325591  3.263479E-16
1718.6000032574  3.146946E-16
1718.70000325889  2.708871E-16
1718.80000326038  2.476923E-16
1718.90000326187  2.191331E-16
1719.00000326336  1.792756E-16
1719.10000326485  1.935474E-16
1719.20000326634  1.611789E-16
1719.30000326783  1.872826E-16
1719.40000326932  2.249403E-16
1719.50000327081  2.361119E-16
1719.6000032723  2.575250E-16
1719.70000327379  2.865341E-16
1719.80000327528  2.835333E-16
1719.90000327677  3.031385E-16
1720.00000327826  3.441674E-16
1720.10000327975  3.264643E-16
1720.20000328124  3.782701E-16
1720.30000328273  3.739870E-16
1720.40000328422  3.407878E-16
1720.50000328571  3.140224E-16
1720.6000032872  2.899541E-16
1720.70000328869  2.165823E-16
1720.80000329018  2.238038E-16
1720.90000329167  2.707484E-16
1721.00000329316  2.646976E-16
1721.10000329465  2.550095E-16
1721.20000329614  2.641976E-16
1721.30000329763  2.630258E-16
1721.40000329912  2.275258E-16
1721.50000330061  2.270052E-16
1721.6000033021  2.215341E-16
1721.70000330359  2.437112E-16
1721.80000330508  2.410024E-16
1721.90000330657  2.439367E-16
1722.00000330806  2.397201E-16
1722.10000330955  2.554424E-16
1722.20000331104  2.511344E-16
1722.30000331253  2.477107E-16
1722.40000331402  2.511952E-16
1722.50000331551  2.194065E-16
1722.600003317  2.043986E-16
1722.70000331849  1.880936E-16
1722.80000331998  1.799287E-16
1722.90000332147  1.941043E-16
1723.00000332296  2.277464E-16
1723.10000332445  2.413435E-16
1723.20000332594  2.438185E-16
1723.30000332743  2.678313E-16
1723.40000332892  2.672938E-16
1723.50000333041  2.528567E-16
1723.6000033319  2.425620E-16
1723.70000333339  2.467828E-16
1723.80000333488  1.965466E-16
1723.90000333637  1.814208E-16
1724.00000333786  2.816336E-16
1724.10000333935  2.173075E-16
1724.20000334084  2.294255E-16
1724.30000334233  3.273176E-16
1724.40000334382  2.797175E-16
1724.50000334531  1.610043E-16
1724.6000033468  2.468182E-16
1724.70000334829  2.425280E-16
1724.80000334978  1.988602E-16
1724.90000335127  2.502262E-16
1725.00000335276  2.798209E-16
1725.10000335425  2.845228E-16
1725.20000335574  3.391058E-16
1725.30000335723  3.543992E-16
1725.40000335872  3.561940E-16
1725.50000336021  3.609594E-16
1725.6000033617  3.511689E-16
1725.70000336319  3.044831E-16
1725.80000336468  2.910444E-16
1725.90000336617  2.891500E-16
1726.00000336767  3.029321E-16
1726.10000336915  2.992472E-16
1726.20000337065  2.910458E-16
1726.30000337214  2.869790E-16
1726.40000337363  3.036969E-16
1726.50000337512  2.952065E-16
1726.60000337661  2.646850E-16
1726.7000033781  2.504992E-16
1726.80000337959  2.741005E-16
1726.90000338108  2.765791E-16
1727.00000338257  2.985867E-16
1727.10000338406  3.322404E-16
1727.20000338555  3.424045E-16
1727.30000338704  2.904388E-16
1727.40000338853  2.762809E-16
1727.50000339002  2.069094E-16
1727.60000339151  2.215326E-16
1727.700003393  2.629674E-16
1727.80000339449  2.706833E-16
1727.90000339598  2.624495E-16
1728.00000339747  2.977460E-16
1728.10000339896  2.727068E-16
1728.20000340045  2.396209E-16
1728.30000340194  2.657294E-16
1728.40000340343  2.404354E-16
1728.50000340492  2.545973E-16
1728.60000340641  2.504035E-16
1728.7000034079  2.453978E-16
1728.80000340939  2.383906E-16
1728.90000341088  2.649300E-16
1729.00000341237  2.584460E-16
1729.10000341386  2.713614E-16
1729.20000341535  2.832618E-16
1729.30000341684  2.796377E-16
1729.40000341833  2.963634E-16
1729.50000341982  3.353669E-16
1729.60000342131  3.278199E-16
1729.7000034228  3.342950E-16
1729.80000342429  3.377897E-16
1729.90000342578  3.182924E-16
1730.00000342727  2.815340E-16
1730.10000342876  2.910553E-16
1730.20000343025  2.806284E-16
1730.30000343174  2.755434E-16
1730.40000343323  2.949452E-16
1730.50000343472  2.847398E-16
1730.60000343621  2.745301E-16
1730.7000034377  2.899268E-16
1730.80000343919  3.055226E-16
1730.90000344068  3.228873E-16
1731.00000344217  3.555397E-16
1731.10000344366  3.575074E-16
1731.20000344515  3.500248E-16
1731.30000344664  3.164938E-16
1731.40000344813  2.716973E-16
1731.50000344962  2.416101E-16
1731.60000345111  2.207319E-16
1731.7000034526  1.917140E-16
1731.80000345409  2.222162E-16
1731.90000345558  2.249339E-16
1732.00000345707  2.200620E-16
1732.10000345856  2.632808E-16
1732.20000346005  2.140144E-16
1732.30000346154  1.626785E-16
1732.40000346303  1.877570E-16
1732.50000346452  2.489255E-16
1732.60000346601  8.841813E-17
1732.7000034675  1.379728E-16
1732.80000346899  1.684207E-16
1732.90000347048  1.611591E-16
1733.00000347197  1.361518E-16
1733.10000347346  2.773150E-16
1733.20000347495  3.077799E-16
1733.30000347644  2.833932E-16
1733.40000347793  2.726163E-16
1733.50000347942  2.498769E-16
1733.60000348091  2.434669E-16
1733.7000034824  2.275415E-16
1733.80000348389  2.592660E-16
1733.90000348538  2.665977E-16
1734.00000348687  2.700411E-16
1734.10000348836  2.710636E-16
1734.20000348985  2.632268E-16
1734.30000349134  2.491990E-16
1734.40000349283  2.989440E-16
1734.50000349432  2.680926E-16
1734.60000349581  3.752578E-16
1734.70000349731  4.053814E-16
1734.8000034988  3.938338E-16
1734.90000350029  3.336766E-16
1735.00000350178  3.634443E-16
1735.10000350327  2.192356E-16
1735.20000350476  1.758188E-16
1735.30000350625  1.768829E-16
1735.40000350774  2.060336E-16
1735.50000350923  2.170976E-16
1735.60000351072  2.653349E-16
1735.70000351221  2.854936E-16
1735.8000035137  2.935055E-16
1735.90000351519  2.582344E-16
1736.00000351668  2.246111E-16
1736.10000351817  2.004727E-16
1736.20000351966  1.897857E-16
1736.30000352115  2.074981E-16
1736.40000352264  2.235871E-16
1736.50000352413  2.382906E-16
1736.60000352562  2.695440E-16
1736.70000352711  2.742482E-16
1736.8000035286  2.811722E-16
1736.90000353009  2.838614E-16
1737.00000353158  3.058702E-16
1737.10000353307  2.822893E-16
1737.20000353456  2.849654E-16
1737.30000353605  3.102385E-16
1737.40000353754  3.055111E-16
1737.50000353903  2.930777E-16
1737.60000354052  2.226723E-16
1737.70000354201  2.532047E-16
1737.8000035435  2.583700E-16
1737.90000354499  2.807633E-16
1738.00000354648  3.489356E-16
1738.10000354797  4.433207E-16
1738.20000354946  3.730453E-16
1738.30000355095  2.737000E-16
1738.40000355244  2.463029E-16
1738.50000355393  1.710752E-16
1738.60000355542  1.422322E-16
1738.70000355691  1.813653E-16
1738.8000035584  2.565158E-16
1738.90000355989  2.452338E-16
1739.00000356138  2.363421E-16
1739.10000356287  2.489139E-16
1739.20000356436  2.443901E-16
1739.30000356585  2.239986E-16
1739.40000356734  2.280530E-16
1739.50000356883  2.382941E-16
1739.60000357032  2.467782E-16
1739.70000357181  2.715209E-16
1739.8000035733  2.826202E-16
1739.90000357479  2.979061E-16
1740.00000357628  2.845845E-16
1740.10000357777  2.838102E-16
1740.20000357926  2.640220E-16
1740.30000358075  2.299006E-16
1740.40000358224  2.063860E-16
1740.50000358373  1.917619E-16
1740.60000358522  1.706760E-16
1740.70000358671  1.545037E-16
1740.8000035882  1.918869E-16
1740.90000358969  1.916975E-16
1741.00000359118  1.893237E-16
1741.10000359267  1.889638E-16
1741.20000359416  2.055692E-16
1741.30000359565  1.771006E-16
1741.40000359714  1.831386E-16
1741.50000359863  2.299425E-16
1741.60000360012  2.425151E-16
1741.70000360161  2.601887E-16
1741.8000036031  2.640974E-16
1741.90000360459  2.535341E-16
1742.00000360608  2.660585E-16
1742.10000360757  2.654357E-16
1742.20000360906  2.520250E-16
1742.30000361055  2.461704E-16
1742.40000361204  2.507618E-16
1742.50000361353  2.209368E-16
1742.60000361502  2.091159E-16
1742.70000361651  1.870231E-16
1742.800003618  2.151351E-16
1742.90000361949  2.344888E-16
1743.00000362099  2.410961E-16
1743.10000362248  2.539178E-16
1743.20000362397  2.708063E-16
1743.30000362546  2.751799E-16
1743.40000362695  2.802307E-16
1743.50000362844  2.795503E-16
1743.60000362993  2.621988E-16
1743.70000363142  2.339875E-16
1743.80000363291  2.160455E-16
1743.9000036344  2.016366E-16
1744.00000363589  1.752156E-16
1744.10000363738  2.898973E-16
1744.20000363887  4.614272E-16
1744.30000364036  5.031434E-16
1744.40000364185  6.592190E-16
1744.50000364334  7.234710E-16
1744.60000364483  6.639902E-16
1744.70000364632  5.231550E-16
1744.80000364781  4.832685E-16
1744.9000036493  3.394543E-16
1745.00000365079  2.927085E-16
1745.10000365228  2.488459E-16
1745.20000365377  2.328655E-16
1745.30000365526  2.318177E-16
1745.40000365675  2.398902E-16
1745.50000365824  2.480176E-16
1745.60000365973  2.734204E-16
1745.70000366122  2.796545E-16
1745.80000366271  2.782127E-16
1745.9000036642  2.351489E-16
1746.00000366569  1.918713E-16
1746.10000366718  1.572919E-16
1746.20000366867  1.498106E-16
1746.30000367016  1.425956E-16
1746.40000367165  1.542263E-16
1746.50000367314  1.872426E-16
1746.60000367463  1.823564E-16
1746.70000367612  1.864442E-16
1746.80000367761  1.992986E-16
1746.9000036791  2.254493E-16
1747.00000368059  2.221484E-16
1747.10000368208  2.362408E-16
1747.20000368357  2.522135E-16
1747.30000368506  2.577410E-16
1747.40000368655  2.540125E-16
1747.50000368804  2.463767E-16
1747.60000368953  2.282831E-16
1747.70000369102  2.058186E-16
1747.80000369251  2.054338E-16
1747.900003694  1.888393E-16
1748.00000369549  1.961754E-16
1748.10000369698  2.221491E-16
1748.20000369847  2.628426E-16
1748.30000369996  2.622964E-16
1748.40000370145  2.590162E-16
1748.50000370294  2.240207E-16
1748.60000370443  2.263326E-16
1748.70000370592  1.991600E-16
1748.80000370741  2.132760E-16
1748.9000037089  2.257361E-16
1749.00000371039  2.751674E-16
1749.10000371188  2.603549E-16
1749.20000371337  2.970777E-16
1749.30000371486  3.047386E-16
1749.40000371635  3.173653E-16
1749.50000371784  3.375752E-16
1749.60000371933  3.526240E-16
1749.70000372082  4.066322E-16
1749.80000372231  4.070249E-16
1749.9000037238  3.434423E-16
1750.00000372529  2.847560E-16
1750.10000372678  2.789446E-16
1750.20000372827  1.676043E-16
1750.30000372976  1.357765E-16
1750.40000373125  2.033717E-16
1750.50000373274  2.407013E-16
1750.60000373423  2.383819E-16
1750.70000373572  2.401248E-16
1750.80000373721  2.273829E-16
1750.9000037387  2.177042E-16
1751.00000374019  2.229057E-16
1751.10000374168  2.334050E-16
1751.20000374317  2.598506E-16
1751.30000374466  2.820543E-16
1751.40000374615  2.892862E-16
1751.50000374764  2.790570E-16
1751.60000374913  2.755432E-16
1751.70000375063  2.783922E-16
1751.80000375211  3.002086E-16
1751.90000375361  2.951494E-16
1752.0000037551  2.659980E-16
1752.10000375659  3.024272E-16
1752.20000375808  3.086790E-16
1752.30000375957  3.622741E-16
1752.40000376106  3.708560E-16
1752.50000376255  4.108028E-16
1752.60000376404  3.594853E-16
1752.70000376553  3.677241E-16
1752.80000376702  2.909551E-16
1752.90000376851  2.700542E-16
1753.00000377  2.589570E-16
1753.10000377149  2.587282E-16
1753.20000377298  2.359624E-16
1753.30000377447  2.426959E-16
1753.40000377596  2.648362E-16
1753.50000377745  2.595810E-16
1753.60000377894  2.625243E-16
1753.70000378043  2.774538E-16
1753.80000378192  2.732430E-16
1753.90000378341  2.387598E-16
1754.0000037849  2.452765E-16
1754.10000378639  2.555167E-16
1754.20000378788  2.191293E-16
1754.30000378937  1.710083E-16
1754.40000379086  1.631604E-16
1754.50000379235  1.487695E-16
1754.60000379384  1.468888E-16
1754.70000379533  1.639909E-16
1754.80000379682  2.069178E-16
1754.90000379831  2.342993E-16
1755.0000037998  2.562969E-16
1755.10000380129  2.574698E-16
1755.20000380278  2.618576E-16
1755.30000380427  2.589863E-16
1755.40000380576  2.593589E-16
1755.50000380725  2.430332E-16
1755.60000380874  2.519562E-16
1755.70000381023  2.273122E-16
1755.80000381172  2.485440E-16
1755.90000381321  2.169277E-16
1756.0000038147  1.978939E-16
1756.10000381619  1.638282E-16
1756.20000381768  1.760683E-16
1756.30000381917  1.506832E-16
1756.40000382066  1.845245E-16
1756.50000382215  2.095319E-16
1756.60000382364  2.031309E-16
1756.70000382513  1.682085E-16
1756.80000382662  1.376144E-16
1756.90000382811  1.242448E-16
1757.0000038296  1.159045E-16
1757.10000383109  1.457836E-16
1757.20000383258  1.928476E-16
1757.30000383407  2.308358E-16
1757.40000383556  2.284577E-16
1757.50000383705  2.285346E-16
1757.60000383854  2.251597E-16
1757.70000384003  2.238544E-16
1757.80000384152  2.246445E-16
1757.90000384301  2.540477E-16
1758.0000038445  2.625623E-16
1758.10000384599  2.894481E-16
1758.20000384748  3.078891E-16
1758.30000384897  2.976066E-16
1758.40000385046  2.886770E-16
1758.50000385195  2.816244E-16
1758.60000385344  2.718357E-16
1758.70000385493  2.831821E-16
1758.80000385642  2.949498E-16
1758.90000385791  2.704008E-16
1759.0000038594  2.737492E-16
1759.10000386089  2.658888E-16
1759.20000386238  2.486122E-16
1759.30000386387  2.453561E-16
1759.40000386536  2.623228E-16
1759.50000386685  2.764823E-16
1759.60000386834  2.682897E-16
1759.70000386983  2.620866E-16
1759.80000387132  2.525943E-16
1759.90000387281  2.500071E-16
1760.0000038743  2.394145E-16
1760.10000387579  2.292710E-16
1760.20000387728  2.037098E-16
1760.30000387877  2.153780E-16
1760.40000388027  2.219322E-16
1760.50000388176  2.225404E-16
1760.60000388325  2.565034E-16
1760.70000388474  3.101767E-16
1760.80000388623  3.156721E-16
1760.90000388772  3.274772E-16
1761.00000388921  3.433695E-16
1761.1000038907  3.326479E-16
1761.20000389219  2.906316E-16
1761.30000389368  2.779977E-16
1761.40000389517  2.529956E-16
1761.50000389666  2.498785E-16
1761.60000389815  2.447619E-16
1761.70000389964  2.371653E-16
1761.80000390113  2.271302E-16
1761.90000390262  2.156617E-16
1762.00000390411  2.129204E-16
1762.1000039056  2.276533E-16
1762.20000390709  2.415999E-16
1762.30000390858  2.235746E-16
1762.40000391007  2.468052E-16
1762.50000391156  2.294028E-16
1762.60000391305  1.954114E-16
1762.70000391454  2.090311E-16
1762.80000391603  2.467332E-16
1762.90000391752  2.655397E-16
1763.00000391901  2.688115E-16
1763.1000039205  2.955431E-16
1763.20000392199  2.796890E-16
1763.30000392348  2.832067E-16
1763.40000392497  2.555550E-16
1763.50000392646  2.587756E-16
1763.60000392795  2.399926E-16
1763.70000392944  2.458091E-16
1763.80000393093  2.325798E-16
1763.90000393242  2.284087E-16
1764.00000393391  2.942081E-16
1764.1000039354  3.063313E-16
1764.20000393689  2.695652E-16
1764.30000393838  2.933089E-16
1764.40000393987  2.777278E-16
1764.50000394136  2.054727E-16
1764.60000394285  3.841734E-17
1764.70000394434  4.352661E-16
1764.80000394583  -3.700742E-17
1764.90000394732  -6.851734E-17
1765.00000394881  -9.585723E-17
1765.1000039503  1.253674E-17
1765.20000395179  -4.015472E-16
1765.30000395328  2.235568E-17
1765.40000395477  5.660898E-17
1765.50000395626  9.615394E-17
1765.60000395775  2.260426E-16
1765.70000395924  2.548044E-16
1765.80000396073  2.814691E-16
1765.90000396222  2.933671E-16
1766.00000396371  2.982353E-16
1766.1000039652  2.854174E-16
1766.20000396669  3.334816E-16
1766.30000396818  3.890798E-16
1766.40000396967  2.805525E-16
1766.50000397116  2.677659E-16
1766.60000397265  5.020950E-16
1766.70000397414  4.821392E-16
1766.80000397563  4.160672E-16
1766.90000397712  5.328418E-16
1767.00000397861  5.394783E-16
1767.1000039801  2.426771E-16
1767.20000398159  2.496641E-16
1767.30000398308  2.615462E-16
1767.40000398457  2.544746E-16
1767.50000398606  2.542171E-16
1767.60000398755  2.615785E-16
1767.70000398904  2.589356E-16
1767.80000399053  2.766964E-16
1767.90000399202  2.897577E-16
1768.00000399351  2.872524E-16
1768.100003995  2.603054E-16
1768.20000399649  2.596470E-16
1768.30000399798  2.570328E-16
1768.40000399947  2.539199E-16
1768.50000400096  2.546140E-16
1768.60000400245  2.529906E-16
1768.70000400394  2.376948E-16
1768.80000400543  2.045192E-16
1768.90000400693  1.818009E-16
1769.00000400841  2.298512E-16
1769.10000400991  2.010479E-16
1769.2000040114  1.953856E-16
1769.30000401289  2.144720E-16
1769.40000401438  2.382799E-16
1769.50000401587  2.058865E-16
1769.60000401736  2.622397E-16
1769.70000401885  2.808326E-16
1769.80000402034  2.612952E-16
1769.90000402183  2.211077E-16
1770.00000402332  1.870307E-16
1770.10000402481  1.755343E-16
1770.2000040263  1.394657E-16
1770.30000402779  1.526515E-16
1770.40000402928  1.795558E-16
1770.50000403077  1.819643E-16
1770.60000403226  1.853793E-16
1770.70000403375  2.188253E-16
1770.80000403524  2.292861E-16
1770.90000403673  2.324408E-16
1771.00000403822  2.520190E-16
1771.10000403971  2.626937E-16
1771.2000040412  2.616077E-16
1771.30000404269  2.589732E-16
1771.40000404418  2.428151E-16
1771.50000404567  2.263374E-16
1771.60000404716  2.246074E-16
1771.70000404865  2.190863E-16
1771.80000405014  2.267642E-16
1771.90000405163  2.553648E-16
1772.00000405312  2.505592E-16
1772.10000405461  2.296470E-16
1772.2000040561  2.353571E-16
1772.30000405759  2.475107E-16
1772.40000405908  2.298549E-16
1772.50000406057  2.317623E-16
1772.60000406206  2.287061E-16
1772.70000406355  1.873326E-16
1772.80000406504  1.825013E-16
1772.90000406653  1.900823E-16
1773.00000406802  1.707346E-16
1773.10000406951  1.829206E-16
1773.200004071  2.086187E-16
1773.30000407249  1.551207E-16
1773.40000407398  1.377848E-16
1773.50000407547  1.599917E-16
1773.60000407696  1.310376E-16
1773.70000407845  1.260557E-16
1773.80000407994  1.501899E-16
1773.90000408143  1.602501E-16
1774.00000408292  1.707152E-16
1774.10000408441  1.927927E-16
1774.2000040859  1.955413E-16
1774.30000408739  1.962536E-16
1774.40000408888  2.026218E-16
1774.50000409037  2.092294E-16
1774.60000409186  2.072911E-16
1774.70000409335  1.934542E-16
1774.80000409484  1.988442E-16
1774.90000409633  1.940117E-16
1775.00000409782  1.728758E-16
1775.10000409931  1.810034E-16
1775.2000041008  1.996955E-16
1775.30000410229  1.838885E-16
1775.40000410378  1.670256E-16
1775.50000410527  1.701875E-16
1775.60000410676  1.614740E-16
1775.70000410825  1.588022E-16
1775.80000410974  1.732575E-16
1775.90000411123  1.731195E-16
1776.00000411272  1.548349E-16
1776.10000411421  1.430450E-16
1776.2000041157  1.450764E-16
1776.30000411719  1.222680E-16
1776.40000411868  1.623487E-16
1776.50000412017  1.817967E-16
1776.60000412166  1.987493E-16
1776.70000412315  2.106846E-16
1776.80000412464  2.335470E-16
1776.90000412613  2.105686E-16
1777.00000412762  2.190844E-16
1777.10000412911  2.135368E-16
1777.2000041306  2.074182E-16
1777.30000413209  2.257099E-16
1777.40000413358  2.273993E-16
1777.50000413507  2.009433E-16
1777.60000413657  2.014197E-16
1777.70000413806  2.037825E-16
1777.80000413955  1.670373E-16
1777.90000414104  1.545632E-16
1778.00000414253  1.533756E-16
1778.10000414402  1.152864E-16
1778.20000414551  1.067379E-16
1778.300004147  1.160249E-16
1778.40000414849  1.188393E-16
1778.50000414998  1.480668E-16
1778.60000415147  2.087186E-16
1778.70000415296  2.184247E-16
1778.80000415445  2.504684E-16
1778.90000415594  2.621530E-16
1779.00000415743  2.486442E-16
1779.10000415892  2.314185E-16
1779.20000416041  2.198914E-16
1779.3000041619  1.869261E-16
1779.40000416339  1.864822E-16
1779.50000416488  2.072609E-16
1779.60000416637  2.140783E-16
1779.70000416786  2.461282E-16
1779.80000416935  2.671178E-16
1779.90000417084  2.744814E-16
1780.00000417233  2.395198E-16
1780.10000417382  2.257389E-16
1780.20000417531  1.517351E-16
1780.3000041768  1.286484E-16
1780.40000417829  5.182472E-17
1780.50000417978  5.676847E-17
1780.60000418127  8.975182E-18
1780.70000418276  4.453580E-17
1780.80000418425  2.670645E-17
1780.90000418574  6.333799E-17
1781.00000418723  6.247732E-17
1781.10000418872  1.349489E-16
1781.20000419021  1.358404E-16
1781.3000041917  1.710856E-16
1781.40000419319  1.760487E-16
1781.50000419468  2.010015E-16
1781.60000419617  1.813364E-16
1781.70000419766  1.816230E-16
1781.80000419915  1.971521E-16
1781.90000420064  2.308886E-16
1782.00000420213  2.398376E-16
1782.10000420362  2.545693E-16
1782.20000420511  2.867685E-16
1782.3000042066  3.024109E-16
1782.40000420809  3.135836E-16
1782.50000420958  2.747259E-16
1782.60000421107  2.546633E-16
1782.70000421256  2.422543E-16
1782.80000421405  2.306664E-16
1782.90000421554  2.174284E-16
1783.00000421703  2.622642E-16
