5860.470  3.6779e-19
5861.829  1.1673e-18
5863.187  1.2665e-18
5864.546  4.0160e-19
5865.905  1.1728e-18
5867.263  5.1116e-19
5868.622  1.4160e-18
5869.981  2.0406e-18
5871.339  2.4118e-18
5872.698  2.5633e-18
5874.057  2.4231e-18
5875.416  2.1003e-18
5876.774  2.6810e-19
5878.133  9.9365e-19
5879.492  2.3029e-18
5880.851  1.0714e-18
5882.209  3.6580e-19
5883.568  1.7864e-19
5884.927  1.3249e-18
5886.286  1.3510e-18
5887.644  2.3661e-18
5889.003  3.1747e-18
5890.362  1.9006e-18
5891.720  2.5659e-18
5893.079  2.4786e-18
5894.438  1.8555e-18
5895.796  1.8740e-18
5897.155  1.3583e-18
5898.514  4.2117e-19
5899.873  1.8811e-18
5901.231  2.1268e-18
5902.590  1.3977e-18
5903.949  1.8511e-18
5905.308  1.7448e-18
5906.666  1.2314e-18
5908.025  2.1779e-18
5909.384  2.5583e-18
5910.742  1.6851e-18
5912.101  1.0126e-18
5913.460  1.2700e-18
5914.818  1.2622e-18
5916.177  2.2434e-18
5917.536  1.8403e-18
5918.895  1.4101e-18
5920.253  1.6391e-18
5921.612  1.8453e-18
5922.971  1.7466e-18
5924.330  1.6901e-18
5925.688  2.3412e-18
5927.047  1.0197e-18
5928.406  1.1867e-18
5929.765  1.3916e-18
5931.123  1.8382e-18
5932.482  2.0165e-18
5933.840  1.3370e-18
5935.199  1.5950e-18
5936.558  7.6586e-19
5937.917  1.2050e-18
5939.275  8.2667e-19
5940.634  1.2515e-18
5941.993  2.1816e-18
5943.352  1.7884e-18
5944.710  1.4675e-18
5946.069  2.7582e-19
5947.428  1.0371e-18
5948.787  1.8824e-18
5950.145  1.2510e-18
5951.504  2.3686e-18
5952.863  2.2868e-18
5954.221  1.1155e-18
5955.580  6.0689e-19
5956.939  1.2641e-18
5958.297  1.7275e-18
5959.656  2.1463e-18
5961.015  2.1673e-18
5962.374  2.1252e-18
5963.732  2.1375e-18
5965.091  1.8719e-18
5966.450  1.7044e-18
5967.809  1.9981e-18
5969.167  9.1579e-19
5970.526  1.4271e-18
5971.885  2.0556e-18
5973.243  1.4831e-18
5974.602  9.4777e-19
5975.961  1.1130e-18
5977.319  1.4525e-18
5978.678  2.0869e-18
5980.037  1.9731e-18
5981.396  2.1850e-18
5982.754  1.9085e-18
5984.113  7.3878e-19
5985.472  1.6339e-18
5986.831  1.9008e-18
5988.189  2.2796e-18
5989.548  1.6751e-18
5990.907  1.8167e-18
5992.266  2.2340e-18
5993.624  2.1128e-18
5994.983  2.3619e-18
5996.342  2.5167e-18
5997.700  1.2193e-18
5999.059  1.5368e-18
6000.418  2.8120e-18
6001.776  2.2363e-18
6003.135  1.4237e-18
6004.494  1.5983e-18
6005.853  1.7624e-18
6007.211  2.0074e-18
6008.570  1.4890e-18
6009.929  1.1849e-18
6011.288  6.5209e-19
6012.646  1.7251e-18
6014.005  2.1223e-18
6015.364  1.5595e-18
6016.722  1.3671e-18
6018.081  2.0444e-18
6019.440  1.5262e-18
6020.798  1.4561e-18
6022.157  2.5851e-18
6023.516  1.4123e-18
6024.875  1.9510e-18
6026.233  1.6856e-18
6027.592  2.1511e-18
6028.951  1.8676e-18
6030.310  1.9877e-18
6031.668  3.0099e-18
6033.027  1.4003e-18
6034.386  2.0540e-18
6035.745  2.0628e-18
6037.103  2.1921e-18
6038.462  2.0339e-18
6039.821  1.8244e-18
6041.179  1.6095e-18
6042.538  2.0767e-18
6043.897  2.3634e-18
6045.255  1.1143e-18
6046.614  1.4844e-18
6047.973  2.5557e-18
6049.332  2.3441e-18
6050.690  2.3468e-18
6052.049  2.0002e-18
6053.408  2.1060e-18
6054.767  2.4174e-18
6056.125  2.7128e-18
6057.484  2.5612e-18
6058.843  1.6947e-18
6060.201  2.2246e-18
6061.560  2.1939e-18
6062.919  1.7261e-18
6064.277  1.5221e-18
6065.636  1.9802e-18
6066.995  2.4788e-18
6068.354  1.8375e-18
6069.712  2.0010e-18
6071.071  2.4312e-18
6072.430  2.2606e-18
6073.789  2.3383e-18
6075.147  2.8302e-18
6076.506  2.5548e-18
6077.865  2.2091e-18
6079.224  2.5194e-18
6080.582  2.3590e-18
6081.941  2.8794e-18
6083.300  2.7386e-18
6084.658  2.2803e-18
6086.017  2.0907e-18
6087.376  1.5700e-18
6088.734  1.7711e-18
6090.093  1.7176e-18
6091.452  2.2667e-18
6092.811  1.8157e-18
6094.169  2.6755e-18
6095.528  3.0018e-18
6096.887  2.5728e-18
6098.246  1.7951e-18
6099.604  2.5462e-18
6100.963  2.4553e-18
6102.322  2.9776e-18
6103.680  2.6082e-18
6105.039  2.2703e-18
6106.398  2.7945e-18
6107.756  2.5316e-18
6109.115  2.8789e-18
6110.474  2.8862e-18
6111.833  2.5446e-18
6113.191  3.1001e-18
6114.550  2.6373e-18
6115.909  2.1017e-18
6117.268  1.8890e-18
6118.626  1.5919e-18
6119.985  1.8382e-18
6121.344  1.9370e-18
6122.703  2.0981e-18
6124.061  2.0669e-18
6125.420  2.8226e-18
6126.779  2.9910e-18
6128.137  2.6003e-18
6129.496  2.5520e-18
6130.855  2.6210e-18
6132.213  1.9753e-18
6133.572  2.3456e-18
6134.931  2.2266e-18
6136.290  2.5063e-18
6137.648  2.4095e-18
6139.007  1.9657e-18
6140.366  2.0680e-18
6141.725  1.6730e-18
6143.083  2.6614e-18
6144.442  2.7771e-18
6145.801  3.1623e-18
6147.159  2.6843e-18
6148.518  1.8399e-18
6149.877  2.2943e-18
6151.235  2.2677e-18
6152.594  2.1352e-18
6153.953  2.2988e-18
6155.312  2.3227e-18
6156.670  2.4501e-18
6158.029  2.6281e-18
6159.388  2.6266e-18
6160.747  2.5844e-18
6162.105  3.1197e-18
6163.464  2.9522e-18
6164.823  2.4805e-18
6166.182  2.0789e-18
6167.540  2.4738e-18
6168.899  2.7105e-18
6170.258  2.6800e-18
6171.616  2.8169e-18
6172.975  2.4010e-18
6174.333  2.6081e-18
6175.692  1.9114e-18
6177.051  1.8343e-18
6178.410  1.9747e-18
6179.769  1.8580e-18
6181.127  2.2825e-18
6182.486  2.0932e-18
6183.845  2.0035e-18
6185.204  2.2538e-18
6186.562  1.6233e-18
6187.921  2.1410e-18
6189.280  2.8695e-18
6190.638  1.8800e-18
6191.997  2.2289e-18
6193.356  2.0261e-18
6194.714  2.4006e-18
6196.073  2.5798e-18
6197.432  2.4792e-18
6198.791  2.9426e-18
6200.149  2.6704e-18
6201.508  2.6619e-18
6202.867  2.3416e-18
6204.226  1.9187e-18
6205.584  2.2357e-18
6206.943  2.2269e-18
6208.302  1.3656e-18
6209.661  2.1637e-18
6211.019  2.8129e-18
6212.378  2.4759e-18
6213.736  2.2009e-18
6215.095  2.3426e-18
6216.454  2.2525e-18
6217.812  2.7110e-18
6219.171  2.0175e-18
6220.530  2.0822e-18
6221.889  2.1733e-18
6223.248  2.6087e-18
6224.606  2.3607e-18
6225.965  1.4461e-18
6227.324  1.9898e-18
6228.683  2.3753e-18
6230.041  1.7918e-18
6231.400  2.3057e-18
6232.759  2.4222e-18
6234.117  2.4078e-18
6235.476  2.0348e-18
6236.835  2.5981e-18
6238.193  2.2503e-18
6239.552  1.4339e-18
6240.911  1.5448e-18
6242.270  1.8954e-18
6243.628  1.9302e-18
6244.987  1.2725e-18
6246.346  1.6897e-18
6247.705  2.3939e-18
6249.063  2.2210e-18
6250.422  1.7027e-18
6251.781  2.1555e-18
6253.139  2.5268e-18
6254.498  2.3025e-18
6255.857  2.6529e-18
6257.215  1.8835e-18
6258.574  1.4177e-18
6259.933  1.5584e-18
6261.292  2.1290e-18
6262.650  1.6742e-18
6264.009  2.2795e-18
6265.368  2.4724e-18
6266.727  2.0039e-18
6268.085  1.6912e-18
6269.444  1.3862e-18
6270.803  1.5014e-18
6272.162  2.7383e-18
6273.520  2.6301e-18
6274.879  2.0847e-18
6276.238  1.6615e-18
6277.596  1.9302e-18
6278.955  2.2214e-18
6280.314  2.4856e-18
6281.672  2.1555e-18
6283.031  1.9107e-18
6284.390  2.3637e-18
6285.749  2.0640e-18
6287.107  1.4629e-18
6288.466  1.5651e-18
6289.825  1.4769e-18
6291.184  1.7446e-18
6292.542  2.0741e-18
6293.901  2.0316e-18
6295.260  2.3065e-18
6296.618  2.4992e-18
6297.977  2.3061e-18
6299.336  2.0283e-18
6300.694  2.0611e-18
6302.053  1.8223e-18
6303.412  1.9320e-18
6304.771  2.5676e-18
6306.129  2.1317e-18
6307.488  1.2447e-18
6308.847  1.8716e-18
6310.206  2.3519e-18
6311.564  1.4174e-18
6312.923  1.8099e-18
6314.282  1.9102e-18
6315.641  1.8505e-18
6316.999  2.3905e-18
6318.358  1.7491e-18
6319.717  1.1161e-18
6321.075  1.6918e-18
6322.434  1.6562e-18
6323.793  8.1964e-19
6325.151  1.7485e-18
6326.510  1.9767e-18
6327.869  1.4985e-18
6329.228  2.5686e-18
6330.586  2.4054e-18
6331.945  2.1598e-18
6333.304  2.0918e-18
6334.663  2.4772e-18
6336.021  2.1629e-18
6337.380  2.2157e-18
6338.739  2.4287e-18
6340.097  2.0643e-18
6341.456  2.2868e-18
6342.815  1.8542e-18
6344.173  1.2388e-18
6345.532  1.7312e-18
6346.891  2.0134e-18
6348.250  1.9732e-18
6349.608  1.7972e-18
6350.967  1.9914e-18
6352.326  1.6500e-18
6353.685  1.6341e-18
6355.043  1.4025e-18
6356.402  2.1827e-18
6357.761  1.4382e-18
6359.120  1.7450e-18
6360.478  1.8388e-18
6361.837  1.9370e-18
6363.196  1.6130e-18
6364.554  1.9531e-18
6365.913  1.7471e-18
6367.272  1.6931e-18
6368.630  1.9323e-18
6369.989  1.3512e-18
6371.348  1.7649e-18
6372.707  1.5921e-18
6374.065  1.9849e-18
6375.424  1.8487e-18
6376.783  2.4616e-18
6378.142  1.6657e-18
6379.500  1.1044e-18
6380.859  1.6869e-18
6382.218  1.6600e-18
6383.576  1.7421e-18
6384.935  1.8027e-18
6386.294  1.4679e-18
6387.652  1.6589e-18
6389.011  1.8764e-18
6390.370  1.6321e-18
6391.729  1.6085e-18
6393.087  1.6578e-18
6394.446  1.9357e-18
6395.805  1.5317e-18
6397.164  1.6573e-18
6398.522  1.8163e-18
6399.881  1.8532e-18
6401.240  1.2752e-18
6402.599  1.9956e-18
6403.957  2.4205e-18
6405.316  2.6930e-18
6406.675  1.9298e-18
6408.033  1.7715e-18
6409.392  2.2709e-18
6410.751  2.4862e-18
6412.109  1.8107e-18
6413.468  1.7545e-18
6414.827  2.1554e-18
6416.186  2.0404e-18
6417.544  2.0957e-18
6418.903  2.4041e-18
6420.262  1.9044e-18
6421.621  2.0644e-18
6422.979  2.5236e-18
6424.338  2.1757e-18
6425.697  2.7139e-18
6427.055  2.3646e-18
6428.414  1.8040e-18
6429.773  1.7919e-18
6431.131  1.3672e-18
6432.490  1.3079e-18
6433.849  2.0751e-18
6435.208  2.0356e-18
6436.566  2.0303e-18
6437.925  2.2691e-18
6439.284  2.2050e-18
6440.643  2.1217e-18
6442.001  1.9589e-18
6443.360  2.4065e-18
6444.719  2.4164e-18
6446.078  2.3496e-18
6447.436  2.5897e-18
6448.795  2.0742e-18
6450.154  1.8793e-18
6451.512  1.9661e-18
6452.871  2.2848e-18
6454.229  2.3878e-18
6455.588  1.6753e-18
6456.947  2.0984e-18
6458.306  2.8377e-18
6459.665  2.5096e-18
6461.023  2.2081e-18
6462.382  1.9448e-18
6463.741  1.8913e-18
6465.100  2.0899e-18
6466.458  1.9322e-18
6467.817  2.2494e-18
6469.176  2.1438e-18
6470.534  2.4813e-18
6471.893  2.6575e-18
6473.252  2.3826e-18
6474.610  2.1851e-18
6475.969  2.0744e-18
6477.328  1.6795e-18
6478.687  1.8369e-18
6480.045  2.0823e-18
6481.404  1.4638e-18
6482.763  2.0033e-18
6484.122  2.5791e-18
6485.480  1.8442e-18
6486.839  1.8596e-18
6488.198  2.2870e-18
6489.557  2.1771e-18
6490.915  2.5185e-18
6492.274  2.4474e-18
6493.632  1.9245e-18
6494.991  2.0536e-18
6496.350  2.3558e-18
6497.708  2.4680e-18
6499.067  2.0594e-18
6500.426  2.1750e-18
6501.785  2.7204e-18
6503.144  2.3639e-18
6504.502  2.6083e-18
6505.861  2.1958e-18
6507.220  1.7585e-18
6508.579  2.3413e-18
6509.937  2.0119e-18
6511.296  1.9852e-18
6512.655  1.4381e-18
6514.013  1.2061e-18
6515.372  1.7478e-18
6516.731  2.2038e-18
6518.089  2.0607e-18
6519.448  2.1274e-18
6520.807  2.1783e-18
6522.166  2.0360e-18
6523.524  2.2744e-18
6524.883  2.3331e-18
6526.242  2.0760e-18
6527.601  2.2999e-18
6528.959  2.1538e-18
6530.318  1.7464e-18
6531.677  2.5126e-18
6533.035  3.0934e-18
6534.394  2.4125e-18
6535.753  1.9896e-18
6537.111  1.3978e-18
6538.470  1.3596e-18
6539.829  1.6375e-18
6541.188  1.6654e-18
6542.546  2.2249e-18
6543.905  2.0671e-18
6545.264  2.5948e-18
6546.623  2.5684e-18
6547.981  2.1447e-18
6549.340  1.4768e-18
6550.699  1.7191e-18
6552.058  1.8015e-18
6553.416  2.4802e-18
6554.775  2.4801e-18
6556.134  2.2698e-18
6557.492  2.0597e-18
6558.851  2.1711e-18
6560.210  2.4235e-18
6561.568  1.7283e-18
6562.927  1.9960e-18
6564.286  2.3865e-18
6565.645  1.9055e-18
6567.003  1.9162e-18
6568.362  1.9475e-18
6569.721  1.6712e-18
6571.080  1.5312e-18
6572.438  2.0976e-18
6573.797  1.2344e-18
6575.156  1.9777e-18
6576.514  2.2591e-18
6577.873  1.7012e-18
6579.232  1.7919e-18
6580.590  1.9235e-18
6581.949  2.2023e-18
6583.308  2.1658e-18
6584.667  1.8772e-18
6586.025  2.0669e-18
6587.384  2.4699e-18
6588.743  1.8346e-18
6590.102  1.9019e-18
6591.460  2.0749e-18
6592.819  2.5153e-18
6594.178  2.7766e-18
6595.537  1.6972e-18
6596.895  2.2362e-18
6598.254  2.0736e-18
6599.613  2.1307e-18
6600.971  2.3468e-18
6602.330  2.3350e-18
6603.689  2.7241e-18
6605.047  2.6135e-18
6606.406  1.9726e-18
6607.765  2.1433e-18
6609.124  2.1466e-18
6610.482  2.3521e-18
6611.841  2.2979e-18
6613.200  2.4373e-18
6614.559  2.7528e-18
6615.917  2.0896e-18
6617.276  1.8723e-18
6618.635  2.4365e-18
6619.993  1.7725e-18
6621.352  1.8558e-18
6622.711  2.2544e-18
6624.069  2.3430e-18
6625.428  2.0817e-18
6626.787  2.2500e-18
6628.146  1.7541e-18
6629.504  1.6475e-18
6630.863  2.0002e-18
6632.222  1.7464e-18
6633.581  2.3269e-18
6634.939  1.4245e-18
6636.298  1.4132e-18
6637.657  2.0146e-18
6639.016  2.2564e-18
6640.374  2.0992e-18
6641.733  1.7601e-18
6643.092  2.5601e-18
6644.450  1.8359e-18
6645.809  1.7201e-18
6647.168  1.6471e-18
6648.526  1.9208e-18
6649.885  1.9919e-18
6651.244  2.0860e-18
6652.603  1.8603e-18
6653.961  2.1038e-18
6655.320  2.6037e-18
6656.679  1.7693e-18
6658.038  1.8022e-18
6659.396  1.4713e-18
6660.755  1.6601e-18
6662.114  1.9775e-18
6663.472  2.5924e-18
6664.831  1.7153e-18
6666.190  2.1144e-18
6667.548  1.7447e-18
6668.907  2.1879e-18
6670.266  2.5118e-18
6671.625  1.8419e-18
6672.983  2.1827e-18
6674.342  1.9744e-18
6675.701  1.7119e-18
6677.060  1.8023e-18
6678.418  2.0634e-18
6679.777  2.2678e-18
6681.136  2.1085e-18
6682.495  1.9552e-18
6683.853  1.7088e-18
6685.212  1.8065e-18
6686.571  1.6503e-18
6687.929  2.1048e-18
6689.288  1.9365e-18
6690.647  2.2576e-18
6692.005  2.4827e-18
6693.364  1.9392e-18
6694.723  1.9459e-18
6696.082  2.0907e-18
6697.440  1.9409e-18
6698.799  2.3985e-18
6700.158  2.1175e-18
6701.517  1.6634e-18
6702.875  1.8960e-18
6704.234  2.2158e-18
6705.593  2.1575e-18
6706.951  1.8357e-18
6708.310  1.9466e-18
6709.669  1.7546e-18
6711.027  1.8510e-18
6712.386  1.9802e-18
6713.745  1.9342e-18
6715.104  2.1400e-18
6716.462  2.0434e-18
6717.821  2.1288e-18
6719.180  1.6370e-18
6720.539  1.3219e-18
6721.897  1.8742e-18
6723.256  1.7481e-18
6724.615  1.6154e-18
6725.974  1.9358e-18
6727.332  2.3721e-18
6728.691  2.4215e-18
6730.050  2.3500e-18
6731.408  1.5803e-18
6732.767  1.8001e-18
6734.125  1.8291e-18
6735.484  1.8048e-18
6736.843  1.9860e-18
6738.202  1.8101e-18
6739.561  1.7143e-18
6740.919  2.3367e-18
6742.278  2.6219e-18
6743.637  2.6879e-18
6744.996  1.9303e-18
6746.354  1.7359e-18
6747.713  2.0049e-18
6749.072  1.9198e-18
6750.430  1.6162e-18
6751.789  1.3834e-18
6753.148  1.4812e-18
6754.506  1.6802e-18
6755.865  1.8663e-18
6757.224  2.3408e-18
6758.583  1.8263e-18
6759.941  1.8789e-18
6761.300  1.9165e-18
6762.659  2.2338e-18
6764.018  1.6511e-18
6765.376  1.6560e-18
6766.735  2.2192e-18
6768.094  1.8472e-18
6769.453  1.2960e-18
6770.811  1.4894e-18
6772.170  1.4940e-18
6773.528  1.8190e-18
6774.887  1.7656e-18
6776.246  2.2728e-18
6777.604  2.1592e-18
6778.963  1.5873e-18
6780.322  1.8379e-18
6781.681  2.0192e-18
6783.040  2.0889e-18
6784.398  1.9288e-18
6785.757  1.8408e-18
6787.116  1.9527e-18
6788.475  1.9635e-18
6789.833  2.2697e-18
6791.192  1.6945e-18
6792.551  1.6361e-18
6793.909  2.0207e-18
6795.268  1.7244e-18
6796.627  1.3619e-18
6797.985  1.8502e-18
6799.344  1.5875e-18
6800.703  2.1002e-18
6802.062  2.5252e-18
6803.420  2.2802e-18
6804.779  2.1037e-18
6806.138  2.1569e-18
6807.497  2.0929e-18
6808.855  2.0606e-18
6810.214  2.2919e-18
6811.573  1.9025e-18
6812.931  2.0009e-18
6814.290  1.6551e-18
6815.649  1.8025e-18
6817.007  1.7954e-18
6818.366  1.5377e-18
6819.725  1.7308e-18
6821.083  1.6288e-18
6822.442  2.1661e-18
6823.801  2.1310e-18
6825.160  1.4424e-18
6826.519  1.7451e-18
6827.877  2.3215e-18
6829.236  2.1184e-18
6830.595  2.0552e-18
6831.954  2.0204e-18
6833.312  2.2233e-18
6834.671  2.4449e-18
6836.030  2.4404e-18
6837.388  1.9250e-18
6838.747  2.0859e-18
6840.106  2.1056e-18
6841.464  1.4584e-18
6842.823  1.3751e-18
6844.182  1.9927e-18
6845.541  2.3415e-18
6846.899  2.0689e-18
6848.258  1.9058e-18
6849.617  2.3225e-18
6850.976  2.3801e-18
6852.334  2.6126e-18
6853.693  2.2409e-18
6855.052  2.1659e-18
6856.410  2.0952e-18
6857.769  2.0256e-18
6859.128  2.0313e-18
6860.486  1.6172e-18
6861.845  1.5995e-18
6863.204  1.9368e-18
6864.562  1.8076e-18
6865.921  2.0812e-18
6867.280  1.9338e-18
6868.639  1.0947e-18
6869.998  8.3236e-19
6871.356  1.0948e-18
6872.715  1.3037e-18
6874.074  1.4048e-18
6875.433  1.1308e-18
6876.791  1.3823e-18
6878.150  1.8644e-18
6879.509  1.7412e-18
6880.867  2.0304e-18
6882.226  1.7086e-18
6883.585  1.4881e-18
6884.943  1.8612e-18
6886.302  1.5074e-18
6887.661  1.7438e-18
6889.020  1.7753e-18
6890.378  1.3366e-18
6891.737  1.6678e-18
6893.096  1.5390e-18
6894.455  1.3290e-18
6895.813  1.5462e-18
6897.172  1.5687e-18
6898.531  1.6379e-18
6899.889  1.7157e-18
6901.248  1.8560e-18
6902.607  1.8825e-18
6903.965  1.3085e-18
6905.324  1.8979e-18
6906.683  1.7881e-18
6908.042  1.7497e-18
6909.400  1.7575e-18
6910.759  2.2088e-18
6912.118  1.4598e-18
6913.477  1.2150e-18
6914.835  1.6609e-18
6916.194  1.0590e-18
6917.553  1.4799e-18
6918.912  1.9060e-18
6920.270  1.6157e-18
6921.629  1.1481e-18
6922.988  1.0444e-18
6924.346  2.5759e-18
6925.705  2.0413e-18
6927.064  1.5226e-18
6928.422  1.7711e-18
6929.781  1.7679e-18
6931.140  1.4088e-18
6932.499  1.7780e-18
6933.857  2.2986e-18
6935.216  2.1395e-18
6936.575  1.1323e-18
6937.934  1.4855e-18
6939.292  1.5343e-18
6940.651  1.7073e-18
6942.010  1.5681e-18
6943.368  1.2937e-18
6944.727  1.2241e-18
6946.086  1.6161e-18
6947.444  2.2983e-18
6948.803  1.8784e-18
6950.162  1.6499e-18
6951.521  1.9229e-18
6952.879  1.7026e-18
6954.238  1.5513e-18
6955.597  1.7277e-18
6956.956  1.0581e-18
6958.314  1.4794e-18
6959.673  1.7193e-18
6961.032  1.8619e-18
6962.391  1.7205e-18
6963.749  2.0803e-18
6965.108  1.5333e-18
6966.467  1.3545e-18
6967.825  1.4241e-18
6969.184  1.9446e-18
6970.543  1.6033e-18
6971.901  1.2868e-18
6973.260  1.4510e-18
6974.619  2.2546e-18
6975.978  2.0740e-18
6977.336  1.1071e-18
6978.695  1.1435e-18
6980.054  1.9529e-18
6981.413  1.5163e-18
6982.771  1.4238e-18
6984.130  1.7234e-18
6985.489  1.0969e-18
6986.847  1.3888e-18
6988.206  1.6102e-18
6989.565  1.9374e-18
6990.923  2.1267e-18
6992.282  1.7235e-18
6993.641  1.4158e-18
6995.000  2.0912e-18
6996.358  1.4854e-18
6997.717  1.5743e-18
6999.076  1.7358e-18
7000.435  1.4488e-18
7001.793  1.8208e-18
7003.152  1.8881e-18
7004.511  1.4242e-18
7005.870  1.9046e-18
7007.228  1.7975e-18
7008.587  1.6349e-18
7009.946  1.4100e-18
7011.304  1.8369e-18
7012.663  1.6922e-18
7014.021  1.9512e-18
7015.380  1.3851e-18
7016.739  1.5728e-18
7018.098  1.5923e-18
7019.457  1.7122e-18
7020.815  1.4814e-18
7022.174  1.6519e-18
7023.533  2.1151e-18
7024.892  1.9129e-18
7026.250  1.5552e-18
7027.609  2.1754e-18
7028.968  1.5863e-18
7030.326  1.4310e-18
7031.685  1.6583e-18
7033.044  1.3137e-18
7034.402  1.8716e-18
7035.761  1.8464e-18
7037.120  1.4201e-18
7038.479  1.3279e-18
7039.837  1.5915e-18
7041.196  1.5028e-18
7042.555  1.5544e-18
7043.914  1.7187e-18
7045.272  1.7249e-18
7046.631  2.0505e-18
7047.990  1.7975e-18
7049.349  1.4356e-18
7050.707  1.3438e-18
7052.066  9.9321e-19
7053.424  1.3928e-18
7054.783  1.5336e-18
7056.142  1.5466e-18
7057.500  1.3998e-18
7058.859  1.7361e-18
7060.218  1.9547e-18
7061.577  1.9465e-18
7062.936  1.7588e-18
7064.294  1.7322e-18
7065.653  2.2683e-18
7067.012  1.8246e-18
7068.371  1.4980e-18
7069.729  1.5503e-18
7071.088  1.1350e-18
7072.447  1.6465e-18
7073.805  1.7726e-18
7075.164  1.8765e-18
7076.523  2.1261e-18
7077.881  1.9797e-18
7079.240  1.6423e-18
7080.599  9.6035e-19
7081.958  1.3153e-18
7083.316  1.5703e-18
7084.675  2.0494e-18
7086.034  1.4569e-18
7087.393  1.6981e-18
7088.751  2.1891e-18
7090.110  1.7009e-18
7091.469  1.1333e-18
7092.827  1.4736e-18
7094.186  1.8227e-18
7095.545  1.5056e-18
7096.903  1.7352e-18
7098.262  1.4477e-18
7099.621  1.9948e-18
7100.979  1.9334e-18
7102.338  1.5820e-18
7103.697  1.5151e-18
7105.056  1.5987e-18
7106.415  1.7498e-18
7107.773  1.8911e-18
7109.132  1.3844e-18
7110.491  1.7428e-18
7111.850  1.7208e-18
7113.208  1.7518e-18
7114.567  1.6220e-18
7115.926  1.7585e-18
7117.284  1.8521e-18
7118.643  1.5611e-18
7120.002  1.8413e-18
7121.360  2.1070e-18
7122.719  1.8351e-18
7124.078  1.9878e-18
7125.437  1.7965e-18
7126.795  1.9224e-18
7128.154  1.4894e-18
7129.513  1.7710e-18
7130.872  1.8275e-18
7132.230  1.2215e-18
7133.589  1.3599e-18
7134.948  1.7745e-18
7136.306  1.2741e-18
7137.665  1.7849e-18
7139.024  1.8619e-18
7140.382  1.7453e-18
7141.741  2.0129e-18
7143.100  1.8281e-18
7144.458  1.2859e-18
7145.817  1.2891e-18
7147.176  1.8105e-18
7148.535  1.8030e-18
7149.894  1.6717e-18
7151.252  1.4674e-18
7152.611  1.8085e-18
7153.970  1.8172e-18
7155.329  2.0669e-18
7156.687  1.7072e-18
7158.046  1.8122e-18
7159.405  1.7243e-18
7160.763  1.9905e-18
7162.122  2.1750e-18
7163.481  1.2291e-18
7164.839  1.2492e-18
7166.198  1.7205e-18
7167.557  1.5048e-18
7168.916  1.5579e-18
7170.274  1.9029e-18
7171.633  1.7675e-18
7172.992  1.9820e-18
7174.351  2.2410e-18
7175.709  1.7173e-18
7177.068  1.4839e-18
7178.427  2.5328e-18
7179.785  2.0847e-18
7181.144  1.5087e-18
7182.503  1.5839e-18
7183.861  2.2021e-18
7185.220  2.1508e-18
7186.579  1.7876e-18
7187.938  1.5831e-18
7189.296  1.5950e-18
7190.655  1.5871e-18
7192.014  1.9252e-18
7193.373  1.7944e-18
7194.731  2.1549e-18
7196.090  1.5457e-18
7197.449  1.4762e-18
7198.808  1.3875e-18
7200.166  1.0458e-18
7201.525  1.6799e-18
7202.884  1.6269e-18
7204.242  1.6197e-18
7205.601  1.4691e-18
7206.960  1.6992e-18
7208.318  1.9949e-18
7209.677  1.5823e-18
7211.036  1.8369e-18
7212.395  1.6378e-18
7213.753  1.5000e-18
7215.112  2.0185e-18
7216.471  1.7720e-18
7217.830  1.6994e-18
7219.188  1.7728e-18
7220.547  1.2128e-18
7221.906  1.3446e-18
7223.264  1.7180e-18
7224.623  1.6435e-18
7225.982  1.7609e-18
7227.340  1.7220e-18
7228.699  1.4481e-18
7230.058  1.6213e-18
7231.417  1.5998e-18
7232.775  1.6232e-18
7234.134  2.4353e-18
7235.493  2.3130e-18
7236.852  1.8853e-18
7238.210  1.0122e-18
7239.569  8.3225e-19
7240.928  9.8722e-19
7242.287  1.1562e-18
7243.645  1.2633e-18
7245.004  1.6936e-18
7246.363  2.3593e-18
7247.721  1.3569e-18
7249.080  1.3205e-18
7250.439  1.8534e-18
7251.797  1.1815e-18
7253.156  1.6428e-18
7254.515  1.8320e-18
7255.874  1.3998e-18
7257.232  1.5529e-18
7258.591  1.7685e-18
7259.950  1.8588e-18
7261.309  1.4483e-18
7262.667  1.3302e-18
7264.026  1.4745e-18
7265.385  1.6246e-18
7266.743  1.5723e-18
7268.102  1.5877e-18
7269.461  1.5839e-18
7270.819  1.1244e-18
7272.178  1.4543e-18
7273.537  2.5797e-18
7274.896  2.2954e-18
7276.254  1.4511e-18
7277.613  2.2358e-18
7278.972  2.8440e-18
7280.331  1.9861e-18
7281.689  6.5979e-19
7283.048  9.4341e-19
7284.407  1.9295e-18
7285.766  1.6483e-18
7287.124  1.6226e-18
7288.483  2.1094e-18
7289.842  2.0780e-18
7291.200  1.9956e-18
7292.559  1.6260e-18
7293.917  1.8443e-18
7295.276  1.8498e-18
7296.635  2.2123e-18
7297.994  2.9856e-18
7299.353  2.7203e-18
7300.711  1.9677e-18
7302.070  1.2919e-18
7303.429  1.4062e-18
7304.788  1.6690e-18
7306.146  1.5802e-18
7307.505  1.6853e-18
7308.864  1.6326e-18
7310.222  1.8784e-18
7311.581  1.8548e-18
7312.940  2.0388e-18
7314.298  2.2545e-18
7315.657  1.0710e-18
7317.016  2.7848e-19
7318.375  1.1053e-18
7319.733  1.3020e-18
7321.092  1.6931e-18
7322.451  1.7664e-18
7323.810  1.5613e-18
7325.168  1.9552e-18
7326.527  2.5005e-18
7327.886  2.0713e-18
7329.245  1.8396e-18
7330.603  1.7386e-18
7331.962  2.0283e-18
7333.320  1.6722e-18
7334.679  1.5030e-18
7336.038  1.4726e-18
7337.396  1.9924e-18
7338.755  1.1476e-18
7340.114  1.1845e-18
7341.473  1.5315e-18
7342.832  1.1639e-18
7344.190  2.1370e-18
7345.549  1.6230e-18
7346.908  1.3041e-18
7348.267  1.4666e-18
7349.625  1.4143e-18
7350.984  1.9574e-18
7352.343  2.0802e-18
7353.701  1.7956e-18
7355.060  2.1377e-18
7356.419  2.0327e-18
7357.777  1.0226e-18
7359.136  9.7387e-19
7360.495  1.8036e-18
7361.854  2.2252e-18
7363.212  2.0255e-18
7364.571  2.2150e-18
7365.930  2.0470e-18
7367.289  2.0602e-18
7368.647  2.5484e-18
7370.006  1.4087e-18
7371.365  1.3989e-18
7372.723  1.7030e-18
7374.082  1.5126e-18
7375.441  1.8525e-18
7376.799  1.3991e-18
7378.158  1.7194e-18
7379.517  1.3030e-18
7380.875  1.4709e-18
7382.234  2.1986e-18
7383.593  1.9124e-18
7384.952  1.8390e-18
7386.311  1.9481e-18
7387.669  1.6876e-18
7389.028  1.8196e-18
7390.387  1.5349e-18
7391.746  1.7284e-18
7393.104  1.4837e-18
7394.463  7.8259e-19
7395.822  1.6838e-18
7397.180  2.0786e-18
7398.539  1.9270e-18
7399.898  2.0034e-18
7401.256  1.8091e-18
7402.615  1.7260e-18
7403.974  1.8131e-18
7405.333  1.3430e-18
7406.691  1.9444e-18
7408.050  1.7523e-18
7409.409  1.7483e-18
7410.768  1.9351e-18
7412.126  1.8508e-18
7413.485  2.0252e-18
7414.844  2.0527e-18
7416.202  1.6541e-18
7417.561  2.0053e-18
7418.920  1.7221e-18
7420.278  1.7578e-18
7421.637  1.9869e-18
7422.996  1.6207e-18
7424.354  1.6093e-18
7425.713  1.7073e-18
7427.072  1.6922e-18
7428.431  2.0061e-18
7429.790  1.7949e-18
7431.148  1.8673e-18
7432.507  2.1585e-18
7433.866  1.8160e-18
7435.225  1.9932e-18
7436.583  1.0986e-18
7437.942  2.1086e-18
7439.301  2.1108e-18
7440.659  1.5602e-18
7442.018  1.8065e-18
7443.377  1.5207e-18
7444.735  1.6915e-18
7446.094  1.5476e-18
7447.453  1.3673e-18
7448.812  1.5202e-18
7450.170  1.6710e-18
7451.529  1.8687e-18
7452.888  1.9601e-18
7454.247  1.7336e-18
7455.605  1.6720e-18
7456.964  1.8753e-18
7458.323  1.3204e-18
7459.681  1.7161e-18
7461.040  1.8485e-18
7462.399  1.5504e-18
7463.757  1.2198e-18
7465.116  1.6148e-18
7466.475  2.0810e-18
7467.833  1.7976e-18
7469.192  1.5313e-18
7470.551  1.2940e-18
7471.910  1.1864e-18
7473.269  1.5629e-18
7474.627  1.7046e-18
7475.986  2.4142e-18
7477.345  2.4316e-18
7478.704  1.7825e-18
7480.062  1.5553e-18
7481.421  2.2668e-18
7482.780  1.8925e-18
7484.138  1.1955e-18
7485.497  9.1714e-19
7486.856  1.0453e-18
7488.214  1.0695e-18
7489.573  1.3753e-18
7490.932  1.5899e-18
7492.291  1.3730e-18
7493.649  1.3293e-18
7495.008  1.5502e-18
7496.367  1.3780e-18
7497.726  1.6651e-18
7499.084  1.8351e-18
7500.443  1.7874e-18
7501.802  1.6870e-18
7503.160  1.3606e-18
7504.519  1.9280e-18
7505.878  1.7721e-18
7507.236  1.3256e-18
7508.595  1.7059e-18
7509.954  1.7953e-18
7511.312  1.4412e-18
7512.671  1.5556e-18
7514.030  1.4738e-18
7515.389  1.1655e-18
7516.748  1.8285e-18
7518.106  1.9664e-18
7519.465  1.7454e-18
7520.824  1.9405e-18
7522.183  1.7023e-18
7523.541  2.0147e-18
7524.900  2.0210e-18
7526.259  1.2440e-18
7527.617  1.6890e-18
7528.976  1.5008e-18
7530.335  9.6371e-19
7531.693  9.6957e-19
7533.052  1.2788e-18
7534.411  1.6911e-18
7535.770  1.3615e-18
7537.128  1.0583e-18
7538.487  1.3325e-18
7539.846  1.2809e-18
7541.205  1.2088e-18
7542.563  1.5585e-18
7543.922  1.6218e-18
7545.281  1.6348e-18
7546.639  1.4713e-18
7547.998  1.7657e-18
7549.357  1.7564e-18
7550.715  1.5157e-18
7552.074  1.9097e-18
7553.433  1.4419e-18
7554.792  1.3498e-18
7556.150  1.3353e-18
7557.509  1.4488e-18
7558.868  1.1595e-18
7560.227  1.3448e-18
7561.585  1.3307e-18
7562.944  7.8423e-19
7564.303  1.5021e-18
7565.662  2.0883e-18
7567.020  1.8882e-18
7568.379  1.4795e-18
7569.738  1.4055e-18
7700.174  9.9169e-19
7701.533  1.2982e-18
7702.892  1.6517e-18
7704.250  1.4791e-18
7705.609  1.2073e-18
7706.968  1.4676e-18
7708.327  1.6784e-18
7709.686  1.5070e-18
7711.044  1.3675e-18
7712.403  9.1117e-19
7713.762  1.6501e-18
7715.121  2.2295e-18
7716.479  1.6868e-18
7717.838  1.5509e-18
7719.197  1.5971e-18
7720.555  1.1621e-18
7721.914  9.8739e-19
7723.273  1.3326e-18
7724.631  1.0270e-18
7725.990  8.1328e-19
7727.349  1.2756e-18
7728.708  1.4618e-18
7730.066  1.3016e-18
7731.425  1.1855e-18
7732.784  1.1124e-18
7734.143  1.3030e-18
7735.501  1.6933e-18
7736.860  1.6055e-18
7738.219  1.3546e-18
7739.577  1.2671e-18
7740.936  1.0219e-18
7742.295  1.4380e-18
7743.653  1.6677e-18
7745.012  1.9514e-18
7746.371  1.2856e-18
7747.729  1.6154e-18
7749.088  1.1453e-18
7750.447  6.5478e-19
7751.806  1.5736e-18
7753.165  1.6231e-18
7754.523  1.3245e-18
7755.882  1.4896e-18
7757.241  1.1064e-18
7758.600  1.6220e-18
7759.958  7.5466e-19
7761.317  1.7031e-18
7762.676  1.4558e-18
7764.034  1.1604e-18
7765.393  1.6946e-18
7766.752  1.0834e-18
7768.110  1.2324e-18
7769.469  1.5498e-18
7770.828  1.7504e-18
7772.187  9.6759e-19
7773.545  1.3916e-18
7774.904  1.5639e-18
7776.263  1.3224e-18
7777.622  8.4391e-19
7778.980  9.3895e-19
7780.339  8.7902e-19
7781.698  6.5255e-19
7783.056  1.0057e-18
7784.415  1.1279e-18
7785.774  1.5983e-18
7787.132  1.5395e-18
7788.491  1.5434e-18
7789.850  1.6077e-18
7791.208  1.7514e-18
7792.567  9.6272e-19
7793.926  7.9383e-19
7795.285  1.6443e-18
7796.644  2.0891e-18
7798.002  1.8093e-18
7799.361  6.6689e-19
7800.720  8.9605e-19
7802.079  8.8797e-19
7803.437  1.2092e-18
7804.796  1.4736e-18
7806.155  9.7632e-19
7807.513  1.2541e-18
7808.872  1.0683e-18
7810.231  6.3945e-19
7811.589  1.3528e-18
7812.948  1.6848e-18
7814.307  1.7264e-18
7815.666  2.1573e-18
7817.024  1.2202e-18
7818.383  9.0366e-19
7819.742  5.1667e-19
7821.101  6.6697e-19
7822.459  2.1392e-18
7823.818  1.1923e-18
7825.177  4.9315e-19
7826.535  1.0540e-18
7827.894  1.2403e-18
7829.253  1.0793e-18
7830.611  8.1574e-19
7831.970  1.1984e-18
7833.329  1.8689e-18
7834.688  1.7418e-18
7836.046  1.5369e-18
7837.405  2.0679e-18
7838.764  1.8764e-18
7840.123  1.2138e-18
7841.481  1.1610e-18
7842.840  9.9578e-19
7844.199  7.2452e-19
7845.558  1.4753e-18
7846.916  2.0791e-18
7848.275  2.1162e-18
7849.634  1.7694e-18
7850.992  5.8790e-19
7852.351  3.8333e-19
7853.709  2.1478e-18
7855.068  2.6959e-18
7856.427  1.3447e-18
7857.786  1.9446e-18
7859.145  2.3053e-18
7860.503  1.1129e-18
7861.862  1.0452e-18
7863.221  1.6052e-18
7864.580  1.7560e-18
7865.938  1.5708e-18
7867.297  6.6371e-19
7868.656  8.8620e-19
7870.014  1.3231e-18
7871.373  1.5963e-18
7872.732  1.8007e-18
7874.090  1.4860e-18
7875.449  1.3534e-18
7876.808  8.8826e-19
7878.167  6.1226e-19
7879.525  1.1778e-18
7880.884  1.8978e-18
7882.243  1.7751e-18
7883.602  1.3780e-18
7884.960  1.2398e-18
7886.319  1.2401e-18
7887.678  1.1494e-18
7889.037  7.8097e-19
7890.395  8.9618e-19
7891.754  8.4959e-19
7893.112  8.7877e-19
7894.471  1.3517e-18
7895.830  1.1234e-18
7897.188  9.5730e-19
7898.547  1.3934e-18
7899.906  1.2555e-18
7901.265  6.8676e-19
7902.624  1.0460e-18
7903.982  1.5194e-18
7905.341  1.1896e-18
7906.700  1.1804e-18
7908.059  1.1640e-18
7909.417  9.1117e-19
7910.776  9.4080e-19
7912.135  1.6003e-18
7913.493  1.8011e-18
7914.852  1.4011e-18
7916.211  1.5004e-18
7917.569  8.3860e-19
7918.928  7.6811e-19
7920.287  1.2631e-18
7921.646  6.6518e-19
7923.004  1.2201e-18
7946.103  1.9325e-18
7947.461  1.3357e-18
7948.820  1.7915e-18
7950.179  1.1195e-18
7951.538  4.5421e-19
7952.896  9.5834e-19
7954.255  1.1929e-18
7955.614  7.4074e-19
7956.972  1.0646e-18
7958.331  1.4830e-18
7959.690  1.3159e-18
7961.048  1.7107e-18
7962.407  1.0370e-18
7963.766  1.6202e-18
7965.125  9.3734e-19
7966.483  6.7457e-19
7967.842  1.1333e-18
7969.201  1.0305e-18
7970.560  1.7090e-18
7971.918  1.3987e-18
7973.277  1.0321e-18
7974.636  1.3373e-18
7975.994  1.6237e-18
7977.353  1.5303e-18
7978.712  8.3736e-19
7980.070  1.5315e-18
7981.429  1.5164e-18
7982.788  8.4639e-19
7984.146  1.1269e-18
7985.505  1.3048e-18
7986.864  1.1571e-18
7988.223  1.6751e-18
7989.582  1.7211e-18
7990.940  1.1970e-18
7992.299  1.0602e-18
7993.658  2.8879e-19
7995.017  1.0616e-18
7996.375  1.1030e-18
7997.734  1.3902e-18
7999.093  1.8300e-18
8000.451  1.3809e-18
8001.810  8.9488e-19
8003.169  9.3841e-19
8004.527  1.0776e-18
8005.886  1.5828e-18
8007.245  1.9549e-18
8008.604  1.7123e-18
8009.962  1.1352e-18
8011.321  1.0685e-18
8012.680  6.3058e-19
8014.039  5.5251e-19
8015.397  1.2665e-18
8016.756  8.9922e-19
8018.115  1.2362e-18
8019.473  9.8355e-19
8020.832  1.2214e-18
8022.191  2.0434e-18
8023.549  1.7690e-18
8024.908  1.1442e-18
8026.267  1.1967e-18
8027.625  1.3169e-18
8028.984  9.4152e-19
8030.343  1.2831e-18
8031.702  1.1281e-18
8033.061  7.2082e-19
8034.419  1.0574e-18
8035.778  1.1132e-18
8037.137  9.9842e-19
8038.496  1.1037e-18
8039.854  1.0727e-18
8041.213  1.3164e-18
8042.572  1.7799e-18
8043.930  1.2129e-18
8045.289  1.5600e-18
8046.648  1.9706e-18
8048.006  1.2549e-18
8049.365  1.1919e-18
8050.724  1.2826e-18
8052.083  9.2040e-19
8053.441  9.4819e-19
8054.800  1.4106e-18
8056.159  1.6609e-18
8057.518  1.5586e-18
8058.876  8.5001e-19
8060.235  8.8460e-19
8061.594  1.4755e-18
8062.952  1.5163e-18
8064.311  1.1528e-18
8065.670  8.7874e-19
8067.028  7.5319e-19
8068.387  1.3406e-18
8069.746  1.3548e-18
8071.104  1.0957e-18
8072.463  1.5215e-18
8073.822  1.7284e-18
8075.181  1.4684e-18
8076.540  1.1626e-18
8077.898  1.2430e-18
8079.257  1.5583e-18
8080.616  1.0989e-18
8081.975  1.3367e-18
8083.333  1.6941e-18
8084.692  1.5035e-18
8086.051  1.4300e-18
8087.409  1.4975e-18
8088.768  1.4603e-18
8090.127  1.4798e-18
8091.485  1.3325e-18
8092.844  1.4409e-18
8094.203  1.1761e-18
8095.562  1.2364e-18
8096.920  1.3468e-18
8098.279  1.5820e-18
8099.638  1.2784e-18
8100.997  1.7137e-18
8102.355  1.4163e-18
8103.714  1.2052e-18
8105.073  9.2094e-19
8106.431  8.3558e-19
8107.790  9.4209e-19
8109.149  1.5741e-18
8110.507  1.2003e-18
8111.866  7.8879e-19
8113.225  8.1762e-19
8114.583  1.3648e-18
8115.942  1.4882e-18
8117.301  1.3270e-18
8118.660  1.1075e-18
8120.019  1.4423e-18
8121.377  1.2389e-18
8122.736  1.4846e-18
8124.095  1.2666e-18
8125.454  1.0960e-18
8126.812  1.6565e-18
8128.171  1.5008e-18
8129.530  1.3468e-18
8130.888  1.7619e-18
8132.247  1.5490e-18
8133.605  1.5130e-18
8134.964  1.5650e-18
8136.323  1.3478e-18
8137.682  1.4030e-18
8139.041  1.3064e-18
8140.399  1.0947e-18
8141.758  1.0682e-18
8143.117  1.1739e-18
8144.476  1.4130e-18
8145.834  1.1889e-18
8147.193  7.6459e-19
8148.552  1.5045e-18
8149.910  1.5613e-18
8151.269  1.1596e-18
8152.628  1.5107e-18
8153.986  1.1706e-18
8155.345  9.8751e-19
8156.704  1.2698e-18
8158.062  1.5009e-18
8159.421  1.3096e-18
8160.780  1.1823e-18
8162.139  1.5448e-18
8163.498  1.7675e-18
8164.856  1.1745e-18
8166.215  1.1999e-18
8167.574  1.2474e-18
8168.933  9.8026e-19
8170.291  9.5875e-19
8171.650  1.0743e-18
8173.009  1.4300e-18
8174.367  1.5149e-18
8175.726  1.2175e-18
8177.084  1.3693e-18
8178.443  1.5686e-18
8179.802  1.4530e-18
8181.161  1.0976e-18
8182.520  1.2764e-18
8183.878  1.5102e-18
8185.237  1.2309e-18
8186.596  1.2626e-18
8187.955  1.4762e-18
8189.313  1.2648e-18
8190.672  1.2479e-18
8192.030  1.3575e-18
8193.390  1.1178e-18
8194.748  1.0095e-18
8196.106  1.3141e-18
8197.466  1.7201e-18
8198.824  1.5481e-18
8200.183  1.0277e-18
8201.542  1.3671e-18
8202.900  1.5509e-18
8204.259  1.5379e-18
8205.618  1.3376e-18
8206.977  1.1256e-18
8208.335  1.3400e-18
8209.694  1.3691e-18
8211.053  1.2623e-18
8212.411  1.1980e-18
8213.771  1.2282e-18
8215.129  1.5529e-18
8216.487  1.4676e-18
8217.847  1.1398e-18
8219.205  1.5164e-18
8220.563  1.3146e-18
8221.923  1.1232e-18
8223.281  1.5483e-18
8224.640  1.4842e-18
8225.999  1.5155e-18
8227.357  1.4800e-18
8228.716  1.3490e-18
8230.075  1.1911e-18
8231.434  9.5583e-19
8232.792  1.1909e-18
8234.150  1.3636e-18
8235.510  1.3970e-18
8236.868  1.2457e-18
8238.227  8.8077e-19
8239.586  1.0445e-18
8240.944  1.2372e-18
8242.303  1.0342e-18
8243.662  1.5099e-18
8245.021  1.5519e-18
8246.379  1.5236e-18
8247.738  1.5403e-18
8249.097  1.0323e-18
8250.455  1.4648e-18
8251.814  9.9792e-19
8253.173  9.6867e-19
8254.531  1.1583e-18
8255.891  1.4171e-18
8257.249  1.2945e-18
8258.607  1.5582e-18
8259.967  1.4861e-18
8261.325  9.7694e-19
8262.684  1.1094e-18
8264.043  1.3556e-18
8265.401  1.2285e-18
8266.760  1.3204e-18
8268.119  1.1436e-18
8269.478  8.4755e-19
8270.836  1.1710e-18
8272.195  1.2161e-18
8273.554  1.2041e-18
8274.912  1.1312e-18
8276.271  1.2323e-18
8277.630  1.2015e-18
8278.988  1.3492e-18
8280.348  1.3898e-18
8281.706  1.8895e-18
8283.064  1.8833e-18
8284.424  1.6958e-18
8285.782  7.5787e-19
8287.141  8.5374e-19
8288.500  1.2751e-18
8289.858  9.5875e-19
8291.217  1.5574e-18
8292.576  1.5760e-18
8293.935  1.7733e-18
8295.293  1.6277e-18
8296.652  1.1098e-18
8298.011  2.2485e-19
8299.369  1.1252e-18
8300.729  2.5164e-18
8302.087  1.3487e-18
8303.445  9.9313e-19
8304.805  7.4683e-19
8306.163  1.2664e-18
8307.521  1.1990e-18
8308.881  9.7602e-19
8310.239  1.5688e-18
8311.598  2.0453e-18
8312.957  1.5469e-18
8314.315  8.9152e-19
8315.674  1.3986e-18
8317.032  1.0183e-18
8318.392  8.6097e-19
8319.750  1.0945e-18
8321.108  1.2941e-18
8322.468  9.1727e-19
8323.826  9.5149e-19
8325.185  1.2466e-18
8326.544  1.1802e-18
8327.902  1.0818e-18
8329.261  1.3529e-18
8330.620  1.2234e-18
8331.979  1.2919e-18
8333.337  7.6041e-19
8334.696  7.4062e-19
8336.055  1.3038e-18
8337.413  2.0420e-18
8338.772  1.4631e-18
8340.131  8.6928e-19
8341.489  3.0036e-19
8342.849 -1.2181e-19
8344.207  4.8937e-19
8345.565  2.9454e-19
8346.925  3.3276e-19
8348.283  1.2202e-18
8349.642  1.4036e-18
8351.001  5.2485e-19
8352.359  1.2402e-18
8353.718  1.9911e-18
8355.077  2.0935e-18
8356.436  1.5457e-18
8357.794  7.8593e-19
8359.153  8.0056e-19
8360.512  1.2433e-18
8361.870  1.3729e-18
8363.229  1.3309e-18
8364.588  1.2075e-18
8365.946  1.2108e-18
8367.306  1.4397e-18
8368.664  1.2231e-18
8370.022  1.1836e-18
8371.382  8.6634e-19
8372.740  1.0090e-18
8374.099  1.6145e-18
8375.458  1.2163e-18
8376.816  1.4547e-18
8378.175  1.3139e-18
8379.534  8.5564e-19
8380.893  5.7875e-19
8382.251  1.1006e-19
8383.610  3.3836e-19
8384.969  1.0774e-18
8386.327  1.7262e-18
8387.687  1.1689e-18
8389.045  4.2522e-19
8390.403  7.2377e-19
8391.763  1.4686e-18
8393.121  1.3762e-18
8394.479  1.0429e-18
8395.838  8.3835e-19
8397.197  8.4491e-19
8398.556  1.2455e-18
8399.914  1.1467e-18
8401.273  1.0265e-18
8402.632  3.7961e-19
8403.990  9.4980e-19
8405.350  1.3963e-18
8406.708  7.8346e-19
8408.066  1.3711e-18
8409.426  1.8083e-18
8410.784  1.5111e-18
8412.143  1.5754e-18
8413.502  1.3792e-18
8414.860  1.1196e-18
8416.219  1.0234e-18
8417.578  1.0272e-18
8418.937  4.3883e-19
8420.295  4.5849e-19
8421.654  1.0410e-18
8423.013  1.5361e-18
8424.371  1.0369e-18
8425.730  1.5821e-18
8427.089  2.2603e-18
8428.447  1.6210e-18
8429.807  1.7949e-19
8431.165  5.0089e-19
8432.523  1.2815e-18
8433.883  1.0740e-18
8435.241  1.2171e-18
8436.600  8.3223e-19
8437.959  6.0473e-19
8439.317  9.2481e-19
8440.676  7.6474e-19
8442.035  1.2767e-18
8443.394  1.5103e-18
8444.752  1.6165e-18
8446.111  1.4402e-18
8447.470  1.2501e-18
8448.828  1.3382e-18
8450.188  6.5494e-19
8451.546  6.8790e-19
8452.904  5.1922e-19
8454.264  3.2979e-19
8455.622  7.0582e-19
8456.980  1.1502e-18
8458.340  1.2926e-18
8459.698  1.5691e-18
8461.057  1.1729e-18
8462.416  6.0657e-19
8463.774  6.6050e-19
8465.133  5.1252e-19
8466.492  6.0106e-19
8467.851  4.7205e-19
8469.209  5.5748e-19
8470.568  6.8916e-19
8471.927  9.6714e-19
8473.285  5.5822e-19
8474.644  9.0915e-19
8476.003  1.1746e-18
8477.361  1.2861e-18
8478.720  1.3274e-18
8480.079  1.2674e-18
8481.438  1.1215e-18
8482.796  1.5904e-18
8484.155  9.9238e-19
8485.514  1.1108e-18
8486.872  7.9420e-19
8488.231  1.0842e-18
8489.590  1.1449e-18
8490.948  1.1900e-18
8492.308  9.4793e-19
8493.666  5.3657e-19
8495.024  1.1389e-18
8496.384  1.1302e-18
8497.742  1.4123e-18
8499.101  1.8624e-18
8500.460  1.3300e-18
8501.818  1.1117e-18
8503.177  3.5064e-19
8504.536  7.4819e-19
8505.895  9.0592e-19
8507.253  1.3029e-18
8508.612  1.1732e-18
8509.971  1.2555e-18
8511.329  1.5577e-18
8512.688  1.2497e-18
8514.047  1.4341e-18
8515.405  1.3993e-18
8516.765  1.6776e-18
8518.123  1.3817e-18
8519.481  1.2032e-18
8520.841  1.1935e-18
8522.199  1.0541e-18
8523.558  1.1699e-18
8524.917  1.1307e-18
8526.275  1.1790e-18
8527.634  1.2392e-18
8528.993  1.2512e-18
8530.352  1.2036e-18
8531.710  1.2823e-18
8533.069  1.6225e-18
8534.428  1.3947e-18
8535.786  1.4653e-18
8537.146  1.0942e-18
8538.504  1.0056e-18
8539.862  1.4294e-18
8541.222  1.2454e-18
8542.580  1.6565e-18
8543.938  1.4006e-18
8545.298  1.0964e-18
8546.656  1.2020e-18
8548.015  7.6855e-19
8549.374  1.3843e-18
8550.732  1.3784e-18
8552.091  1.0537e-18
8553.450  1.1599e-18
8554.809  1.0396e-18
8556.167  1.0271e-18
8557.525  1.1793e-18
8558.885  1.6041e-18
8560.243  1.7327e-18
8561.602  1.3881e-18
8562.961  1.2293e-18
8564.319  1.2579e-18
8565.678  1.1562e-18
8567.037  1.0629e-18
8568.396  1.1483e-18
8569.754  1.2151e-18
8571.113  1.3118e-18
8572.472  1.2712e-18
8573.830  1.1838e-18
8575.189  1.1069e-18
8576.548  1.1564e-18
8577.906  1.2262e-18
8579.266  1.1424e-18
8580.624  1.1444e-18
8581.982  1.1702e-18
8583.342  1.6238e-18
8584.700  1.2160e-18
8586.059  1.0736e-18
8587.418  1.1196e-18
8588.776  1.0766e-18
8590.135  1.2706e-18
8591.494  1.2848e-18
8592.853  1.2801e-18
8594.211  1.5612e-18
8595.570  1.4952e-18
8596.929  1.2340e-18
8598.287  1.1696e-18
8599.646  1.1087e-18
8601.005  1.2455e-18
8602.363  1.3236e-18
8603.723  1.3583e-18
8605.081  1.1892e-18
8606.439  8.6291e-19
8607.799  1.0661e-18
8609.157  1.0888e-18
8610.516  1.0372e-18
8611.875  1.3209e-18
8613.233  1.1493e-18
8614.592  8.3561e-19
8615.951  1.5904e-18
8617.310  1.8724e-18
8618.668  1.4990e-18
8620.027  1.3952e-18
8621.386  4.5322e-19
8622.744  3.8644e-19
8624.104  7.6718e-19
8625.462  6.7100e-19
8626.820  1.9132e-18
8628.180  1.7286e-18
8629.538  8.6980e-19
8630.896  4.1078e-19
8632.256  1.4223e-18
8633.614  4.2178e-19
8634.973  9.0796e-19
8636.331  1.1356e-18
8637.690  8.9057e-19
8639.049  3.2919e-19
8640.407  1.0815e-18
8641.767  9.9451e-19
8643.125  3.5218e-19
8644.483  3.8977e-19
8645.843  4.2982e-19
8647.201  1.3972e-18
8648.560  1.2910e-18
8649.919  5.5928e-19
8651.277  9.5655e-19
8652.636  1.9440e-18
8653.995  1.9544e-18
8655.354  1.7699e-18
8656.712  1.1976e-18
8658.071  4.4378e-19
8659.430  6.7577e-19
8660.788  8.4735e-19
8662.147  8.0258e-19
8663.506  1.1049e-18
8664.864  1.7305e-18
8666.224  8.2753e-19
8667.582  7.4752e-19
8668.940  7.5613e-19
8670.300  1.2614e-18
8671.658  9.9751e-19
8673.017  5.7221e-19
8674.376  3.4670e-19
8675.734  1.3771e-18
8677.093  1.2959e-18
8678.452  9.3606e-19
8679.811  1.3570e-18
8681.169  9.7725e-19
8682.528  1.1447e-18
8683.887  1.1592e-18
8685.245  1.1167e-18
8686.604  6.0896e-19
8687.963  1.0586e-18
8689.321  7.5573e-19
8690.681  7.3122e-19
8692.039  1.3222e-18
8693.397  1.3905e-18
8694.757  1.6111e-18
8696.115  9.0640e-19
8697.474  1.0256e-18
8698.833  9.1172e-19
8700.191  9.1586e-19
8701.550  1.2285e-18
8702.909  1.1554e-18
8704.268  1.0223e-18
8705.626  8.9208e-19
8706.985  8.5497e-19
8708.344  6.8675e-19
8709.702  1.2874e-18
8711.062  1.1543e-18
8712.420  7.7733e-19
8713.778  1.0973e-18
8715.137  1.4594e-18
8716.496  1.1525e-18
8717.854  9.1815e-19
8719.213  1.0683e-18
8720.572  5.8981e-19
8721.931  1.1091e-18
8723.289  1.2700e-18
8724.648  9.8341e-19
8726.007  9.8766e-19
8727.365  1.1295e-18
8728.725  1.0629e-18
8730.083  9.0598e-19
8731.441  1.2981e-18
8732.801  9.5085e-19
8734.159  7.1822e-19
8735.518  9.6882e-19
8736.877  1.0677e-18
8738.235  8.3454e-19
8739.594  6.8376e-19
8740.953  5.5439e-19
8742.312  1.0069e-18
8743.670  1.0082e-18
8745.029  5.4981e-19
8746.388  9.8723e-19
8747.746  1.2527e-18
8749.105  1.1220e-18
8750.464  8.8655e-19
8751.822  1.3826e-18
8753.182  1.7203e-18
8754.540  1.7801e-18
8755.898  1.4993e-18
8757.258  1.0228e-18
8758.616  4.3407e-19
8759.975  4.2429e-19
8761.334  6.7024e-19
8762.692  6.8797e-19
8764.051  3.6043e-19
8765.410  9.5916e-19
8766.769  1.2589e-18
8768.127  8.7436e-19
8769.486  1.6739e-18
8770.845  1.9145e-18
8772.203  1.3166e-18
8773.562  1.3199e-18
8774.921  1.0572e-18
8783.073  1.2243e-18
8784.432  1.5955e-18
8785.791  1.3859e-18
8787.149  1.3398e-18
8788.508  1.3476e-18
8789.867  1.0424e-18
8791.226  9.8391e-19
8792.584  1.2294e-18
8793.942  1.4928e-18
8795.302  1.0249e-18
8796.660  7.2132e-19
8798.019  7.5574e-19
8799.378  7.2966e-19
8800.736  1.2422e-18
8802.095  1.3650e-18
8803.454  1.2428e-18
8804.812  1.0824e-18
8806.171  1.1315e-18
8807.530  9.2390e-19
8808.889  8.7661e-19
8810.247  6.9795e-19
8811.606  1.0004e-18
8812.965  9.8749e-19
8814.323  7.9473e-19
8815.683  7.0224e-19
8817.041  9.2528e-19
8818.399  1.2562e-18
8819.759  1.6209e-18
8821.117  1.1975e-18
8836.063  9.1354e-19
8837.422  4.3875e-19
8838.780  5.7280e-19
8840.140  9.7434e-19
8841.498  6.5842e-19
8842.856  1.0677e-18
8844.216  1.1150e-18
8845.574  8.7063e-19
8846.933  1.0396e-18
8848.292  4.8659e-19
8849.650  7.2194e-19
8851.009  1.8103e-18
8852.368  9.4009e-19
8853.727  9.4333e-19
8855.085  7.4656e-19
8856.444  6.8195e-19
8857.803  1.3718e-18
8859.161  1.1862e-18
8860.521  8.0474e-19
8861.879  7.2956e-19
8863.237  1.2262e-18
8864.597  9.6476e-19
8865.955  7.7751e-19
8867.313  1.0813e-18
8868.673  9.3082e-19
8870.031  1.1662e-18
8871.390  1.2244e-18
8872.749  7.2785e-19
8874.107  6.6752e-19
8875.466  6.3382e-19
8876.824  1.0330e-18
8878.184  1.4034e-18
8879.542  8.1282e-19
8880.900  1.4184e-18
8882.260  1.5020e-18
8883.618  7.1757e-19
8887.694  1.1608e-18
8889.053  7.2047e-19
8890.412  1.0527e-18
8891.771  1.5420e-18
8893.129  1.6251e-18
8894.488  1.5791e-18
8895.847  1.3730e-18
8897.205  1.1501e-18
8898.564  1.1406e-18
8899.923  9.1119e-19
8901.281  7.6221e-19
8902.641  3.7562e-19
8903.999  8.7527e-19
8905.357  8.8245e-19
8906.717  9.3663e-19
8908.075  9.1219e-19
8909.434  9.8316e-19
8910.793  6.3824e-19
8912.151  1.3792e-18
8913.510  8.1109e-19
8914.869  1.0721e-18
8916.228  2.0730e-18
8917.586  1.6291e-18
8918.945  2.2505e-18
8920.304  8.6517e-19
8921.662  5.6766e-20
8923.021  1.1643e-18
8924.380  1.9221e-18
8925.738  1.5870e-18
8927.098  8.1026e-19
8928.456  7.5239e-19
8929.814  9.7318e-19
8931.174  1.1387e-18
8932.532  1.2519e-18
8933.891  1.2327e-18
8935.250  1.2726e-18
8936.608  9.6649e-19
8937.967  6.8062e-19
8939.326  8.7965e-19
8940.685  9.9578e-19
8942.043  6.3858e-19
8943.402  7.4989e-19
8944.761  9.3621e-19
8946.119  7.4927e-19
8947.479  7.9231e-19
8948.837  8.4346e-19
8950.195  1.3065e-18
8951.555  1.0110e-18
8952.913  1.0847e-18
8954.271 -1.2152e-19
8955.630  1.5834e-18
8956.989  2.0151e-18
8958.348  7.8854e-19
8959.706  1.7531e-19
8961.065  5.6755e-19
8962.424  5.0519e-19
8963.782  9.2849e-19
8965.142  1.2055e-18
8966.500  8.6134e-19
8967.858  8.9220e-19
8969.218  8.8489e-19
8970.576  1.1921e-18
8971.935  1.1830e-18
8973.294  1.1074e-18
8974.652  9.6608e-19
8976.011  5.8776e-19
8977.370  6.4918e-19
8978.729  7.4306e-19
8980.087  1.3183e-18
8981.446  1.4184e-18
8982.805  1.1889e-18
8984.163  1.3186e-18
8985.522  1.3983e-18
8986.881  4.9740e-19
8988.239  1.6651e-19
8989.599  3.4383e-19
8990.957  5.8006e-19
8992.315  9.4549e-19
8993.675  1.0577e-18
8995.033  9.6169e-19
8996.392  3.4568e-19
8997.751  3.0672e-20
8999.109  4.4961e-19
9000.468  6.4798e-19
9001.827  2.3121e-19
9003.186  3.6283e-19
9004.544  8.0918e-19
9005.903  5.9367e-19
9007.262  9.6517e-19
9008.620  1.2574e-18
9009.979  8.1578e-19
9011.338  9.1218e-19
9012.696  8.1561e-19
9014.056  7.2343e-19
9015.414  1.1612e-18
9016.772  1.1521e-18
9018.132  1.1801e-18
9019.490  9.1983e-19
9020.849  8.2273e-19
9022.208  8.5345e-19
9023.566  9.6570e-19
9024.925  1.1178e-18
9026.284  1.1482e-18
9027.643  1.0279e-18
9029.001  9.9862e-19
9030.360  9.9473e-19
9031.719  1.3486e-18
9033.077  1.3886e-18
9034.436  9.8712e-19
9035.795  2.0668e-19
9037.153  2.3016e-19
9038.512  2.4771e-19
9039.871  7.5683e-19
9041.229  9.8316e-19
9042.588  6.7436e-19
9043.947  1.2805e-18
9045.306  1.1081e-18
9046.664  1.0257e-18
9048.023  6.2603e-19
9049.382  5.6918e-19
9050.740  1.1464e-18
9052.100  1.1501e-18
9053.458  9.7157e-19
9054.816  1.1170e-18
9056.176  1.1991e-18
9057.534  9.3434e-19
9058.893  7.7717e-19
9060.252  9.9107e-19
9061.610  1.0604e-18
9062.969  1.0240e-18
9064.328  1.0747e-18
9065.687  9.5387e-19
9067.045  6.7141e-19
9068.404  8.6693e-19
9069.763  1.0717e-18
9071.121  8.2618e-19
9072.480  4.9205e-19
9073.839  4.0758e-19
9075.197  6.3624e-19
9076.557  8.6260e-19
9077.915  9.4150e-19
9079.273  4.9110e-19
9080.633  7.5958e-19
9081.991  1.1761e-18
9083.350  8.0826e-19
9084.709  5.0225e-19
9086.067  5.7280e-19
9087.426  1.2265e-18
9088.785  1.2252e-18
9090.144  7.0159e-19
9091.502  8.2183e-19
9092.861  7.4059e-19
9094.220  5.8306e-19
9095.578  1.1365e-18
9096.938  1.4855e-18
9098.296  5.3366e-19
9099.654  6.1975e-19
9101.014  1.0212e-18
9102.372  6.7047e-19
9103.730  1.0337e-18
9105.090  7.7586e-19
9106.448  7.5171e-19
9107.807  1.0804e-18
9109.166  1.0504e-18
9110.524  9.5209e-19
9111.883  7.1835e-19
9113.242  6.5644e-19
9114.601  8.6964e-19
9115.959  9.2308e-19
9117.317  8.2531e-19
9118.677  9.8815e-19
9120.035  1.1030e-18
9121.394  1.1017e-18
9122.753  1.2901e-18
9124.111  7.7563e-19
9125.470  6.1562e-19
9126.829  7.1106e-19
9128.188  1.1382e-18
9129.546  1.2252e-18
9130.905  8.2137e-19
9132.264  6.3878e-19
9133.622  7.2852e-19
9134.981  1.0511e-18
9136.340  8.7115e-19
9137.698  7.6124e-19
9139.058  1.0209e-18
9140.416  9.2433e-19
9141.774  8.7937e-19
9143.134  8.7726e-19
9144.492  7.5242e-19
9145.851  8.1481e-19
9147.210  8.7790e-19
9148.568  5.0030e-19
9149.927  1.0229e-18
9151.286  9.5384e-19
9152.645  4.0754e-19
9154.003  6.6333e-19
9155.362  8.9865e-19
9156.721  8.6794e-19
9158.079  7.0048e-19
9159.438  8.9737e-19
9160.797  7.5360e-19
9162.155  5.9275e-19
9163.515  5.9772e-19
9164.873  6.1997e-19
9166.231  2.6274e-19
9167.591  2.8998e-19
9168.949  7.3674e-19
9170.308  5.6712e-19
9171.667  3.6483e-19
9173.025  3.5363e-19
9174.384  1.0625e-18
9175.743  8.3666e-19
9177.102  7.5469e-19
9178.460  3.8004e-19
9179.819  3.2414e-19
9181.178  8.7847e-19
9182.536  1.1563e-18
9183.896  8.4336e-19
9185.254  5.2473e-19
9186.612  8.2573e-19
9187.972  6.8096e-19
9189.330  5.1109e-19
9190.688  3.6304e-19
9192.048  6.1185e-19
9193.406  6.8779e-19
9194.765  6.1232e-19
9196.123  5.7265e-19
9197.482  5.4458e-19
9198.841  4.4238e-19
9200.199  5.3309e-19
9201.559  4.8039e-19
9202.917  6.2579e-19
9204.275  7.9559e-19
9205.635  1.0314e-18
9206.993  8.2813e-19
9208.352  6.1527e-19
9209.711  7.2829e-19
9211.069  1.0973e-18
9212.428  7.2719e-19
9213.787  6.6539e-19
9215.146  7.0582e-19
9216.504  1.2139e-18
9217.863  7.4239e-19
9219.222  8.2587e-19
9220.580  1.0000e-18
9221.939  4.4063e-19
9223.298  5.8578e-19
9224.656  8.2445e-19
9226.016  6.2638e-19
9227.374  7.4779e-19
9228.732  8.1599e-19
9230.092  8.1092e-19
9231.450  5.9568e-19
9232.809  5.7558e-19
9234.168  5.0462e-19
9235.526  4.4327e-19
9236.885  4.8092e-19
9238.244  5.2153e-19
9239.603  7.9712e-19
9240.961  7.4623e-19
9242.320  8.4810e-19
9243.679  7.7447e-19
9245.037  9.8321e-19
9246.396  8.1732e-19
9247.755  8.9323e-19
9249.113  7.4972e-19
9250.473  6.9750e-19
9251.831  6.9310e-19
9253.189  1.0114e-18
9254.549  5.9127e-19
9255.907  7.2079e-19
9257.266  5.8457e-19
9258.625  7.2974e-19
9259.983  8.3689e-19
9261.342  4.9251e-19
9262.701  3.8786e-19
9264.060  7.1430e-19
9265.418  4.7557e-19
9266.777  9.6701e-19
9268.136  8.2912e-19
9269.494  4.4111e-19
9270.854  9.2228e-19
9272.212  6.0126e-19
9273.570  5.5617e-19
9274.929  5.3322e-19
9276.288  5.3397e-19
9277.646  4.7961e-19
9279.005  2.5402e-19
9280.364  6.6726e-19
9281.723  9.9616e-19
9283.081  1.0159e-18
9284.440  6.8139e-19
9285.799  7.2634e-19
9287.157  6.1090e-19
9288.517  6.1664e-19
9289.875  1.2102e-18
9291.233  7.4553e-19
9292.593  6.7062e-19
9293.951  3.6113e-19
9295.310  6.2835e-19
9296.669  1.2427e-18
9298.027  5.4898e-19
9299.386  4.3938e-19
9300.745  8.2816e-19
9302.104  1.0992e-18
9303.462  3.4997e-19
9304.821  1.1926e-18
9306.180  6.2940e-19
9317.050  1.1169e-18
9318.408  7.6160e-19
9319.767  8.2434e-21
9321.126  6.0491e-19
9322.484  8.1268e-19
9330.637  7.9799e-19
9331.995  1.0187e-18
9333.354  4.1826e-19
9334.713  4.1205e-19
9336.071  3.3777e-19
9337.431  7.1731e-19
9338.789  1.2849e-18
9340.147  8.7643e-19
9341.507  5.1244e-19
9342.865  2.3854e-19
9344.224  8.6279e-19
9345.583  4.7521e-19
9346.941  8.8306e-19
9348.300  4.6240e-19
9349.659  7.1969e-19
9351.018  2.9703e-19
9352.376  7.8178e-19
9353.735  4.5658e-19
9355.094  4.7507e-19
9356.452  5.4329e-19
9357.811  4.7942e-19
9359.170  8.6347e-19
9360.528  1.3814e-18
9361.887  8.6290e-19
9363.246  1.0406e-18
9364.604  1.0392e-18
9365.963  4.2011e-19
9367.322 -4.7538e-19
9368.681  8.5291e-19
9370.039  1.6238e-18
9371.398  5.4209e-19
9383.627  2.6154e-19
9384.985  4.2274e-20
9386.344 -2.9440e-19
9387.703  7.4578e-19
9389.062  7.6749e-19
9390.420  6.6203e-19
9391.779  3.5475e-19
9393.138  2.0555e-19
9394.496  7.1048e-19
9395.855  1.1381e-18
9397.214  8.2837e-19
9398.572  7.1962e-19
9399.932  6.0244e-19
9401.290  7.1282e-20
9402.648  1.7868e-19
9404.008  1.0285e-18
9405.366  3.5720e-19
9406.725  3.0141e-19
9408.084  6.3817e-19
9409.442 -1.1078e-19
9410.801  4.5971e-19
9412.160  6.1414e-19
9413.519  4.8376e-19
9414.877  8.4003e-19
9416.236  1.3043e-18
9417.595  1.3618e-19
9418.953  3.2964e-19
9420.312  1.6636e-18
9421.671  3.5255e-19
9423.029 -5.1990e-19
9424.389 -8.4637e-19
9425.747 -2.3717e-19
9427.105 -4.5028e-20
9428.465  3.5414e-19
9429.823  1.5583e-18
9431.182  1.1855e-18
9432.541  1.8813e-18
9433.899  3.3393e-18
9435.258  2.4719e-18
9436.616  2.0734e-18
9437.976  1.3507e-18
9439.334 -2.4133e-18
9440.692 -2.4660e-19
9442.052  2.0592e-18
9443.410  9.4962e-19
9444.769  1.0286e-18
9446.128  1.0739e-18
9447.486  1.2343e-18
9448.845  6.6137e-19
9450.204  1.1103e-18
9451.562  8.2976e-19
9452.921  9.8055e-20
9454.280 -5.5615e-19
9455.639  5.5576e-19
9456.997  1.6577e-18
9458.356 -4.1466e-19
9459.715 -1.0189e-19
9461.073  1.8181e-19
9462.433 -2.0042e-19
9463.791  3.5409e-19
9465.149  9.0039e-20
9466.509 -6.2279e-20
9467.867  1.0743e-18
9469.226  2.1126e-18
9470.585  2.4419e-18
9471.943  9.7254e-19
9473.302  1.7414e-18
9474.661  1.0217e-18
9476.020 -2.1012e-18
9477.378  1.4501e-18
9478.737  4.0528e-19
9480.096 -1.7621e-18
9481.454  3.7886e-19
9482.813 -1.0639e-18
9484.172  1.0052e-18
9485.530  1.6336e-18
9486.890  1.2997e-18
9488.248  2.9503e-19
9489.606  4.9891e-20
9490.966  1.0397e-19
9492.324  6.4634e-19
9493.683  1.0210e-18
9495.042  1.8504e-18
9496.400  9.5415e-19
9497.759  2.6608e-19
9499.118 -6.8007e-19
9500.477 -1.7431e-20
9501.835  5.2588e-19
9503.194  6.0881e-19
9504.553 -5.1746e-20
9505.911 -5.8356e-19
9507.271 -7.1186e-19
9508.629 -1.8730e-19
9509.987  9.1962e-19
9511.347  8.5604e-20
9512.705  7.3774e-19
9514.063  1.1631e-18
9515.422  2.3710e-18
9516.781  3.0448e-18
9518.140 -4.3660e-19
9519.498 -3.8598e-19
9520.857  5.2122e-19
9522.216 -1.1478e-20
9523.574  8.7697e-19
9524.934  1.9207e-18
9526.292  1.0066e-19
9527.650  1.3625e-18
9529.010  1.1124e-18
9530.368  1.4230e-18
9531.727  8.8761e-19
9533.086  8.2785e-19
9534.444  1.0419e-18
9535.803  5.2099e-19
9537.162  8.8539e-19
9538.521  9.7491e-19
9539.879  8.0006e-19
9541.238  8.2647e-19
9542.597  4.0834e-19
9543.955  1.0197e-18
9545.314  9.2021e-19
9546.673  4.8541e-19
9548.031  1.0244e-18
9549.391  1.4005e-18
9550.749  9.4018e-19
9552.107  2.9497e-19
9553.467 -6.7952e-19
9554.825  1.3460e-19
9556.184  9.2901e-19
9557.543  6.3169e-19
9558.901  1.1311e-18
9560.260  1.0212e-18
9561.619  1.6183e-18
9562.978  1.1012e-18
9564.336  1.3607e-18
9565.695  8.0311e-19
9567.054  1.7395e-19
9568.412  3.8959e-19
9569.771 -3.8546e-19
9571.130  2.9925e-19
9572.488  1.5742e-18
9573.848  6.1961e-19
9575.206  4.5158e-19
9576.564  9.4541e-19
9577.924  5.6382e-19
9579.282  1.2446e-18
9580.641  1.0806e-18
9582.000  6.8601e-19
9583.358  7.5152e-19
9584.717  8.1220e-19
9586.076  8.4021e-19
9587.435  8.7783e-19
9588.793  1.0276e-18
9590.152  7.3713e-19
9591.511  2.2147e-19
9592.869  2.8452e-19
9594.229  9.7815e-19
9595.587  7.2334e-19
9596.945  6.2205e-20
9598.304  6.8610e-19
9599.663  5.6004e-19
9601.021  7.4813e-19
9602.380  8.5832e-19
9603.739  1.9057e-19
9605.098  8.6339e-19
9606.456  1.0919e-18
9607.815  1.2358e-18
9609.174  8.5355e-19
9610.532  7.7875e-19
9611.892  1.5325e-18
9613.250  1.0658e-18
9614.608  9.7081e-19
9615.968  1.9448e-18
9617.326  1.0513e-18
9618.685  8.8864e-19
9620.044  6.1398e-19
9621.402  1.5286e-18
9622.761  7.8868e-19
9624.120  2.0003e-19
9625.479  1.1284e-18
9626.837  1.1103e-18
9628.196  1.2818e-19
9629.555  6.2589e-19
9630.913  9.3214e-19
9632.272  1.6000e-19
9633.631  6.2073e-19
9634.989  1.5700e-18
9636.349  8.9176e-19
9637.707  6.6819e-19
9639.065  9.7304e-19
9640.425  1.4601e-18
9641.783  1.4856e-18
9643.142  1.1214e-18
9644.501  1.4962e-18
9645.859  1.8833e-18
9647.218  1.5469e-18
9648.577  1.1242e-18
9649.936  7.7327e-19
9651.294  7.6195e-19
9652.653  1.2523e-18
9654.012  4.7690e-19
9655.370  3.1324e-19
9656.729  3.7132e-19
9658.088  2.8006e-19
9659.446  2.8242e-19
9660.806  1.3705e-18
9662.164  1.1637e-18
9663.522  3.1819e-19
9664.882  1.1237e-18
9666.240  7.3479e-20
9667.599  6.5392e-19
9668.958  2.8636e-19
9670.316  7.9353e-19
9671.675  4.9459e-19
9673.034  3.7062e-19
9674.393  2.0610e-19
9675.751  5.4637e-19
9677.109  3.2935e-19
9678.469  2.6895e-19
9679.827  1.4557e-18
9681.186  4.7437e-19
9682.545  3.8500e-19
9683.903  7.3047e-19
9685.262  8.4705e-19
9686.621  9.4976e-19
9687.979  5.0512e-19
9689.338  1.7901e-19
9690.697  1.5512e-18
9692.056  8.0130e-19
9693.414 -2.0108e-19
9694.773 -4.0807e-19
9696.132  1.5352e-19
9697.490  1.0584e-18
9698.850  7.8944e-19
9700.208  1.1348e-18
9701.566  5.5786e-19
9702.926  6.5247e-19
9704.284  9.4504e-19
9705.643  4.0711e-19
9707.002  1.3486e-18
9708.360  2.2710e-18
9709.719  1.6901e-18
9711.078  1.9110e-18
9712.437  9.3808e-19
9713.795  7.2190e-19
9715.154  5.1802e-20
9716.513  1.0236e-18
9717.871  7.7325e-20
9719.230 -2.7881e-19
9720.589 -1.3780e-21
9721.947  1.0561e-19
9723.307 -3.9751e-20
9724.665  1.0067e-18
9726.023  2.4740e-19
9727.383 -2.4943e-19
9728.741  2.9805e-19
9730.100  5.6039e-19
9731.459  6.8984e-19
9732.817  1.9313e-18
9734.176  1.8348e-19
9735.535 -3.3376e-19
9736.894  8.2147e-19
9738.252  8.1498e-19
9739.611 -8.4460e-21
9740.970  5.1176e-19
9742.328  4.7702e-19
9743.688  1.5958e-18
9745.046  6.4210e-19
9746.404  9.8819e-20
9747.764 -2.3752e-19
9749.122  3.8023e-19
9750.480  1.4821e-19
9751.840 -7.0090e-19
9753.198  5.2069e-19
9754.557  8.8973e-19
9755.915  4.7902e-19
9757.274  8.8600e-19
9758.633  2.5227e-19
9759.991  3.1054e-19
9761.351  6.0605e-19
9762.709  5.8538e-19
9764.067  6.6919e-19
9765.427  2.5016e-19
9766.785  1.2788e-18
9768.144  4.1022e-19
9769.503  4.3392e-19
9770.861  1.0026e-18
9772.220  8.6317e-19
9773.579  1.8143e-19
9774.938 -7.0315e-20
9776.296  3.9190e-19
9777.655  1.1082e-18
9779.014  2.0978e-19
9780.372 -7.0324e-19
9781.731 -9.6847e-19
9783.090  4.2940e-19
9784.448  1.6420e-18
9785.808  2.7145e-20
9787.166  1.8483e-18
9788.524  1.0793e-18
9789.884  4.2731e-19
9791.242 -5.3341e-19
9792.601 -1.2004e-18
9793.960 -7.4009e-19
9795.318  1.2165e-18
9796.677  2.8985e-19
9798.036 -1.6612e-18
9799.395  6.3315e-19
9800.753  1.3218e-18
9802.112 -1.0548e-18
9803.471 -1.2530e-18
9804.829  8.5553e-19
9806.188  6.2869e-19
9807.547 -7.5777e-19
9808.905 -2.2250e-19
9810.265  2.4994e-19
9811.623  2.0002e-19
9812.981 -1.9833e-19
9814.341 -2.4048e-19
9815.699  3.9482e-20
9817.058 -3.2797e-19
9818.417  4.7545e-19
9819.775  1.1356e-18
9821.134  6.3360e-19
9822.493  2.9690e-19
9823.852  9.0456e-19
9825.210  7.3257e-19
9826.569  2.2167e-19
9827.928  1.2142e-18
9829.286  1.3272e-18
9830.646  3.9407e-19
9832.004 -6.8598e-20
9833.362  3.9965e-19
9834.722  4.9769e-19
9836.080  3.1554e-20
9837.438 -4.9464e-19
9838.797  5.6396e-19
9840.156  1.4358e-18
9841.515  2.5542e-19
9842.873  1.3179e-18
9844.232  1.0002e-18
9845.591  1.0762e-18
9846.949  1.9294e-18
9848.309  1.2149e-18
9849.667 -1.9767e-19
9851.025  9.3844e-19
9852.385  8.0199e-19
9853.743  6.3892e-19
9855.102  3.9729e-19
9856.461  7.2785e-19
9857.819  4.4758e-19
9859.178  7.0713e-19
9860.537  1.0054e-18
9861.896  7.6707e-19
9863.254  5.5736e-19
9864.613  1.4434e-18
9865.972  2.3646e-19
9867.330  5.8220e-19
9868.689  1.1112e-18
9870.048  1.3084e-18
9871.406  4.1432e-19
9872.766 -1.1850e-18
9874.124  1.0897e-18
9875.482  1.4848e-18
9876.842 -1.4188e-19
9878.200 -1.2818e-18
9879.559  9.2315e-19
9880.918  3.9201e-20
9882.276 -5.0688e-19
9883.635 -7.1646e-19
9884.994  8.2984e-19
9886.353  6.7077e-19
9887.711  5.6423e-19
9889.070  2.0731e-19
9890.429  7.9688e-19
9891.787 -7.2801e-19
9893.146  1.2640e-18
9894.505 -3.7185e-19
9895.863 -8.2108e-19
9897.223 -3.7337e-19
9898.581  1.5924e-18
9899.939  1.9014e-19
9901.299  6.9800e-19
9902.657 -3.8602e-19
9904.016  3.0362e-19
9905.375  7.0784e-19
9906.733  9.2959e-19
9908.092  7.2010e-19
9909.451  4.7177e-19
9910.810  8.0970e-19
9912.168 -1.9654e-18
9913.527 -2.2864e-19
9914.886  2.9359e-19
9916.244 -6.3300e-19
9917.603 -1.9505e-19
9918.962 -1.0174e-18
9920.320 -5.9799e-19
9921.679 -7.7078e-19
9923.038  5.4275e-19
9924.396 -6.1471e-20
9925.755  9.7569e-19
9927.114 -8.2170e-19
9928.473  1.1043e-18
9929.831  1.6966e-18
9931.190  2.5811e-18
9932.549  9.5399e-19
9933.907 -6.9700e-20
9935.267  3.4349e-19
9936.625  8.2223e-19
9937.983  1.0444e-19
9939.343  1.6010e-18
9940.701  1.4258e-18
9942.060  1.4168e-18
9943.419  2.0804e-18
9944.777  7.6806e-19
9946.136 -6.6527e-19
9947.495  4.8760e-19
9948.854 -2.2104e-18
9950.212 -2.8366e-18
9951.571 -2.1845e-18
9952.930 -3.9213e-18
9954.288 -2.6694e-18
9955.647 -9.0903e-19
9957.006 -2.3785e-18
9958.364 -5.6600e-19
9959.724  1.5877e-18
9961.082  7.4433e-19
9962.440 -1.0760e-20
9963.800  1.4834e-18
9965.158  4.7171e-19
9966.517 -1.5326e-18
9967.876  5.8745e-19
9969.234  1.4370e-18
9970.593 -4.9536e-19
9971.952  1.1588e-18
9973.311  9.8915e-19
9974.669 -6.7507e-19
9976.028 -2.1347e-19
9977.387  1.6569e-18
9978.745  2.6810e-18
9980.104  3.5478e-19
9981.463 -4.2430e-21
9982.821  4.7050e-19
9984.181 -4.2112e-20
9985.539  1.5165e-20
9986.897  8.9650e-19
9988.257  2.5258e-19
9989.615 -3.2014e-19
9990.974 -4.8195e-19
9992.333  2.1575e-19
9993.691  5.2326e-19
9995.050  1.9376e-19
9996.408 -4.9877e-19
9997.768  4.4498e-19
9999.126 -2.0913e-19
10000.484  1.4348e-18
10001.844  1.5885e-18
10003.202  1.1924e-19
10004.561  3.4096e-19
10005.920 -5.3742e-19
10007.278  8.3013e-19
10008.637  1.1803e-19
10009.996  8.0918e-20
10011.354 -2.0030e-18
10012.713 -2.1216e-18
10014.072 -3.0788e-18
10015.431 -2.3764e-18
10016.789 -3.3855e-18
10018.148  1.3599e-18
10019.507  1.7900e-18
10020.865 -5.8305e-19
10022.225  4.8617e-19
10023.583  7.5165e-20
10024.941 -5.0779e-19
10026.301 -5.6612e-19
10027.659 -2.1200e-18
10029.018 -6.2169e-19
10030.377 -2.2578e-19
10031.735  1.6200e-18
10033.094 -4.1503e-19
10034.453  3.4834e-19
10035.812  6.0371e-19
10037.170  1.2075e-18
10038.529  1.2164e-19
10039.888 -1.1303e-18
10041.246 -4.6606e-19
10042.605 -2.3614e-18
10043.964  3.7137e-19
10045.322 -1.2344e-18
10046.682  1.7155e-18
10048.040  3.2215e-20
10049.398  4.4916e-19
10050.758 -1.2857e-19
10052.116  5.3362e-19
10053.475 -6.5051e-19
10054.834 -1.2577e-18
10056.192  1.1922e-18
10057.551 -1.1763e-18
10058.910  3.1179e-19
10060.269  7.9484e-19
10061.627  1.5007e-18
10062.986 -9.8514e-19
10064.345 -9.7692e-19
10065.703  1.7052e-18
10067.062  1.8166e-18
10068.421 -1.2337e-18
10069.779 -1.4096e-19
10071.139  2.8111e-18
10072.497  3.3154e-18
10073.855  1.4100e-18
10075.214  1.2214e-18
10076.573  1.5480e-18
10077.932  6.2554e-19
10079.290  1.7304e-18
10080.649  3.2415e-18
10082.008 -6.0867e-19
10083.366 -2.2422e-18
10084.726 -1.6890e-18
10086.084 -6.9768e-19
10087.442  5.2725e-19
10088.802 -1.0897e-18
10090.160 -1.9871e-18
10091.519 -3.8052e-19
10092.878  3.5287e-19
10094.236 -7.9743e-19
10095.595 -1.6127e-18
10096.954  1.5831e-18
10098.312  1.9120e-18
10099.671 -1.7245e-19
10101.030  1.5650e-18
10102.389  1.1905e-18
10103.747  5.6255e-19
10105.106  1.7446e-18
10106.465 -1.1816e-18
10107.823 -1.9670e-18
10109.183 -2.8428e-19
10110.541  1.5809e-18
10111.899  1.3933e-18
10113.259 -1.2453e-18
10114.617 -4.8018e-19
10115.976 -8.8561e-19
10117.335  1.7769e-18
10118.693 -2.7865e-19
10120.052 -7.7023e-19
10121.411 -2.6913e-19
10122.770 -3.5873e-18
10124.128  3.1658e-18
10125.487  1.1680e-18
10126.846  1.9725e-18
10128.204 -1.0994e-18
10129.563 -5.0430e-18
10130.922 -3.2092e-18
10132.280  2.0742e-18
10133.640  3.6472e-19
11000.000  0.0000e+00
